<?xml version="2.0" ?>
<Type>saved</Type>
<ActorObjects>
    <Group t0="-182.335" t1="139.675" t2="-98.9501" s0="8.878" s1="11.4594" s2="1.45444" r0="1" r1="0" r2="0" r3="0" r4="0" r5="1" r6="0" r7="0" r8="0" r9="0" r10="1" r11="0" r12="0" r13="0" r14="0" r15="1" id="1667" version="1">
        <parameters />
        <EnvObject t0="-185.111" t1="138.639" t2="-98.5841" s0="2.77375" s1="2.77375" s2="2.77375" r0="-0.99834" r1="-4.40072e-008" r2="0.0576108" r3="0" r4="-5.28101e-008" r5="1" r6="-1.51278e-007" r7="0" r8="-0.0576108" r9="-1.54069e-007" r10="-0.99834" r11="0" r12="0" r13="0" r14="0" r15="1" id="1668" color_r="1" color_g="1" color_b="1" type_file="Data/Objects/Buildings/fence1.xml">
            <parameters />
        </EnvObject>
        <EnvObject t0="-182.362" t1="138.639" t2="-98.7425" s0="2.77375" s1="2.77375" s2="2.77375" r0="-0.99834" r1="-4.40072e-008" r2="0.0576108" r3="0" r4="-5.28101e-008" r5="1" r6="-1.51278e-007" r7="0" r8="-0.0576108" r9="-1.54069e-007" r10="-0.99834" r11="0" r12="0" r13="0" r14="0" r15="1" id="1669" color_r="1" color_g="1" color_b="1" type_file="Data/Objects/Buildings/fence1.xml">
            <parameters />
        </EnvObject>
        <EnvObject t0="-179.574" t1="138.639" t2="-98.9035" s0="2.77375" s1="2.77375" s2="2.77375" r0="-0.99834" r1="-4.40072e-008" r2="0.0576108" r3="0" r4="-5.28101e-008" r5="1" r6="-1.51278e-007" r7="0" r8="-0.0576108" r9="-1.54069e-007" r10="-0.99834" r11="0" r12="0" r13="0" r14="0" r15="1" id="1670" color_r="1" color_g="1" color_b="1" type_file="Data/Objects/Buildings/fence1.xml">
            <parameters />
        </EnvObject>
        <EnvObject t0="-186.37" t1="139.918" t2="-98.6363" s0="4.75811" s1="4.75811" s2="5.34455" r0="-0.214375" r1="0" r2="0.976751" r3="0" r4="-0.976751" r5="5.96046e-008" r6="-0.214375" r7="0" r8="0" r9="-1" r10="5.96046e-008" r11="0" r12="0" r13="0" r14="0" r15="1" id="1671" color_r="1" color_g="1" color_b="1" type_file="Data/Objects/Buildings/PostRound1.xml">
            <parameters />
        </EnvObject>
        <EnvObject t0="-178.3" t1="139.675" t2="-99.2639" s0="4.75811" s1="4.75811" s2="5.61174" r0="-0.214375" r1="0" r2="0.976751" r3="0" r4="-0.976751" r5="5.96046e-008" r6="-0.214375" r7="0" r8="0" r9="-1" r10="5.96046e-008" r11="0" r12="0" r13="0" r14="0" r15="1" id="1672" color_r="1" color_g="1" color_b="1" type_file="Data/Objects/Buildings/PostRound1.xml">
            <parameters />
        </EnvObject>
        <EnvObject t0="-181.002" t1="138.983" t2="-99.0112" s0="4.15585" s1="4.15584" s2="4.15585" r0="0.030405" r1="2.98023e-008" r2="0.999538" r3="0" r4="-0.999538" r5="2.98023e-007" r6="0.0304054" r7="0" r8="-6.85453e-007" r9="-1" r10="-3.27826e-007" r11="0" r12="0" r13="0" r14="0" r15="1" id="1673" color_r="1" color_g="1" color_b="1" type_file="Data/Objects/Buildings/PostRound1.xml">
            <parameters />
        </EnvObject>
        <EnvObject t0="-183.819" t1="138.753" t2="-98.6937" s0="4.15584" s1="4.15585" s2="4.15585" r0="0.0304056" r1="8.9407e-008" r2="0.999538" r3="0" r4="-0.999538" r5="5.96046e-008" r6="0.0304057" r7="0" r8="-1.49012e-007" r9="-1" r10="0" r11="0" r12="0" r13="0" r14="0" r15="1" id="1674" color_r="1" color_g="1" color_b="1" type_file="Data/Objects/Buildings/PostRound1.xml">
            <parameters />
        </EnvObject>
    </Group>
</ActorObjects>
