<?xml version="2.0" ?>
<Type>saved</Type>
<ActorObjects>
    <Group t0="-191.726" t1="136.588" t2="-77.7302" s0="0.497366" s1="2.15905" s2="0.298132" r0="0.832723" r1="-0.396783" r2="-0.38618" r3="0" r4="0.349096" r5="0.917613" r6="-0.190048" r7="0" r8="0.429772" r9="0.023443" r10="0.902633" r11="0" r12="0" r13="0" r14="0" r15="1" id="1265" version="1">
        <parameters />
        <EnvObject t0="-191.424" t1="137.382" t2="-77.8947" s0="1.52985" s1="1.52985" s2="1.52985" r0="0.572709" r1="0.00960329" r2="0.819703" r3="0" r4="0.708426" r5="0.497335" r6="-0.500789" r7="0" r8="-0.412476" r9="0.867505" r10="0.278025" r11="0" r12="0" r13="0" r14="0" r15="1" id="1266" color_r="1" color_g="1" color_b="1" type_file="Data/Objects/Environment/Bones/DogSkull.xml">
            <parameters />
        </EnvObject>
        <EnvObject t0="-191.833" t1="136.583" t2="-77.6623" s0="1" s1="1" s2="1" r0="0.832723" r1="-0.396788" r2="-0.386175" r3="0" r4="-0.429776" r5="-0.0234669" r6="-0.90263" r7="0" r8="0.34909" r9="0.91761" r10="-0.190072" r11="0" r12="0" r13="0" r14="0" r15="1" id="1267" color_r="1" color_g="1" color_b="1" type_file="Data/Objects/Buildings/PostRound1.xml">
            <parameters />
        </EnvObject>
    </Group>
</ActorObjects>
