<?xml version="2.0" ?>
<Type>saved</Type>
<ActorObjects>
    <Group t0="-123.205" t1="122.815" t2="-85.0923" s0="5.30981" s1="16.3897" s2="3.42984" r0="1" r1="0" r2="0" r3="0" r4="0" r5="1" r6="0" r7="0" r8="0" r9="0" r10="1" r11="0" r12="0" r13="0" r14="0" r15="1" id="1227" version="1">
        <parameters />
        <EnvObject t0="-121.03" t1="122.131" t2="-84.1904" s0="4.75811" s1="4.75813" s2="7.3575" r0="-0.804547" r1="-8.9407e-008" r2="0.593889" r3="0" r4="-0.593889" r5="-1.19209e-007" r6="-0.804547" r7="0" r8="2.08616e-007" r9="-1" r10="2.38419e-007" r11="0" r12="0" r13="0" r14="0" r15="1" id="1031" color_r="1" color_g="1" color_b="1" type_file="Data/Objects/Buildings/PostRound1.xml">
            <parameters />
        </EnvObject>
        <EnvObject t0="-124.705" t1="123.5" t2="-86.3296" s0="4.75811" s1="4.75812" s2="7.3575" r0="-0.804547" r1="-2.98023e-008" r2="0.593889" r3="0" r4="-0.593889" r5="-1.19209e-007" r6="-0.804547" r7="0" r8="1.19209e-007" r9="-1" r10="2.38419e-007" r11="0" r12="0" r13="0" r14="0" r15="1" id="1032" color_r="1" color_g="1" color_b="1" type_file="Data/Objects/Buildings/PostRound1.xml">
            <parameters />
        </EnvObject>
        <EnvObject t0="-123.129" t1="125.091" t2="-85.0116" s0="2.77376" s1="2.77375" s2="2.77375" r0="0.0229" r1="-0.994057" r2="0.106499" r3="0" r4="0.829555" r5="0.078346" r6="0.552916" r7="0" r8="-0.55797" r9="0.0756798" r10="0.826405" r11="0" r12="0" r13="0" r14="0" r15="1" id="1050" color_r="1" color_g="1" color_b="1" type_file="Data/Objects/Buildings/fence1.xml">
            <parameters />
        </EnvObject>
        <EnvObject t0="-123.361" t1="121.529" t2="-85.063" s0="2.77375" s1="2.77375" s2="2.77375" r0="-0.189843" r1="-0.981249" r2="-0.0333419" r3="0" r4="0.859213" r5="-0.182474" r6="0.477973" r7="0" r8="-0.475095" r9="0.0620919" r10="0.877741" r11="0" r12="0" r13="0" r14="0" r15="1" id="1051" color_r="1" color_g="1" color_b="1" type_file="Data/Objects/Buildings/fence1.xml">
            <parameters />
        </EnvObject>
        <EnvObject t0="-122.992" t1="128.157" t2="-84.8262" s0="2.77376" s1="2.77375" s2="2.77375" r0="-0.0928934" r1="-0.995491" r2="-0.0192075" r3="0" r4="0.869548" r5="-0.0905083" r6="0.485484" r7="0" r8="-0.485033" r9="0.0283964" r10="0.874035" r11="0" r12="0" r13="0" r14="0" r15="1" id="1052" color_r="1" color_g="1" color_b="1" type_file="Data/Objects/Buildings/fence1.xml">
            <parameters />
        </EnvObject>
    </Group>
</ActorObjects>
