<?xml version="2.0" ?>
<Type>saved</Type>
<ActorObjects>
    <ActorObject t0="-26.718" t1="-0.691922" t2="56.8271" s0="1" s1="1" s2="1" r0="-0.5" r1="-5.16191e-008" r2="-0.866025" r3="0" r4="-5.16191e-008" r5="1" r6="-2.98023e-008" r7="0" r8="0.866025" r9="2.98023e-008" r10="-0.5" r11="0" r12="0" r13="0" r14="0" r15="1" id="1398" type_file="Data/Objects/characters/raider_rabbit_actor.xml" is_player="0">
        <parameters>
            <parameter name="Aggression" type="string" val="0.7000000000000001" />
            <parameter name="Attack Damage" type="string" val="1" />
            <parameter name="Attack Knockback" type="string" val="0.7000000000000001" />
            <parameter name="Attack Speed" type="string" val="1.2000000000000002" />
            <parameter name="Block Follow-up" type="string" val="0.5" />
            <parameter name="Block Skill" type="string" val="0.5" />
            <parameter name="Character Scale" type="string" val="1.04" />
            <parameter name="Damage Resistance" type="string" val="1.3" />
            <parameter name="Ear Size" type="string" val="1" />
            <parameter name="Fat" type="string" val="0.5" />
            <parameter name="Ground Aggression" type="string" val="0.5" />
            <parameter name="Left handed" type="string" val="0" />
            <parameter name="Lives" type="string" val="1" />
            <parameter name="Movement Speed" type="string" val="1" />
            <parameter name="Muscle" type="string" val="0.55" />
            <parameter name="Teams" type="string" val="bandit" />
        </parameters>
        <Connections>
            <Connection id="-1" />
        </Connections>
        <ItemConnections />
        <Palette>
            <Color label="Fur" channel="0" red="0.835294" green="0.811765" blue="0.65098" />
            <Color label="Pants" channel="1" red="0.396078" green="0.0470588" blue="0.0470588" />
            <Color label="Shirt" channel="2" red="0.239216" green="0.121569" blue="0.0627451" />
            <Color label="Leather" channel="3" red="0.603922" green="0.27451" blue="0.27451" />
        </Palette>
        <EnvObjectAttachments>
            <EnvObjectAttachment>
                <BoneConnect bone_id="31" num_connections="1" m0="-0.996088" m1="0.0224118" m2="0.0854779" m3="0" m4="0.0249306" m5="0.999282" m6="0.028514" m7="0" m8="-0.0847775" m9="0.0305334" m10="-0.995932" m11="0" m12="0.00423431" m13="0.531021" m14="0.0964546" m15="1" />
                <BoneConnect bone_id="-1" num_connections="0" m0="1" m1="0" m2="0" m3="0" m4="0" m5="1" m6="0" m7="0" m8="0" m9="0" m10="1" m11="0" m12="0" m13="0" m14="0" m15="1" />
                <BoneConnect bone_id="-1" num_connections="0" m0="1" m1="0" m2="0" m3="0" m4="0" m5="1" m6="0" m7="0" m8="0" m9="0" m10="1" m11="0" m12="0" m13="0" m14="0" m15="1" />
                <BoneConnect bone_id="-1" num_connections="0" m0="1" m1="0" m2="0" m3="0" m4="0" m5="1" m6="0" m7="0" m8="0" m9="0" m10="1" m11="0" m12="0" m13="0" m14="0" m15="1" />
            </EnvObjectAttachment>
            <EnvObjectAttachment>
                <BoneConnect bone_id="2" num_connections="1" m0="0.958933" m1="0.00466378" m2="0.283596" m3="0" m4="-0.0801444" m5="0.963575" m6="0.255149" m7="0" m8="-0.272076" m9="-0.267399" m10="0.924377" m11="0" m12="0.0189514" m13="0.36529" m14="-0.11937" m15="1" />
                <BoneConnect bone_id="30" num_connections="1" m0="0.990595" m1="0.00802999" m2="0.13659" m3="0" m4="-0.0422525" m5="0.967439" m6="0.249554" m7="0" m8="-0.130139" m9="-0.252978" m10="0.958679" m11="0" m12="0.00559616" m13="0.359684" m14="-0.119766" m15="1" />
                <BoneConnect bone_id="-1" num_connections="0" m0="1" m1="0" m2="0" m3="0" m4="0" m5="1" m6="0" m7="0" m8="0" m9="0" m10="1" m11="0" m12="0" m13="0" m14="0" m15="1" />
                <BoneConnect bone_id="-1" num_connections="0" m0="1" m1="0" m2="0" m3="0" m4="0" m5="1" m6="0" m7="0" m8="0" m9="0" m10="1" m11="0" m12="0" m13="0" m14="0" m15="1" />
            </EnvObjectAttachment>
            <EnvObjectAttachment>
                <BoneConnect bone_id="1" num_connections="1" m0="0.995298" m1="0.00907367" m2="0.0964375" m3="0" m4="-0.00185932" m5="0.997209" m6="-0.0746366" m7="0" m8="-0.0968456" m9="0.0741063" m10="0.992537" m11="0" m12="0.00339508" m13="0.117109" m14="-0.132732" m15="1" />
                <BoneConnect bone_id="-1" num_connections="0" m0="1" m1="0" m2="0" m3="0" m4="0" m5="1" m6="0" m7="0" m8="0" m9="0" m10="1" m11="0" m12="0" m13="0" m14="0" m15="1" />
                <BoneConnect bone_id="-1" num_connections="0" m0="1" m1="0" m2="0" m3="0" m4="0" m5="1" m6="0" m7="0" m8="0" m9="0" m10="1" m11="0" m12="0" m13="0" m14="0" m15="1" />
                <BoneConnect bone_id="-1" num_connections="0" m0="1" m1="0" m2="0" m3="0" m4="0" m5="1" m6="0" m7="0" m8="0" m9="0" m10="1" m11="0" m12="0" m13="0" m14="0" m15="1" />
            </EnvObjectAttachment>
            <EnvObjectAttachment>
                <BoneConnect bone_id="7" num_connections="1" m0="-0.0844486" m1="-0.17792" m2="0.980415" m3="0" m4="-0.81454" m5="0.579055" m6="0.0349224" m7="0" m8="-0.573927" m9="-0.795638" m10="-0.193823" m11="0" m12="0.302994" m13="0.304119" m14="-0.0273972" m15="1" />
                <BoneConnect bone_id="6" num_connections="1" m0="-0.00783585" m1="-0.0512295" m2="0.998656" m3="0" m4="-0.810918" m5="0.584683" m6="0.0236306" m7="0" m8="-0.585108" m9="-0.809643" m10="-0.0461244" m11="0" m12="0.307663" m13="0.302441" m14="-0.0343208" m15="1" />
                <BoneConnect bone_id="-1" num_connections="0" m0="1" m1="0" m2="0" m3="0" m4="0" m5="1" m6="0" m7="0" m8="0" m9="0" m10="1" m11="0" m12="0" m13="0" m14="0" m15="1" />
                <BoneConnect bone_id="-1" num_connections="0" m0="1" m1="0" m2="0" m3="0" m4="0" m5="1" m6="0" m7="0" m8="0" m9="0" m10="1" m11="0" m12="0" m13="0" m14="0" m15="1" />
            </EnvObjectAttachment>
        </EnvObjectAttachments>
        <EnvObject t0="-37.9366" t1="-0.743042" t2="63.3843" s0="1.68622" s1="1.1958" s2="1.13342" r0="0.225867" r1="-0.388978" r2="0.893129" r3="0" r4="0.213626" r5="-0.874728" r6="-0.434988" r7="0" r8="0.950446" r9="0.289045" r10="-0.114477" r11="0" r12="0" r13="0" r14="0" r15="1" id="1399" color_r="0.227451" color_g="0.2" color_b="0.156863" type_file="Data/Objects/Environment/Bones/DogSkull.xml">
            <parameters />
        </EnvObject>
        <EnvObject t0="-37.7424" t1="-0.618284" t2="63.469" s0="1.84375" s1="1.10127" s2="1.00005" r0="0.0598581" r1="0.937623" r2="-0.342461" r3="0" r4="-0.550808" r5="-0.255093" r6="-0.794694" r7="0" r8="-0.832483" r9="0.236199" r10="0.501181" r11="0" r12="0" r13="0" r14="0" r15="1" id="1401" color_r="0.647059" color_g="0.172549" color_b="0.172549" type_file="C:\Program Files (x86)\Steam\steamapps\common\Overgrowth\Data\Objects\Gear\rabbit_gear\large_wood_plate.xml">
            <parameters />
        </EnvObject>
        <EnvObject t0="-37.6542" t1="-0.690219" t2="63.6367" s0="1.55595" s1="1.0166" s2="0.910535" r0="0.663278" r1="0.742247" r2="-0.0955582" r3="0" r4="-0.477114" r5="0.321029" r6="-0.818109" r7="0" r8="-0.576562" r9="0.588226" r10="0.567068" r11="0" r12="0" r13="0" r14="0" r15="1" id="1402" color_r="0.647059" color_g="0.172549" color_b="0.172549" type_file="C:\Program Files (x86)\Steam\steamapps\common\Overgrowth\Data\Objects\Gear\rabbit_gear\large_wood_plate.xml">
            <parameters />
        </EnvObject>
        <EnvObject t0="-37.6124" t1="-0.40112" t2="63.5182" s0="1" s1="1" s2="1" r0="-0.450864" r1="0.0360787" r2="0.891863" r3="0" r4="-0.881306" r5="-0.176383" r6="-0.438392" r7="0" r8="0.141493" r9="-0.98366" r10="0.111322" r11="0" r12="0" r13="0" r14="0" r15="1" id="1400" color_r="0.647059" color_g="0.172549" color_b="0.172549" type_file="C:\Program Files (x86)\Steam\steamapps\common\Overgrowth\Data\Objects\Gear\rabbit_gear\large_wood_plate.xml">
            <parameters />
        </EnvObject>
    </ActorObject>
</ActorObjects>
