<?xml version="2.0" ?>
<Type>saved</Type>
<ActorObjects>
    <Group t0="21.438" t1="14.4604" t2="-95.5989" s0="2.55989" s1="3.81117" s2="2.67819" r0="0.800091" r1="-1.50783e-007" r2="-0.599878" r3="0" r4="7.54061e-008" r5="1" r6="-1.50783e-007" r7="0" r8="0.599878" r9="7.54061e-008" r10="0.800091" r11="0" r12="0" r13="0" r14="0" r15="1" id="655" version="1">
        <parameters />
        <Decal t0="21.9079" t1="15.1842" t2="-95.0298" s0="2.34589" s1="1.19739" s2="2.34589" r0="-0.800092" r1="2.98023e-008" r2="0.599878" r3="0" r4="0.599878" r5="-1.19209e-007" r6="0.800092" r7="0" r8="-2.98023e-008" r9="1" r10="-2.38419e-007" r11="0" r12="0" r13="0" r14="0" r15="1" id="656" type_file="Data/Objects/Decals/signs/icon_cat.xml" i="0" color_r="1" color_g="0" color_b="0">
            <parameters />
        </Decal>
        <EnvObject t0="21.4025" t1="14.4604" t2="-95.6463" s0="0.634138" s1="0.634138" s2="0.634138" r0="0.79604" r1="-9.45523e-008" r2="-0.605244" r3="0" r4="1.84151e-008" r5="1" r6="-1.32002e-007" r7="0" r8="0.605244" r9="9.39331e-008" r10="0.79604" r11="0" r12="0" r13="0" r14="0" r15="1" id="657" color_r="1" color_g="1" color_b="1" type_file="Data/Objects/Crete/CreteBlockStandard.xml">
            <parameters />
        </EnvObject>
    </Group>
</ActorObjects>
