<?xml version="2.0" ?>
<Type>saved</Type>
<ActorObjects>
    <Group t0="17.1403" t1="-6.61749" t2="-9.79808" s0="28.7959" s1="26.315" s2="15.1277" r0="1" r1="0" r2="0" r3="0" r4="0" r5="1" r6="0" r7="0" r8="0" r9="0" r10="1" r11="0" r12="0" r13="0" r14="0" r15="1" id="68" version="1">
        <parameters />
        <EnvObject t0="19.1559" t1="-6.90304" t2="-7.73143" s0="0.771942" s1="0.269238" s2="0.907423" r0="-0.896846" r1="0.442343" r2="5.60967e-008" r3="0" r4="0.442343" r5="0.896846" r6="1.09326e-007" r7="0" r8="-1.95048e-009" r9="1.22863e-007" r10="-1" r11="0" r12="0" r13="0" r14="0" r15="1" id="69" color_r="0.2" color_g="0.2" color_b="0.2" type_file="Data/Objects/Crete/sharp_coastal_crete.xml">
            <parameters />
        </EnvObject>
        <EnvObject t0="13.8469" t1="-5.73206" t2="-7.26143" s0="0.771942" s1="0.269238" s2="0.907422" r0="-0.864948" r1="0.274808" r2="-0.419936" r3="0" r4="0.284223" r5="0.957863" r6="0.0414123" r7="0" r8="0.413621" r9="-0.0835359" r10="-0.906608" r11="0" r12="0" r13="0" r14="0" r15="1" id="70" color_r="0.2" color_g="0.2" color_b="0.2" type_file="Data/Objects/Crete/sharp_coastal_crete.xml">
            <parameters />
        </EnvObject>
        <EnvObject t0="9.15568" t1="-5.78619" t2="-10.0466" s0="0.771942" s1="0.269238" s2="0.907422" r0="-0.662395" r1="-0.0845147" r2="-0.744372" r3="0" r4="-0.119373" r5="0.992828" r6="-0.00649714" r7="0" r8="0.739583" r9="0.0845545" r10="-0.667734" r11="0" r12="0" r13="0" r14="0" r15="1" id="71" color_r="0.2" color_g="0.2" color_b="0.2" type_file="Data/Objects/Crete/sharp_coastal_crete.xml">
            <parameters />
        </EnvObject>
        <EnvObject t0="21.3993" t1="-10.3887" t2="-10.4075" s0="-0.744751" s1="0.223507" s2="0.907423" r0="-0.617554" r1="0.76912" r2="0.164567" r3="0" r4="0.684863" r5="0.628716" r6="-0.368346" r7="0" r8="-0.386768" r9="-0.114768" r10="-0.915008" r11="0" r12="0" r13="0" r14="0" r15="1" id="72" color_r="0.2" color_g="0.2" color_b="0.2" type_file="Data/Objects/Crete/sharp_coastal_crete.xml">
            <parameters />
        </EnvObject>
    </Group>
</ActorObjects>
