<?xml version="2.0" ?>
<Type>saved</Type>
<ActorObjects>
    <Group t0="17.5598" t1="21.2028" t2="-140.96" s0="1.23296" s1="1.33575" s2="1.23316" r0="0.649301" r1="-4.99186e-008" r2="0.760532" r3="0" r4="-4.99186e-008" r5="1" r6="1.08254e-007" r7="0" r8="-0.760532" r9="-1.08254e-007" r10="0.649301" r11="0" r12="0" r13="0" r14="0" r15="1" id="806" version="1">
        <parameters />
        <Group t0="17.1258" t1="21.2114" t2="-140.617" s0="1.18081" s1="1.1643" s2="0.117437" r0="0.649301" r1="-1.99674e-007" r2="0.760531" r3="0" r4="-1.99674e-007" r5="1" r6="4.33017e-007" r7="0" r8="-0.760531" r9="-4.33017e-007" r10="0.649301" r11="0" r12="0" r13="0" r14="0" r15="1" id="807" version="1">
            <parameters />
            <EnvObject t0="17.1405" t1="21.2117" t2="-140.635" s0="1.07964" s1="0.613834" s2="0.999737" r0="0.649302" r1="2.29134e-007" r2="0.760531" r3="0" r4="-5.28646e-007" r5="1" r6="1.50048e-007" r7="0" r8="-0.760531" r9="-4.99478e-007" r10="0.649302" r11="0" r12="0" r13="0" r14="0" r15="1" id="808" color_r="1" color_g="1" color_b="1" type_file="Data/Objects/Buildings/Fence1.xml">
                <parameters />
            </EnvObject>
            <EnvObject t0="17.1188" t1="21.7417" t2="-140.602" s0="0.382853" s1="0.382853" s2="0.382853" r0="3.15905e-006" r1="-1" r2="6.85453e-007" r3="0" r4="0.6493" r5="2.68221e-006" r6="0.760532" r7="0" r8="-0.760532" r9="-1.75834e-006" r10="0.6493" r11="0" r12="0" r13="0" r14="0" r15="1" id="809" color_r="1" color_g="1" color_b="1" type_file="Data/Objects/Buildings/Post1.xml">
                <parameters />
            </EnvObject>
            <EnvObject t0="17.1188" t1="20.6827" t2="-140.602" s0="0.382852" s1="0.382853" s2="0.382853" r0="4.05312e-006" r1="-1" r2="1.43051e-006" r3="0" r4="0.6493" r5="3.8743e-006" r6="0.760532" r7="0" r8="-0.760532" r9="-1.75834e-006" r10="0.649301" r11="0" r12="0" r13="0" r14="0" r15="1" id="810" color_r="1" color_g="1" color_b="1" type_file="Data/Objects/Buildings/Post1.xml">
                <parameters />
            </EnvObject>
            <EnvObject t0="17.4648" t1="21.2114" t2="-140.195" s0="0.382852" s1="0.423544" s2="0.396065" r0="0.649302" r1="2.29134e-007" r2="0.760531" r3="0" r4="-5.28646e-007" r5="1" r6="1.50048e-007" r7="0" r8="-0.760531" r9="-4.99478e-007" r10="0.649302" r11="0" r12="0" r13="0" r14="0" r15="1" id="811" color_r="1" color_g="1" color_b="1" type_file="Data/Objects/Buildings/Post1.xml">
                <parameters />
            </EnvObject>
            <EnvObject t0="16.7619" t1="21.2114" t2="-141.018" s0="0.382852" s1="0.423544" s2="0.396065" r0="0.649302" r1="2.29134e-007" r2="0.760531" r3="0" r4="-5.28646e-007" r5="1" r6="1.50048e-007" r7="0" r8="-0.760531" r9="-4.99478e-007" r10="0.649302" r11="0" r12="0" r13="0" r14="0" r15="1" id="812" color_r="1" color_g="1" color_b="1" type_file="Data/Objects/Buildings/Post1.xml">
                <parameters />
            </EnvObject>
        </Group>
        <Group t0="17.2162" t1="21.2114" t2="-141.389" s0="1.18081" s1="1.1643" s2="0.117437" r0="-0.760532" r1="0" r2="0.6493" r3="0" r4="0" r5="1" r6="0" r7="0" r8="-0.6493" r9="0" r10="-0.760532" r11="0" r12="0" r13="0" r14="0" r15="1" id="813" version="1">
            <parameters />
            <EnvObject t0="17.2336" t1="21.2117" t2="-141.374" s0="1.07964" s1="0.613834" s2="0.999737" r0="-0.760532" r1="-2.03478e-007" r2="0.649301" r3="0" r4="5.39014e-007" r5="1" r6="9.44732e-007" r7="0" r8="-0.649301" r9="1.06848e-006" r10="-0.760532" r11="0" r12="0" r13="0" r14="0" r15="1" id="814" color_r="1" color_g="1" color_b="1" type_file="Data/Objects/Buildings/Fence1.xml">
                <parameters />
            </EnvObject>
            <EnvObject t0="17.2007" t1="21.7417" t2="-141.396" s0="0.382853" s1="0.382853" s2="0.382853" r0="9.68575e-007" r1="-1" r2="2.98023e-008" r3="0" r4="-0.760532" r5="-2.83122e-007" r6="0.6493" r7="0" r8="-0.6493" r9="-4.47035e-007" r10="-0.760532" r11="0" r12="0" r13="0" r14="0" r15="1" id="815" color_r="1" color_g="1" color_b="1" type_file="Data/Objects/Buildings/Post1.xml">
                <parameters />
            </EnvObject>
            <EnvObject t0="17.2007" t1="20.6827" t2="-141.396" s0="0.382853" s1="0.382853" s2="0.382853" r0="9.68575e-007" r1="-1" r2="2.98023e-008" r3="0" r4="-0.760532" r5="-2.83122e-007" r6="0.6493" r7="0" r8="-0.6493" r9="-4.47035e-007" r10="-0.760532" r11="0" r12="0" r13="0" r14="0" r15="1" id="816" color_r="1" color_g="1" color_b="1" type_file="Data/Objects/Buildings/Post1.xml">
                <parameters />
            </EnvObject>
            <EnvObject t0="16.794" t1="21.2114" t2="-141.05" s0="0.382853" s1="0.423544" s2="0.396065" r0="-0.760532" r1="-2.03478e-007" r2="0.649301" r3="0" r4="5.39014e-007" r5="1" r6="9.44732e-007" r7="0" r8="-0.649301" r9="1.06848e-006" r10="-0.760532" r11="0" r12="0" r13="0" r14="0" r15="1" id="817" color_r="1" color_g="1" color_b="1" type_file="Data/Objects/Buildings/Post1.xml">
                <parameters />
            </EnvObject>
            <EnvObject t0="17.6173" t1="21.2114" t2="-141.753" s0="0.382853" s1="0.423544" s2="0.396065" r0="-0.760532" r1="-2.03478e-007" r2="0.649301" r3="0" r4="5.39014e-007" r5="1" r6="9.44732e-007" r7="0" r8="-0.649301" r9="1.06848e-006" r10="-0.760532" r11="0" r12="0" r13="0" r14="0" r15="1" id="818" color_r="1" color_g="1" color_b="1" type_file="Data/Objects/Buildings/Post1.xml">
                <parameters />
            </EnvObject>
        </Group>
        <Group t0="17.9138" t1="21.2115" t2="-140.536" s0="1.18112" s1="1.16461" s2="0.117468" r0="0.760532" r1="5.32649e-007" r2="-0.649301" r3="0" r4="-6.97647e-007" r5="1" r6="3.18217e-009" r7="0" r8="0.649301" r9="4.50563e-007" r10="0.760532" r11="0" r12="0" r13="0" r14="0" r15="1" id="819" version="1">
            <parameters />
            <EnvObject t0="17.8964" t1="21.2118" t2="-140.55" s0="1.07993" s1="0.613995" s2="0.999997" r0="0.760532" r1="1.02405e-006" r2="-0.649301" r3="0" r4="-1.43654e-006" r5="1" r6="-1.05481e-007" r7="0" r8="0.649301" r9="1.01297e-006" r10="0.760532" r11="0" r12="0" r13="0" r14="0" r15="1" id="820" color_r="1" color_g="1" color_b="1" type_file="Data/Objects/Buildings/Fence1.xml">
                <parameters />
            </EnvObject>
            <EnvObject t0="17.9293" t1="21.7419" t2="-140.529" s0="0.382953" s1="0.382953" s2="0.382953" r0="1.84774e-006" r1="-1" r2="-7.15256e-007" r3="0" r4="0.760532" r5="1.84774e-006" r6="-0.649301" r7="0" r8="0.649301" r9="7.15256e-007" r10="0.760532" r11="0" r12="0" r13="0" r14="0" r15="1" id="821" color_r="1" color_g="1" color_b="1" type_file="Data/Objects/Buildings/Post1.xml">
                <parameters />
            </EnvObject>
            <EnvObject t0="17.9293" t1="20.6826" t2="-140.529" s0="0.382953" s1="0.382953" s2="0.382952" r0="1.3113e-006" r1="-1" r2="-9.53674e-007" r3="0" r4="0.760532" r5="1.54972e-006" r6="-0.649301" r7="0" r8="0.649301" r9="1.49012e-007" r10="0.760532" r11="0" r12="0" r13="0" r14="0" r15="1" id="822" color_r="1" color_g="1" color_b="1" type_file="Data/Objects/Buildings/Post1.xml">
                <parameters />
            </EnvObject>
            <EnvObject t0="18.3361" t1="21.2115" t2="-140.875" s0="0.382953" s1="0.423655" s2="0.396168" r0="0.760532" r1="1.02405e-006" r2="-0.649301" r3="0" r4="-1.43654e-006" r5="1" r6="-1.05481e-007" r7="0" r8="0.649301" r9="1.01297e-006" r10="0.760532" r11="0" r12="0" r13="0" r14="0" r15="1" id="823" color_r="1" color_g="1" color_b="1" type_file="Data/Objects/Buildings/Post1.xml">
                <parameters />
            </EnvObject>
            <EnvObject t0="17.5127" t1="21.2115" t2="-140.172" s0="0.382953" s1="0.423655" s2="0.396168" r0="0.760532" r1="1.02405e-006" r2="-0.649301" r3="0" r4="-1.43654e-006" r5="1" r6="-1.05481e-007" r7="0" r8="0.649301" r9="1.01297e-006" r10="0.760532" r11="0" r12="0" r13="0" r14="0" r15="1" id="824" color_r="1" color_g="1" color_b="1" type_file="Data/Objects/Buildings/Post1.xml">
                <parameters />
            </EnvObject>
        </Group>
        <Group t0="17.9667" t1="21.2114" t2="-141.335" s0="1.18112" s1="1.16461" s2="0.117468" r0="-0.6493" r1="1.09523e-007" r2="-0.760532" r3="0" r4="7.94452e-008" r5="1" r6="7.61829e-008" r7="0" r8="0.760532" r9="-1.09551e-008" r10="-0.6493" r11="0" r12="0" r13="0" r14="0" r15="1" id="825" version="1">
            <parameters />
            <EnvObject t0="17.9519" t1="21.2117" t2="-141.318" s0="1.07993" s1="0.613995" s2="0.999999" r0="-0.649299" r1="5.41271e-008" r2="-0.760533" r3="0" r4="5.41271e-008" r5="1" r6="2.49594e-008" r7="0" r8="0.760533" r9="-2.49594e-008" r10="-0.649299" r11="0" r12="0" r13="0" r14="0" r15="1" id="826" color_r="1" color_g="1" color_b="1" type_file="Data/Objects/Buildings/Fence1.xml">
                <parameters />
            </EnvObject>
            <EnvObject t0="17.9736" t1="21.7419" t2="-141.351" s0="0.382953" s1="0.382953" s2="0.382953" r0="-1.19209e-007" r1="-1" r2="-1.87755e-006" r3="0" r4="-0.6493" r5="1.72853e-006" r6="-0.760533" r7="0" r8="0.760533" r9="1.04308e-006" r10="-0.649299" r11="0" r12="0" r13="0" r14="0" r15="1" id="827" color_r="1" color_g="1" color_b="1" type_file="Data/Objects/Buildings/Post1.xml">
                <parameters />
            </EnvObject>
            <EnvObject t0="17.9736" t1="20.6825" t2="-141.351" s0="0.382953" s1="0.382953" s2="0.382953" r0="-7.30157e-007" r1="-1" r2="-2.11596e-006" r3="0" r4="-0.649299" r5="2.48849e-006" r6="-0.760533" r7="0" r8="0.760533" r9="6.25849e-007" r10="-0.649299" r11="0" r12="0" r13="0" r14="0" r15="1" id="828" color_r="1" color_g="1" color_b="1" type_file="Data/Objects/Buildings/Post1.xml">
                <parameters />
            </EnvObject>
            <EnvObject t0="17.6275" t1="21.2114" t2="-141.757" s0="0.382953" s1="0.423655" s2="0.396169" r0="-0.649299" r1="5.41271e-008" r2="-0.760533" r3="0" r4="5.41271e-008" r5="1" r6="2.49594e-008" r7="0" r8="0.760533" r9="-2.49594e-008" r10="-0.649299" r11="0" r12="0" r13="0" r14="0" r15="1" id="829" color_r="1" color_g="1" color_b="1" type_file="Data/Objects/Buildings/Post1.xml">
                <parameters />
            </EnvObject>
            <EnvObject t0="18.3306" t1="21.2114" t2="-140.934" s0="0.382953" s1="0.423655" s2="0.396169" r0="-0.649299" r1="5.41271e-008" r2="-0.760533" r3="0" r4="5.41271e-008" r5="1" r6="2.49594e-008" r7="0" r8="0.760533" r9="-2.49594e-008" r10="-0.649299" r11="0" r12="0" r13="0" r14="0" r15="1" id="830" color_r="1" color_g="1" color_b="1" type_file="Data/Objects/Buildings/Post1.xml">
                <parameters />
            </EnvObject>
        </Group>
        <Group t0="17.5542" t1="21.8069" t2="-140.969" s0="1.18081" s1="1.1643" s2="0.117437" r0="0.649301" r1="-9.83477e-007" r2="0.760532" r3="0" r4="0.760532" r5="1.83284e-006" r6="-0.6493" r7="0" r8="-6.25849e-007" r9="1" r10="2.01166e-006" r11="0" r12="0" r13="0" r14="0" r15="1" id="831" version="1">
            <parameters />
            <EnvObject t0="17.5521" t1="21.7844" t2="-140.972" s0="1.07964" s1="0.613833" s2="0.999735" r0="0.649301" r1="-4.47035e-007" r2="0.760532" r3="0" r4="0.760532" r5="3.42727e-007" r6="-0.6493" r7="0" r8="2.38419e-007" r9="1" r10="6.55651e-007" r11="0" r12="0" r13="0" r14="0" r15="1" id="832" color_r="1" color_g="1" color_b="1" type_file="Data/Objects/Buildings/Fence1.xml">
                <parameters />
            </EnvObject>
            <EnvObject t0="17.9623" t1="21.8222" t2="-141.308" s0="0.382852" s1="0.382853" s2="0.382852" r0="-0.760531" r1="-2.68221e-007" r2="0.649301" r3="0" r4="0.649301" r5="4.76837e-007" r6="0.760531" r7="0" r8="-2.08616e-007" r9="1" r10="5.96046e-007" r11="0" r12="0" r13="0" r14="0" r15="1" id="833" color_r="1" color_g="1" color_b="1" type_file="Data/Objects/Buildings/Post1.xml">
                <parameters />
            </EnvObject>
            <EnvObject t0="17.1568" t1="21.8222" t2="-140.621" s0="0.382852" s1="0.382853" s2="0.382852" r0="-0.760531" r1="-3.8743e-007" r2="0.649301" r3="0" r4="0.649301" r5="-1.78814e-007" r6="0.760531" r7="0" r8="5.96046e-008" r9="1" r10="1.07288e-006" r11="0" r12="0" r13="0" r14="0" r15="1" id="834" color_r="1" color_g="1" color_b="1" type_file="Data/Objects/Buildings/Post1.xml">
                <parameters />
            </EnvObject>
            <EnvObject t0="17.9057" t1="21.8232" t2="-140.558" s0="0.382852" s1="0.423543" s2="0.396064" r0="0.649301" r1="-4.47035e-007" r2="0.760532" r3="0" r4="0.760532" r5="3.42727e-007" r6="-0.6493" r7="0" r8="2.38419e-007" r9="1" r10="6.55651e-007" r11="0" r12="0" r13="0" r14="0" r15="1" id="835" color_r="1" color_g="1" color_b="1" type_file="Data/Objects/Buildings/Post1.xml">
                <parameters />
            </EnvObject>
            <EnvObject t0="17.2028" t1="21.8232" t2="-141.381" s0="0.382852" s1="0.423543" s2="0.396064" r0="0.649301" r1="-4.47035e-007" r2="0.760532" r3="0" r4="0.760532" r5="3.42727e-007" r6="-0.6493" r7="0" r8="2.38419e-007" r9="1" r10="6.55651e-007" r11="0" r12="0" r13="0" r14="0" r15="1" id="836" color_r="1" color_g="1" color_b="1" type_file="Data/Objects/Buildings/Post1.xml">
                <parameters />
            </EnvObject>
        </Group>
        <Group t0="17.5543" t1="20.5986" t2="-140.969" s0="1.18081" s1="1.1643" s2="0.117437" r0="-0.6493" r1="-1.49012e-007" r2="-0.760532" r3="0" r4="0.760532" r5="5.36442e-007" r6="-0.6493" r7="0" r8="3.8743e-007" r9="-1" r10="5.96046e-008" r11="0" r12="0" r13="0" r14="0" r15="1" id="837" version="1">
            <parameters />
            <EnvObject t0="17.557" t1="20.6211" t2="-140.967" s0="1.07964" s1="0.613834" s2="0.999738" r0="-0.649301" r1="1.40071e-006" r2="-0.760531" r3="0" r4="0.760531" r5="-2.38419e-007" r6="-0.649301" r7="0" r8="-1.3411e-006" r9="-1" r10="-4.17233e-007" r11="0" r12="0" r13="0" r14="0" r15="1" id="838" color_r="1" color_g="1" color_b="1" type_file="Data/Objects/Buildings/Fence1.xml">
                <parameters />
            </EnvObject>
            <EnvObject t0="17.9529" t1="20.5833" t2="-141.319" s0="0.382853" s1="0.382853" s2="0.382853" r0="-0.760532" r1="-1.78814e-007" r2="0.6493" r3="0" r4="-0.6493" r5="7.7486e-007" r6="-0.760532" r7="0" r8="-1.78814e-007" r9="-1" r10="-1.78814e-007" r11="0" r12="0" r13="0" r14="0" r15="1" id="839" color_r="1" color_g="1" color_b="1" type_file="Data/Objects/Buildings/Post1.xml">
                <parameters />
            </EnvObject>
            <EnvObject t0="17.1475" t1="20.5833" t2="-140.632" s0="0.382853" s1="0.382853" s2="0.382853" r0="-0.760532" r1="1.78814e-007" r2="0.6493" r3="0" r4="-0.6493" r5="8.9407e-007" r6="-0.760532" r7="0" r8="-5.36442e-007" r9="-1" r10="-5.96046e-008" r11="0" r12="0" r13="0" r14="0" r15="1" id="840" color_r="1" color_g="1" color_b="1" type_file="Data/Objects/Buildings/Post1.xml">
                <parameters />
            </EnvObject>
            <EnvObject t0="17.2029" t1="20.5823" t2="-141.381" s0="0.382853" s1="0.423544" s2="0.396065" r0="-0.649301" r1="1.40071e-006" r2="-0.760531" r3="0" r4="0.760531" r5="-2.38419e-007" r6="-0.649301" r7="0" r8="-1.3411e-006" r9="-1" r10="-4.17233e-007" r11="0" r12="0" r13="0" r14="0" r15="1" id="841" color_r="1" color_g="1" color_b="1" type_file="Data/Objects/Buildings/Post1.xml">
                <parameters />
            </EnvObject>
            <EnvObject t0="17.9058" t1="20.5823" t2="-140.558" s0="0.382853" s1="0.423544" s2="0.396065" r0="-0.649301" r1="1.40071e-006" r2="-0.760531" r3="0" r4="0.760531" r5="-2.38419e-007" r6="-0.649301" r7="0" r8="-1.3411e-006" r9="-1" r10="-4.17233e-007" r11="0" r12="0" r13="0" r14="0" r15="1" id="842" color_r="1" color_g="1" color_b="1" type_file="Data/Objects/Buildings/Post1.xml">
                <parameters />
            </EnvObject>
        </Group>
    </Group>
</ActorObjects>
