<?xml version="2.0" ?>
<Type>saved</Type>
<ActorObjects>
    <Group t0="108.01" t1="-41.0822" t2="254.781" s0="7.9537" s1="9.00506" s2="9.04581" r0="1" r1="0" r2="0" r3="0" r4="0" r5="1" r6="0" r7="0" r8="0" r9="0" r10="1" r11="0" r12="0" r13="0" r14="0" r15="1" id="89" version="1">
        <parameters />
        <Group t0="108.01" t1="-41.0822" t2="254.781" s0="7.52305" s1="8.99505" s2="8.67361" r0="0.998771" r1="-2.3539e-007" r2="-0.0495618" r3="0" r4="2.413e-007" r5="1" r6="1.13263e-007" r7="0" r8="0.0495618" r9="-1.25083e-007" r10="0.998771" r11="0" r12="0" r13="0" r14="0" r15="1" id="90" version="1">
            <parameters />
            <EnvObject t0="107.746" t1="-40.5989" t2="251.994" s0="1.01956" s1="1.01956" s2="1.01956" r0="-0.998771" r1="3.546e-007" r2="0.0495618" r3="0" r4="3.7218e-007" r5="1" r6="3.4548e-007" r7="0" r8="-0.0495618" r9="3.63501e-007" r10="-0.998771" r11="0" r12="0" r13="0" r14="0" r15="1" id="91" color_r="1" color_g="1" color_b="1" type_file="Data/Objects/Buildings/stairs1.xml">
                <parameters />
            </EnvObject>
            <EnvObject t0="107.681" t1="-41.4563" t2="251.043" s0="1.01956" s1="1.01956" s2="1.01956" r0="-0.99877" r1="4.73809e-007" r2="0.0495618" r3="0" r4="4.89765e-007" r5="1" r6="3.09806e-007" r7="0" r8="-0.0495618" r9="3.33699e-007" r10="-0.99877" r11="0" r12="0" r13="0" r14="0" r15="1" id="92" color_r="1" color_g="1" color_b="1" type_file="Data/Objects/Buildings/stairs1.xml">
                <parameters />
            </EnvObject>
            <EnvObject t0="108.041" t1="-42.8228" t2="255.408" s0="1.01956" s1="0.362525" s2="1.01956" r0="0.998771" r1="-1.69125e-007" r2="-0.0495617" r3="0" r4="1.80945e-007" r5="1" r6="2.34005e-007" r7="0" r8="0.0495617" r9="-2.42685e-007" r10="0.998771" r11="0" r12="0" r13="0" r14="0" r15="1" id="93" color_r="1" color_g="1" color_b="1" type_file="Data/Objects/Buildings/cat_town/babylon_tower.xml">
                <parameters />
            </EnvObject>
            <EnvObject t0="107.767" t1="-41.6345" t2="251.706" s0="0.33888" s1="0.379195" s2="0.286584" r0="0.998771" r1="-1.63913e-007" r2="-0.0495619" r3="0" r4="0.0389374" r5="0.618697" r6="0.784664" r7="0" r8="0.0306636" r9="-0.78563" r10="0.617937" r11="0" r12="0" r13="0" r14="0" r15="1" id="94" color_r="1" color_g="1" color_b="1" type_file="Data/Objects/Crete/CreteBlockStandard.xml">
                <parameters />
            </EnvObject>
            <EnvObject t0="107.935" t1="-38.4518" t2="255.399" s0="1.01956" s1="1.01956" s2="1.01956" r0="0.998771" r1="-1.69125e-007" r2="-0.0495617" r3="0" r4="1.80945e-007" r5="1" r6="2.34005e-007" r7="0" r8="0.0495617" r9="-2.42685e-007" r10="0.998771" r11="0" r12="0" r13="0" r14="0" r15="1" id="95" color_r="1" color_g="1" color_b="1" type_file="Data/Custom/twowolves/landmark_lantern/jims_lantern.xml">
                <parameters />
            </EnvObject>
            <Group t0="111.118" t1="-38.7669" t2="255.447" s0="1.16181" s1="3.14406" s2="0.62564" r0="0.998771" r1="-1.69125e-007" r2="-0.0495617" r3="0" r4="1.80945e-007" r5="1" r6="2.34005e-007" r7="0" r8="0.0495617" r9="-2.42685e-007" r10="0.998771" r11="0" r12="0" r13="0" r14="0" r15="1" id="96" version="1">
                <parameters />
                <EnvObject t0="111.096" t1="-39.5543" t2="255.43" s0="0.0910002" s1="0.265055" s2="0.142339" r0="0.864961" r1="-0.5" r2="-0.0429223" r3="0" r4="0.499386" r5="0.866025" r6="-0.024781" r7="0" r8="0.0495623" r9="-1.77883e-007" r10="0.998771" r11="0" r12="0" r13="0" r14="0" r15="1" id="97" color_r="1" color_g="1" color_b="1" type_file="Data/Objects/Crete/CreteBlockStandard.xml">
                    <parameters />
                </EnvObject>
                <EnvObject t0="111.384" t1="-38.7708" t2="255.424" s0="0.0909993" s1="0.0922002" s2="0.13659" r0="0.923608" r1="0.380589" r2="-0.0458316" r3="0" r4="-0.380121" r5="0.924744" r6="0.0188636" r7="0" r8="0.0495618" r9="-1.05333e-006" r10="0.998771" r11="0" r12="0" r13="0" r14="0" r15="1" id="98" color_r="1" color_g="1" color_b="1" type_file="Data/Objects/Crete/CreteBlockStandard.xml">
                    <parameters />
                </EnvObject>
                <EnvObject t0="111.415" t1="-38.3976" t2="255.432" s0="0.0909994" s1="0.0922002" s2="0.153863" r0="-0.914584" r1="0.40184" r2="0.045385" r3="0" r4="-0.401346" r5="-0.915709" r6="0.0199152" r7="0" r8="0.0495622" r9="-1.01607e-006" r10="0.998771" r11="0" r12="0" r13="0" r14="0" r15="1" id="99" color_r="1" color_g="1" color_b="1" type_file="Data/Objects/Crete/CreteBlockStandard.xml">
                    <parameters />
                </EnvObject>
                <EnvObject t0="111.18" t1="-37.7982" t2="255.434" s0="0.0827634" s1="0.206877" s2="0.145578" r0="-0.804868" r1="-0.592108" r2="0.0399399" r3="0" r4="0.59138" r5="-0.805858" r6="-0.0293468" r7="0" r8="0.0495624" r9="-6.86385e-007" r10="0.998771" r11="0" r12="0" r13="0" r14="0" r15="1" id="100" color_r="1" color_g="1" color_b="1" type_file="Data/Objects/Crete/CreteBlockStandard.xml">
                    <parameters />
                </EnvObject>
            </Group>
            <Group t0="108.252" t1="-38.9208" t2="257.904" s0="0.625648" s1="3.14407" s2="1.16132" r0="0.998771" r1="-1.69125e-007" r2="-0.0495617" r3="0" r4="1.80945e-007" r5="1" r6="2.34005e-007" r7="0" r8="0.0495617" r9="-2.42685e-007" r10="0.998771" r11="0" r12="0" r13="0" r14="0" r15="1" id="101" version="1">
                <parameters />
                <EnvObject t0="108.269" t1="-39.7081" t2="257.883" s0="0.0910002" s1="0.265055" s2="0.142339" r0="0.0429225" r1="-0.5" r2="0.864961" r3="0" r4="0.0247813" r5="0.866025" r6="0.499386" r7="0" r8="-0.998771" r9="2.08616e-007" r10="0.0495627" r11="0" r12="0" r13="0" r14="0" r15="1" id="102" color_r="1" color_g="1" color_b="1" type_file="Data/Objects/Crete/CreteBlockStandard.xml">
                    <parameters />
                </EnvObject>
                <EnvObject t0="108.275" t1="-38.9247" t2="258.172" s0="0.0909994" s1="0.0922002" s2="0.13659" r0="0.0458351" r1="0.380588" r2="0.923608" r3="0" r4="-0.0188643" r5="0.924745" r6="-0.38012" r7="0" r8="-0.998771" r9="-4.91738e-007" r10="0.0495653" r11="0" r12="0" r13="0" r14="0" r15="1" id="103" color_r="1" color_g="1" color_b="1" type_file="Data/Objects/Crete/CreteBlockStandard.xml">
                    <parameters />
                </EnvObject>
                <EnvObject t0="108.267" t1="-38.5514" t2="258.202" s0="0.0909994" s1="0.0922002" s2="0.153863" r0="-0.0453854" r1="0.40184" r2="-0.914584" r3="0" r4="-0.0199161" r5="-0.915709" r6="-0.401346" r7="0" r8="-0.998771" r9="-4.91738e-007" r10="0.0495636" r11="0" r12="0" r13="0" r14="0" r15="1" id="104" color_r="1" color_g="1" color_b="1" type_file="Data/Objects/Crete/CreteBlockStandard.xml">
                    <parameters />
                </EnvObject>
                <EnvObject t0="108.265" t1="-37.952" t2="257.966" s0="0.0827634" s1="0.206877" s2="0.145578" r0="-0.0399402" r1="-0.592108" r2="-0.804868" r3="0" r4="0.0293466" r5="-0.805858" r6="0.59138" r7="0" r8="-0.998771" r9="-2.98023e-008" r10="0.0495631" r11="0" r12="0" r13="0" r14="0" r15="1" id="105" color_r="1" color_g="1" color_b="1" type_file="Data/Objects/Crete/CreteBlockStandard.xml">
                    <parameters />
                </EnvObject>
            </Group>
            <Group t0="105.165" t1="-38.7677" t2="255.471" s0="1.16171" s1="3.14417" s2="0.62564" r0="0.998771" r1="-1.69125e-007" r2="-0.0495617" r3="0" r4="1.80945e-007" r5="1" r6="2.34005e-007" r7="0" r8="0.0495617" r9="-2.42685e-007" r10="0.998771" r11="0" r12="0" r13="0" r14="0" r15="1" id="106" version="1">
                <parameters />
                <EnvObject t0="105.187" t1="-39.5551" t2="255.488" s0="0.0910002" s1="0.265055" s2="0.142339" r0="-0.864961" r1="-0.499999" r2="0.0429215" r3="0" r4="-0.499385" r5="0.866026" r6="0.0247816" r7="0" r8="-0.0495618" r9="7.69272e-007" r10="-0.998771" r11="0" r12="0" r13="0" r14="0" r15="1" id="107" color_r="1" color_g="1" color_b="1" type_file="Data/Objects/Crete/CreteBlockStandard.xml">
                    <parameters />
                </EnvObject>
                <EnvObject t0="104.899" t1="-38.7716" t2="255.494" s0="0.0909994" s1="0.0922002" s2="0.13659" r0="-0.923607" r1="0.380589" r2="0.045832" r3="0" r4="0.380121" r5="0.924744" r6="-0.0188632" r7="0" r8="-0.049562" r9="-4.82425e-007" r10="-0.99877" r11="0" r12="0" r13="0" r14="0" r15="1" id="1058" color_r="1" color_g="1" color_b="1" type_file="Data/Objects/Crete/CreteBlockStandard.xml">
                    <parameters />
                </EnvObject>
                <EnvObject t0="104.868" t1="-38.3984" t2="255.486" s0="0.0909994" s1="0.0922002" s2="0.153863" r0="0.914585" r1="0.40184" r2="-0.0453846" r3="0" r4="0.401346" r5="-0.915709" r6="-0.0199159" r7="0" r8="-0.0495622" r9="-1.60187e-007" r10="-0.99877" r11="0" r12="0" r13="0" r14="0" r15="1" id="1059" color_r="1" color_g="1" color_b="1" type_file="Data/Objects/Crete/CreteBlockStandard.xml">
                    <parameters />
                </EnvObject>
                <EnvObject t0="105.104" t1="-37.7989" t2="255.484" s0="0.0827634" s1="0.206877" s2="0.145578" r0="0.804868" r1="-0.592108" r2="-0.0399405" r3="0" r4="-0.59138" r5="-0.805858" r6="0.029346" r7="0" r8="-0.0495624" r9="3.86499e-007" r10="-0.99877" r11="0" r12="0" r13="0" r14="0" r15="1" id="1063" color_r="1" color_g="1" color_b="1" type_file="Data/Objects/Crete/CreteBlockStandard.xml">
                    <parameters />
                </EnvObject>
            </Group>
        </Group>
        <EnvObject t0="105.59" t1="-39.5073" t2="253.16" s0="1" s1="1" s2="1" r0="0.320133" r1="4.17021e-007" r2="-0.947372" r3="0" r4="4.17021e-007" r5="1" r6="5.81106e-007" r7="0" r8="0.947372" r9="-5.81106e-007" r10="0.320133" r11="0" r12="0" r13="0" r14="0" r15="1" id="1064" color_r="1" color_g="1" color_b="1" type_file="Data/Custom/markuss/river_fight/Nature/RockSmall_1.xml">
            <parameters />
        </EnvObject>
    </Group>
</ActorObjects>
