<?xml version="2.0" ?>
<Type>saved</Type>
<ActorObjects>
    <Group t0="-56.2545" t1="-19.6445" t2="44.7605" s0="11.4837" s1="9.00505" s2="11.4287" r0="1" r1="0" r2="0" r3="0" r4="0" r5="1" r6="0" r7="0" r8="0" r9="0" r10="1" r11="0" r12="0" r13="0" r14="0" r15="1" id="559" version="1">
        <parameters />
        <Group t0="-56.2545" t1="-19.6445" t2="44.7605" s0="7.52305" s1="8.99505" s2="8.67361" r0="0.682768" r1="-2.04301e-007" r2="-0.730635" r3="0" r4="1.4393e-008" r5="1" r6="-2.66171e-007" r7="0" r8="0.730635" r9="1.71217e-007" r10="0.682768" r11="0" r12="0" r13="0" r14="0" r15="1" id="538" version="1">
            <parameters />
            <EnvObject t0="-58.3836" t1="-19.1612" t2="42.9425" s0="1.01956" s1="1.01956" s2="1.01956" r0="-0.682768" r1="2.63906e-007" r2="0.730635" r3="0" r4="2.29286e-007" r5="1" r6="-1.46936e-007" r7="0" r8="-0.730635" r9="6.72014e-008" r10="-0.682768" r11="0" r12="0" r13="0" r14="0" r15="1" id="539" color_r="1" color_g="1" color_b="1" type_file="Data/Objects/Buildings/stairs1.xml">
                <parameters />
            </EnvObject>
            <EnvObject t0="-59.0917" t1="-20.0186" t2="42.3056" s0="1.01956" s1="1.01956" s2="1.01956" r0="-0.682768" r1="3.83115e-007" r2="0.730635" r3="0" r4="3.10678e-007" r5="1" r6="-2.34034e-007" r7="0" r8="-0.730635" r9="6.72013e-008" r10="-0.682768" r11="0" r12="0" r13="0" r14="0" r15="1" id="540" color_r="1" color_g="1" color_b="1" type_file="Data/Objects/Buildings/stairs1.xml">
                <parameters />
            </EnvObject>
            <EnvObject t0="-55.7958" t1="-21.3851" t2="45.1892" s0="1.01956" s1="0.362525" s2="1.01956" r0="0.682768" r1="-1.56824e-007" r2="-0.730635" r3="0" r4="6.187e-008" r5="1" r6="-1.56824e-007" r7="0" r8="0.730635" r9="6.187e-008" r10="0.682768" r11="0" r12="0" r13="0" r14="0" r15="1" id="541" color_r="1" color_g="1" color_b="1" type_file="Data/Objects/Buildings/cat_town/babylon_tower.xml">
                <parameters />
            </EnvObject>
            <EnvObject t0="-58.5688" t1="-20.1968" t2="42.7211" s0="0.33888" s1="0.379195" s2="0.286584" r0="0.682768" r1="0" r2="-0.730635" r3="0" r4="0.574009" r5="0.618697" r6="0.536403" r7="0" r8="0.452042" r9="-0.78563" r10="0.422427" r11="0" r12="0" r13="0" r14="0" r15="1" id="542" color_r="1" color_g="1" color_b="1" type_file="Data/Objects/Crete/CreteBlockStandard.xml">
                <parameters />
            </EnvObject>
            <EnvObject t0="-55.878" t1="-17.0141" t2="45.2563" s0="1.01956" s1="1.01956" s2="1.01956" r0="0.682768" r1="-1.56824e-007" r2="-0.730635" r3="0" r4="6.187e-008" r5="1" r6="-1.56824e-007" r7="0" r8="0.730635" r9="6.187e-008" r10="0.682768" r11="0" r12="0" r13="0" r14="0" r15="1" id="543" color_r="1" color_g="1" color_b="1" type_file="Data/Custom/twowolves/landmark_lantern/jims_lantern.xml">
                <parameters />
            </EnvObject>
            <Group t0="-53.5588" t1="-17.3292" t2="43.0761" s0="1.16181" s1="3.14406" s2="0.62564" r0="0.682768" r1="-1.56824e-007" r2="-0.730635" r3="0" r4="6.187e-008" r5="1" r6="-1.56824e-007" r7="0" r8="0.730635" r9="6.187e-008" r10="0.682768" r11="0" r12="0" r13="0" r14="0" r15="1" id="544" version="1">
                <parameters />
                <EnvObject t0="-53.5863" t1="-18.1166" t2="43.0786" s0="0.0910002" s1="0.265055" s2="0.142339" r0="0.591294" r1="-0.5" r2="-0.632749" r3="0" r4="0.341384" r5="0.866025" r6="-0.365318" r7="0" r8="0.730635" r9="4.47035e-008" r10="0.682768" r11="0" r12="0" r13="0" r14="0" r15="1" id="545" color_r="1" color_g="1" color_b="1" type_file="Data/Objects/Crete/CreteBlockStandard.xml">
                    <parameters />
                </EnvObject>
                <EnvObject t0="-53.3836" t1="-17.3331" t2="42.8737" s0="0.0909993" s1="0.0922002" s2="0.13659" r0="0.631386" r1="0.380589" r2="-0.67565" r3="0" r4="-0.259853" r5="0.924744" r6="0.278072" r7="0" r8="0.730635" r9="-8.64267e-007" r10="0.682768" r11="0" r12="0" r13="0" r14="0" r15="1" id="546" color_r="1" color_g="1" color_b="1" type_file="Data/Objects/Crete/CreteBlockStandard.xml">
                    <parameters />
                </EnvObject>
                <EnvObject t0="-53.3553" t1="-16.9599" t2="42.8584" s0="0.0909994" s1="0.0922002" s2="0.153863" r0="-0.625216" r1="0.40184" r2="0.66905" r3="0" r4="-0.274364" r5="-0.915709" r6="0.293598" r7="0" r8="0.730635" r9="-4.91738e-007" r10="0.682768" r11="0" r12="0" r13="0" r14="0" r15="1" id="547" color_r="1" color_g="1" color_b="1" type_file="Data/Objects/Crete/CreteBlockStandard.xml">
                    <parameters />
                </EnvObject>
                <EnvObject t0="-53.5236" t1="-16.3605" t2="43.0235" s0="0.0827634" s1="0.206877" s2="0.145578" r0="-0.550214" r1="-0.592108" r2="0.588789" r3="0" r4="0.404272" r5="-0.805858" r6="-0.432615" r7="0" r8="0.730635" r9="-5.81145e-007" r10="0.682768" r11="0" r12="0" r13="0" r14="0" r15="1" id="548" color_r="1" color_g="1" color_b="1" type_file="Data/Objects/Crete/CreteBlockStandard.xml">
                    <parameters />
                </EnvObject>
            </Group>
            <Group t0="-53.9067" t1="-17.4831" t2="46.8351" s0="0.625648" s1="3.14407" s2="1.16132" r0="0.682768" r1="-1.56824e-007" r2="-0.730635" r3="0" r4="6.187e-008" r5="1" r6="-1.56824e-007" r7="0" r8="0.730635" r9="6.187e-008" r10="0.682768" r11="0" r12="0" r13="0" r14="0" r15="1" id="549" version="1">
                <parameters />
                <EnvObject t0="-53.9092" t1="-18.2704" t2="46.8079" s0="0.0910002" s1="0.265055" s2="0.142339" r0="0.632749" r1="-0.5" r2="0.591294" r3="0" r4="0.365318" r5="0.866025" r6="0.341384" r7="0" r8="-0.682768" r9="2.68221e-007" r10="0.730636" r11="0" r12="0" r13="0" r14="0" r15="1" id="550" color_r="1" color_g="1" color_b="1" type_file="Data/Objects/Crete/CreteBlockStandard.xml">
                    <parameters />
                </EnvObject>
                <EnvObject t0="-53.7039" t1="-17.487" t2="47.0109" s0="0.0909994" s1="0.0922002" s2="0.13659" r0="0.675653" r1="0.380588" r2="0.631384" r3="0" r4="-0.278072" r5="0.924745" r6="-0.259852" r7="0" r8="-0.682766" r9="-2.08616e-007" r10="0.730637" r11="0" r12="0" r13="0" r14="0" r15="1" id="551" color_r="1" color_g="1" color_b="1" type_file="Data/Objects/Crete/CreteBlockStandard.xml">
                    <parameters />
                </EnvObject>
                <EnvObject t0="-53.6891" t1="-17.1137" t2="47.0384" s0="0.0909994" s1="0.0922002" s2="0.153863" r0="-0.66905" r1="0.40184" r2="-0.625216" r3="0" r4="-0.293598" r5="-0.915709" r6="-0.274363" r7="0" r8="-0.682767" r9="-5.21541e-007" r10="0.730636" r11="0" r12="0" r13="0" r14="0" r15="1" id="552" color_r="1" color_g="1" color_b="1" type_file="Data/Objects/Crete/CreteBlockStandard.xml">
                    <parameters />
                </EnvObject>
                <EnvObject t0="-53.8543" t1="-16.5143" t2="46.8701" s0="0.0827634" s1="0.206877" s2="0.145578" r0="-0.588788" r1="-0.592108" r2="-0.550214" r3="0" r4="0.432615" r5="-0.805858" r6="0.404272" r7="0" r8="-0.682767" r9="-2.98023e-007" r10="0.730636" r11="0" r12="0" r13="0" r14="0" r15="1" id="553" color_r="1" color_g="1" color_b="1" type_file="Data/Objects/Crete/CreteBlockStandard.xml">
                    <parameters />
                </EnvObject>
            </Group>
            <Group t0="-57.8169" t1="-17.33" t2="47.2355" s0="1.16171" s1="3.14417" s2="0.62564" r0="0.682768" r1="-1.56824e-007" r2="-0.730635" r3="0" r4="6.187e-008" r5="1" r6="-1.56824e-007" r7="0" r8="0.730635" r9="6.187e-008" r10="0.682768" r11="0" r12="0" r13="0" r14="0" r15="1" id="554" version="1">
                <parameters />
                <EnvObject t0="-57.7894" t1="-18.1174" t2="47.233" s0="0.0910002" s1="0.265055" s2="0.142339" r0="-0.591294" r1="-0.499999" r2="0.632748" r3="0" r4="-0.341383" r5="0.866026" r6="0.365317" r7="0" r8="-0.730635" r9="6.70552e-007" r10="-0.682767" r11="0" r12="0" r13="0" r14="0" r15="1" id="555" color_r="1" color_g="1" color_b="1" type_file="Data/Objects/Crete/CreteBlockStandard.xml">
                    <parameters />
                </EnvObject>
                <EnvObject t0="-57.992" t1="-17.3339" t2="47.4379" s0="0.0909994" s1="0.0922002" s2="0.13659" r0="-0.631385" r1="0.380589" r2="0.67565" r3="0" r4="0.259853" r5="0.924744" r6="-0.278072" r7="0" r8="-0.730635" r9="-8.9407e-007" r10="-0.682767" r11="0" r12="0" r13="0" r14="0" r15="1" id="556" color_r="1" color_g="1" color_b="1" type_file="Data/Objects/Crete/CreteBlockStandard.xml">
                    <parameters />
                </EnvObject>
                <EnvObject t0="-58.0203" t1="-16.9607" t2="47.4532" s0="0.0909994" s1="0.0922002" s2="0.153863" r0="0.625217" r1="0.40184" r2="-0.66905" r3="0" r4="0.274363" r5="-0.915709" r6="-0.293598" r7="0" r8="-0.730635" r9="-4.61936e-007" r10="-0.682767" r11="0" r12="0" r13="0" r14="0" r15="1" id="557" color_r="1" color_g="1" color_b="1" type_file="Data/Objects/Crete/CreteBlockStandard.xml">
                    <parameters />
                </EnvObject>
                <EnvObject t0="-57.852" t1="-16.3612" t2="47.2881" s0="0.0827634" s1="0.206877" s2="0.145578" r0="0.550214" r1="-0.592108" r2="-0.588789" r3="0" r4="-0.404272" r5="-0.805858" r6="0.432615" r7="0" r8="-0.730635" r9="1.19209e-007" r10="-0.682767" r11="0" r12="0" r13="0" r14="0" r15="1" id="558" color_r="1" color_g="1" color_b="1" type_file="Data/Objects/Crete/CreteBlockStandard.xml">
                    <parameters />
                </EnvObject>
            </Group>
        </Group>
        <EnvObject t0="-59.1203" t1="-18.0696" t2="45.2806" s0="1" s1="1" s2="1" r0="-0.429374" r1="0" r2="-0.903127" r3="0" r4="0" r5="1" r6="0" r7="0" r8="0.903127" r9="0" r10="-0.429374" r11="0" r12="0" r13="0" r14="0" r15="1" id="563" color_r="1" color_g="1" color_b="1" type_file="Data/Custom/markuss/river_fight/Nature/RockSmall_1.xml">
            <parameters />
        </EnvObject>
    </Group>
</ActorObjects>
