<?xml version="2.0" ?>
<Type>saved</Type>
<ActorObjects>
    <Group t0="-72.372" t1="-10.1174" t2="-190.202" s0="5.59656" s1="3.34882" s2="3.4573" r0="1" r1="0" r2="0" r3="0" r4="0" r5="1" r6="0" r7="0" r8="0" r9="0" r10="1" r11="0" r12="0" r13="0" r14="0" r15="1" id="2638" version="1">
        <parameters />
        <Group t0="-72.4004" t1="-10.0205" t2="-190.202" s0="0.455236" s1="3.14504" s2="3.44729" r0="1" r1="0" r2="0" r3="0" r4="0" r5="1" r6="0" r7="0" r8="0" r9="0" r10="1" r11="0" r12="0" r13="0" r14="0" r15="1" id="2535" version="1">
            <parameters />
            <EnvObject t0="-72.4121" t1="-8.69844" t2="-190.153" s0="1.51886" s1="1.51886" s2="1.51886" r0="1" r1="0" r2="0" r3="0" r4="0" r5="1" r6="0" r7="0" r8="0" r9="0" r10="1" r11="0" r12="0" r13="0" r14="0" r15="1" id="1273" color_r="1" color_g="1" color_b="1" type_file="Data/Objects/Buildings/PostRound1.xml">
                <parameters />
            </EnvObject>
            <Group t0="-72.4175" t1="-10.0333" t2="-191.756" s0="0.312948" s1="3.10944" s2="0.329427" r0="1" r1="0" r2="0" r3="0" r4="0" r5="1" r6="0" r7="0" r8="0" r9="0" r10="1" r11="0" r12="0" r13="0" r14="0" r15="1" id="2536" version="1">
                <parameters />
                <EnvObject t0="-72.424" t1="-10.0333" t2="-191.761" s0="1.51886" s1="1.51886" s2="1.51886" r0="1" r1="0" r2="-0" r3="0" r4="-0" r5="-0.00282156" r6="-0.999996" r7="0" r8="0" r9="0.999996" r10="-0.00282156" r11="0" r12="0" r13="0" r14="0" r15="1" id="1387" color_r="1" color_g="1" color_b="1" type_file="Data/Objects/Buildings/PostRound1.xml">
                    <parameters />
                </EnvObject>
                <EnvObject t0="-72.4175" t1="-8.70031" t2="-191.756" s0="1.51886" s1="1.51886" s2="1.51886" r0="1" r1="0" r2="0" r3="0" r4="0" r5="1" r6="0" r7="0" r8="0" r9="0" r10="1" r11="0" r12="0" r13="0" r14="0" r15="1" id="1388" color_r="1" color_g="1" color_b="1" type_file="Data/Objects/Buildings/RopeBall1.xml">
                    <parameters />
                </EnvObject>
            </Group>
            <Group t0="-72.4004" t1="-10.0077" t2="-188.704" s0="0.445242" s1="3.10944" s2="0.441122" r0="1" r1="0" r2="0" r3="0" r4="0" r5="1" r6="0" r7="0" r8="0" r9="0" r10="1" r11="0" r12="0" r13="0" r14="0" r15="1" id="2537" version="1">
                <parameters />
                <EnvObject t0="-72.4008" t1="-10.0077" t2="-188.696" s0="1.51886" s1="1.51886" s2="1.51886" r0="-0.571437" r1="1.07288e-006" r2="-0.820646" r3="0" r4="-0.820643" r5="-0.00282013" r6="0.571435" r7="0" r8="-0.00231376" r9="0.999996" r10="0.00161242" r11="0" r12="0" r13="0" r14="0" r15="1" id="1389" color_r="1" color_g="1" color_b="1" type_file="Data/Objects/Buildings/PostRound1.xml">
                    <parameters />
                </EnvObject>
                <EnvObject t0="-72.4004" t1="-8.67476" t2="-188.704" s0="1.51886" s1="1.51886" s2="1.51886" r0="-0.571438" r1="-9.95043e-007" r2="-0.820645" r3="0" r4="-1.67305e-007" r5="1" r6="-1.09601e-006" r7="0" r8="0.820645" r9="-4.89006e-007" r10="-0.571438" r11="0" r12="0" r13="0" r14="0" r15="1" id="1390" color_r="1" color_g="1" color_b="1" type_file="Data/Objects/Buildings/RopeBall1.xml">
                    <parameters />
                </EnvObject>
            </Group>
        </Group>
        <Group t0="-72.372" t1="-10.1931" t2="-190.239" s0="5.58657" s1="3.18739" s2="3.24044" r0="1" r1="0" r2="0" r3="0" r4="0" r5="1" r6="0" r7="0" r8="0" r9="0" r10="1" r11="0" r12="0" r13="0" r14="0" r15="1" id="2538" version="1">
            <parameters />
            <EnvObject t0="-73.704" t1="-10.1931" t2="-190.244" s0="0.696391" s1="0.407188" s2="0.504852" r0="0.671629" r1="0.740887" r2="1.08985e-007" r3="0" r4="-0.740887" r5="0.671629" r6="-4.83033e-008" r7="0" r8="-1.08985e-007" r9="-4.83033e-008" r10="1" r11="0" r12="0" r13="0" r14="0" r15="1" id="1391" color_r="0.0352941" color_g="0.0666667" color_b="0.0156863" type_file="Data/Objects/Buildings/shops/shop_tarp.xml">
                <parameters />
            </EnvObject>
            <EnvObject t0="-71.0804" t1="-10.1568" t2="-190.234" s0="0.696391" s1="0.407188" s2="0.504852" r0="0.692709" r1="-0.721217" r2="7.5958e-007" r3="0" r4="0.721217" r5="0.692709" r6="1.94057e-007" r7="0" r8="-6.66125e-007" r9="4.13397e-007" r10="1" r11="0" r12="0" r13="0" r14="0" r15="1" id="1392" color_r="0.0352941" color_g="0.0666667" color_b="0.0156863" type_file="Data/Objects/Buildings/shops/shop_tarp.xml">
                <parameters />
            </EnvObject>
        </Group>
    </Group>
</ActorObjects>
