<?xml version="2.0" ?>
<Type>saved</Type>
<ActorObjects>
    <Group t0="94.0627" t1="-19.0651" t2="102.238" s0="0.339063" s1="0.437309" s2="2.70646" r0="1" r1="0" r2="0" r3="0" r4="0" r5="1" r6="0" r7="0" r8="0" r9="0" r10="1" r11="0" r12="0" r13="0" r14="0" r15="1" id="1173" version="1">
        <parameters />
        <EnvObject t0="93.9618" t1="-19.1293" t2="101.054" s0="0.0250553" s1="0.0491612" s2="0.0320354" r0="0.996384" r1="5.06864e-009" r2="-0.0849607" r3="0" r4="5.06864e-009" r5="1" r6="1.19101e-007" r7="0" r8="0.0849607" r9="-1.19101e-007" r10="0.996384" r11="0" r12="0" r13="0" r14="0" r15="1" id="1149" color_r="1" color_g="0" color_b="0" type_file="Data/Objects/Crete/CreteBlockStandard.xml">
            <parameters />
        </EnvObject>
        <EnvObject t0="93.9607" t1="-18.9171" t2="101.041" s0="0.0250553" s1="0.0491612" s2="0.0320354" r0="0.996384" r1="-7.45058e-008" r2="-0.0849608" r3="0" r4="0.0849608" r5="-4.97093e-008" r6="0.996384" r7="0" r8="-8.56817e-008" r9="-1" r10="-4.28408e-008" r11="0" r12="0" r13="0" r14="0" r15="1" id="1150" color_r="1" color_g="0" color_b="0" type_file="Data/Objects/Crete/CreteBlockStandard.xml">
            <parameters />
        </EnvObject>
        <EnvObject t0="93.9834" t1="-19.0642" t2="101.308" s0="0.0250557" s1="0.0709115" s2="0.0344269" r0="0.996384" r1="2.28066e-007" r2="-0.0849609" r3="0" r4="-2.4834e-007" r5="1" r6="-2.28066e-007" r7="0" r8="0.0849609" r9="2.4834e-007" r10="0.996384" r11="0" r12="0" r13="0" r14="0" r15="1" id="1151" color_r="1" color_g="0" color_b="0" type_file="Data/Objects/Crete/CreteBlockStandard.xml">
            <parameters />
        </EnvObject>
        <EnvObject t0="93.9916" t1="-19.0704" t2="101.405" s0="0.0250552" s1="0.0108174" s2="0.0320354" r0="0.996384" r1="8.19564e-008" r2="-0.0849612" r3="0" r4="0.0849612" r5="3.00701e-007" r6="0.996384" r7="0" r8="9.68575e-008" r9="-1" r10="2.93134e-007" r11="0" r12="0" r13="0" r14="0" r15="1" id="1152" color_r="1" color_g="0" color_b="0" type_file="Data/Objects/Crete/CreteBlockStandard.xml">
            <parameters />
        </EnvObject>
        <EnvObject t0="93.9994" t1="-19.0642" t2="101.496" s0="0.0250557" s1="0.0709115" s2="0.0344269" r0="0.996384" r1="2.33134e-007" r2="-0.084961" r3="0" r4="-2.43272e-007" r5="1" r6="-1.08964e-007" r7="0" r8="0.084961" r9="1.29239e-007" r10="0.996384" r11="0" r12="0" r13="0" r14="0" r15="1" id="1153" color_r="1" color_g="0" color_b="0" type_file="Data/Objects/Crete/CreteBlockStandard.xml">
            <parameters />
        </EnvObject>
        <EnvObject t0="94.0148" t1="-19.0644" t2="101.677" s0="0.0250553" s1="0.0707939" s2="0.0320354" r0="0.996384" r1="5.06864e-009" r2="-0.0849608" r3="0" r4="5.06864e-009" r5="1" r6="1.19101e-007" r7="0" r8="0.0849608" r9="-1.19101e-007" r10="0.996384" r11="0" r12="0" r13="0" r14="0" r15="1" id="1154" color_r="1" color_g="0" color_b="0" type_file="Data/Objects/Crete/CreteBlockStandard.xml">
            <parameters />
        </EnvObject>
        <EnvObject t0="94.0266" t1="-18.9005" t2="101.814" s0="0.0250551" s1="0.0152254" s2="0.0388432" r0="0.996384" r1="8.45742e-008" r2="-0.0849613" r3="0" r4="9.4078e-008" r5="-1" r6="1.07856e-007" r7="0" r8="-0.0849613" r9="-1.15459e-007" r10="-0.996384" r11="0" r12="0" r13="0" r14="0" r15="1" id="1155" color_r="1" color_g="0" color_b="0" type_file="Data/Objects/Crete/CreteBlockStandard.xml">
            <parameters />
        </EnvObject>
        <EnvObject t0="94.0266" t1="-19.0728" t2="101.814" s0="0.0250551" s1="0.0152254" s2="0.0388432" r0="0.996384" r1="8.42574e-008" r2="-0.0849613" r3="0" r4="9.43948e-008" r5="-1" r6="1.153e-007" r7="0" r8="-0.0849613" r9="-1.22903e-007" r10="-0.996384" r11="0" r12="0" r13="0" r14="0" r15="1" id="1156" color_r="1" color_g="0" color_b="0" type_file="Data/Objects/Crete/CreteBlockStandard.xml">
            <parameters />
        </EnvObject>
        <EnvObject t0="94.0266" t1="-19.233" t2="101.814" s0="0.0250551" s1="0.0152254" s2="0.0388432" r0="0.996384" r1="8.42574e-008" r2="-0.0849613" r3="0" r4="9.43948e-008" r5="-1" r6="1.153e-007" r7="0" r8="-0.0849613" r9="-1.22903e-007" r10="-0.996384" r11="0" r12="0" r13="0" r14="0" r15="1" id="1157" color_r="1" color_g="0" color_b="0" type_file="Data/Objects/Crete/CreteBlockStandard.xml">
            <parameters />
        </EnvObject>
        <EnvObject t0="94.0427" t1="-19.0644" t2="102.004" s0="0.0250553" s1="0.0707939" s2="0.0320354" r0="0.996384" r1="5.06864e-009" r2="-0.0849607" r3="0" r4="5.06864e-009" r5="1" r6="1.19101e-007" r7="0" r8="0.0849607" r9="-1.19101e-007" r10="0.996384" r11="0" r12="0" r13="0" r14="0" r15="1" id="1158" color_r="1" color_g="0" color_b="0" type_file="Data/Objects/Crete/CreteBlockStandard.xml">
            <parameters />
        </EnvObject>
        <EnvObject t0="94.0619" t1="-18.9654" t2="102.229" s0="0.025055" s1="0.0369612" s2="0.0212067" r0="0.996384" r1="5.06864e-009" r2="-0.0849608" r3="0" r4="5.06864e-009" r5="1" r6="1.19101e-007" r7="0" r8="0.0849608" r9="-1.19101e-007" r10="0.996384" r11="0" r12="0" r13="0" r14="0" r15="1" id="1159" color_r="1" color_g="0" color_b="0" type_file="Data/Objects/Crete/CreteBlockStandard.xml">
            <parameters />
        </EnvObject>
        <EnvObject t0="94.0532" t1="-18.8846" t2="102.126" s0="0.0250548" s1="0.0207617" s2="0.0146207" r0="0.996384" r1="-5.58794e-008" r2="-0.0849607" r3="0" r4="0.0849607" r5="-4.2608e-008" r6="0.996384" r7="0" r8="-7.07805e-008" r9="-1" r10="-3.72529e-008" r11="0" r12="0" r13="0" r14="0" r15="1" id="1160" color_r="1" color_g="0" color_b="0" type_file="Data/Objects/Crete/CreteBlockStandard.xml">
            <parameters />
        </EnvObject>
        <EnvObject t0="94.0532" t1="-19.0465" t2="102.126" s0="0.0250548" s1="0.0207617" s2="0.0146207" r0="0.996384" r1="1.86265e-008" r2="-0.0849608" r3="0" r4="0.0849608" r5="3.1502e-007" r6="0.996384" r7="0" r8="3.35276e-008" r9="-1" r10="3.12808e-007" r11="0" r12="0" r13="0" r14="0" r15="1" id="1161" color_r="1" color_g="0" color_b="0" type_file="Data/Objects/Crete/CreteBlockStandard.xml">
            <parameters />
        </EnvObject>
        <EnvObject t0="94.0538" t1="-19.1525" t2="102.134" s0="0.0243391" s1="0.0366488" s2="0.0200078" r0="0.996384" r1="1.82539e-007" r2="-0.0849608" r3="0" r4="0.0424806" r5="-0.866025" r6="0.498192" r7="0" r8="-0.0735781" r9="-0.5" r10="-0.862893" r11="0" r12="0" r13="0" r14="0" r15="1" id="1162" color_r="1" color_g="0" color_b="0" type_file="Data/Objects/Crete/CreteBlockStandard.xml">
            <parameters />
        </EnvObject>
        <EnvObject t0="94.0842" t1="-19.2485" t2="102.193" s0="0.0250554" s1="0.01117" s2="0.00953006" r0="0.905375" r1="0" r2="0.424614" r3="0" r4="-0.424614" r5="4.84288e-008" r6="0.905375" r7="0" r8="-8.9407e-008" r9="-1" r10="3.35276e-008" r11="0" r12="0" r13="0" r14="0" r15="1" id="1163" color_r="1" color_g="0" color_b="0" type_file="Data/Objects/Crete/CreteBlockStandard.xml">
            <parameters />
        </EnvObject>
        <EnvObject t0="94.0751" t1="-19.0642" t2="102.384" s0="0.0250557" s1="0.0709115" s2="0.0344269" r0="0.996384" r1="2.33134e-007" r2="-0.084961" r3="0" r4="-2.43272e-007" r5="1" r6="-1.08964e-007" r7="0" r8="0.084961" r9="1.29239e-007" r10="0.996384" r11="0" r12="0" r13="0" r14="0" r15="1" id="1164" color_r="1" color_g="0" color_b="0" type_file="Data/Objects/Crete/CreteBlockStandard.xml">
            <parameters />
        </EnvObject>
        <EnvObject t0="94.0928" t1="-19.0642" t2="102.591" s0="0.0250557" s1="0.0709115" s2="0.0344269" r0="0.996384" r1="2.33134e-007" r2="-0.084961" r3="0" r4="-2.43272e-007" r5="1" r6="-1.08964e-007" r7="0" r8="0.084961" r9="1.29239e-007" r10="0.996384" r11="0" r12="0" r13="0" r14="0" r15="1" id="1165" color_r="1" color_g="0" color_b="0" type_file="Data/Objects/Crete/CreteBlockStandard.xml">
            <parameters />
        </EnvObject>
        <EnvObject t0="94.105" t1="-19.233" t2="102.734" s0="0.0250551" s1="0.0152254" s2="0.0388432" r0="0.996384" r1="8.42574e-008" r2="-0.0849613" r3="0" r4="9.43948e-008" r5="-1" r6="1.153e-007" r7="0" r8="-0.0849613" r9="-1.22903e-007" r10="-0.996384" r11="0" r12="0" r13="0" r14="0" r15="1" id="1166" color_r="1" color_g="0" color_b="0" type_file="Data/Objects/Crete/CreteBlockStandard.xml">
            <parameters />
        </EnvObject>
        <EnvObject t0="94.1172" t1="-19.0642" t2="102.877" s0="0.0250557" s1="0.0709115" s2="0.0344268" r0="0.996384" r1="2.33134e-007" r2="-0.084961" r3="0" r4="-2.43272e-007" r5="1" r6="-1.08964e-007" r7="0" r8="0.084961" r9="1.29239e-007" r10="0.996384" r11="0" r12="0" r13="0" r14="0" r15="1" id="1167" color_r="1" color_g="0" color_b="0" type_file="Data/Objects/Crete/CreteBlockStandard.xml">
            <parameters />
        </EnvObject>
        <EnvObject t0="94.1333" t1="-19.0642" t2="103.066" s0="0.0250557" s1="0.0709115" s2="0.0344268" r0="0.996384" r1="2.33134e-007" r2="-0.084961" r3="0" r4="-2.43272e-007" r5="1" r6="-1.08964e-007" r7="0" r8="0.084961" r9="1.29239e-007" r10="0.996384" r11="0" r12="0" r13="0" r14="0" r15="1" id="1168" color_r="1" color_g="0" color_b="0" type_file="Data/Objects/Crete/CreteBlockStandard.xml">
            <parameters />
        </EnvObject>
        <EnvObject t0="94.1524" t1="-19.1578" t2="103.29" s0="0.0250556" s1="0.0396832" s2="0.0344267" r0="0.996384" r1="2.33134e-007" r2="-0.0849609" r3="0" r4="-2.43272e-007" r5="1" r6="-1.08964e-007" r7="0" r8="0.0849609" r9="1.29239e-007" r10="0.996384" r11="0" r12="0" r13="0" r14="0" r15="1" id="1169" color_r="1" color_g="0" color_b="0" type_file="Data/Objects/Crete/CreteBlockStandard.xml">
            <parameters />
        </EnvObject>
        <EnvObject t0="94.1715" t1="-19.0642" t2="103.514" s0="0.0250556" s1="0.0709113" s2="0.0344267" r0="0.996384" r1="2.33134e-007" r2="-0.0849609" r3="0" r4="-2.43272e-007" r5="1" r6="-1.08964e-007" r7="0" r8="0.0849609" r9="1.29239e-007" r10="0.996384" r11="0" r12="0" r13="0" r14="0" r15="1" id="1170" color_r="1" color_g="0" color_b="0" type_file="Data/Objects/Crete/CreteBlockStandard.xml">
            <parameters />
        </EnvObject>
        <EnvObject t0="94.1438" t1="-19.0354" t2="103.19" s0="0.0243396" s1="0.0608714" s2="0.0200077" r0="0.996384" r1="1.84402e-007" r2="-0.0849608" r3="0" r4="0.0424806" r5="-0.866025" r6="0.498193" r7="0" r8="-0.0735781" r9="-0.5" r10="-0.862894" r11="0" r12="0" r13="0" r14="0" r15="1" id="1171" color_r="1" color_g="0" color_b="0" type_file="Data/Objects/Crete/CreteBlockStandard.xml">
            <parameters />
        </EnvObject>
        <EnvObject t0="94.1613" t1="-19.0305" t2="103.394" s0="0.0243395" s1="0.0608712" s2="0.0200076" r0="0.996384" r1="1.67638e-007" r2="-0.0849608" r3="0" r4="-0.0424802" r5="-0.866026" r6="-0.498192" r7="0" r8="-0.0735783" r9="0.5" r10="-0.862894" r11="0" r12="0" r13="0" r14="0" r15="1" id="1172" color_r="1" color_g="0" color_b="0" type_file="Data/Objects/Crete/CreteBlockStandard.xml">
            <parameters />
        </EnvObject>
    </Group>
</ActorObjects>
