<?xml version="2.0" ?>
<Type>saved</Type>
<ActorObjects>
    <Group t0="-189.074" t1="2.12204" t2="119.956" s0="6.97948" s1="6.73956" s2="11.7864" r0="1" r1="0" r2="0" r3="0" r4="0" r5="1" r6="0" r7="0" r8="0" r9="0" r10="1" r11="0" r12="0" r13="0" r14="0" r15="1" id="144" version="1">
        <parameters />
        <EnvObject t0="-186.105" t1="0.988127" t2="125.336" s0="0.617619" s1="24.5969" s2="0.617619" r0="1" r1="0" r2="0" r3="0" r4="0" r5="1" r6="0" r7="0" r8="0" r9="0" r10="1" r11="0" r12="0" r13="0" r14="0" r15="1" id="137" color_r="1" color_g="1" color_b="1" type_file="C:\Program Files (x86)\Steam\steamapps\common\Overgrowth\Data\Custom\timbles\therium-2\Objects\thinrope.xml">
            <parameters />
        </EnvObject>
        <EnvObject t0="-190.549" t1="4.57007" t2="117.33" s0="2.64755" s1="2.64755" s2="2.64755" r0="0.181922" r1="0.98158" r2="0.0582959" r3="0" r4="-0.482213" r5="0.140726" r6="-0.864673" r7="0" r8="-0.856952" r9="0.129188" r10="0.498937" r11="0" r12="0" r13="0" r14="0" r15="1" id="106" color_r="1" color_g="1" color_b="1" type_file="Data/Objects/Buildings/Post1.xml">
            <parameters />
        </EnvObject>
        <EnvObject t0="-187.529" t1="4.03028" t2="122.532" s0="2.64755" s1="2.64755" s2="2.64755" r0="0.163302" r1="0.976178" r2="0.142887" r3="0" r4="-0.442292" r5="0.201897" r6="-0.873856" r7="0" r8="-0.881884" r9="0.0795088" r10="0.46472" r11="0" r12="0" r13="0" r14="0" r15="1" id="138" color_r="1" color_g="1" color_b="1" type_file="Data/Objects/Buildings/Post1.xml">
            <parameters />
        </EnvObject>
        <EnvObject t0="-190.968" t1="2.64304" t2="116.591" s0="0.617619" s1="24.5969" s2="0.617619" r0="1" r1="0" r2="0" r3="0" r4="0" r5="1" r6="0" r7="0" r8="0" r9="0" r10="1" r11="0" r12="0" r13="0" r14="0" r15="1" id="141" color_r="1" color_g="1" color_b="1" type_file="C:\Program Files (x86)\Steam\steamapps\common\Overgrowth\Data\Custom\timbles\therium-2\Objects\thinrope.xml">
            <parameters />
        </EnvObject>
        <EnvObject t0="-189.199" t1="4.38122" t2="119.757" s0="7.59837" s1="8.93377" s2="7.59837" r0="0.0376806" r1="0.936637" r2="-0.348254" r3="0" r4="-0.713063" r5="-0.21895" r6="-0.666025" r7="0" r8="-0.70008" r9="0.273421" r10="0.659641" r11="0" r12="0" r13="0" r14="0" r15="1" id="140" color_r="1" color_g="1" color_b="1" type_file="C:\Program Files (x86)\Steam\steamapps\common\Overgrowth\Data\Custom\timbles\therium-2\Objects\thinrope.xml">
            <parameters />
        </EnvObject>
        <EnvObject t0="-186.218" t1="3.36864" t2="125.256" s0="3.8767" s1="4.55803" s2="3.8767" r0="-0.187838" r1="-0.981854" r2="0.0259637" r3="0" r4="-0.530066" r5="0.0790851" r6="-0.844258" r7="0" r8="0.826886" r9="-0.172348" r10="-0.535302" r11="0" r12="0" r13="0" r14="0" r15="1" id="142" color_r="1" color_g="1" color_b="1" type_file="C:\Program Files (x86)\Steam\steamapps\common\Overgrowth\Data\Custom\timbles\therium-2\Objects\thinrope.xml">
            <parameters />
        </EnvObject>
        <EnvObject t0="-190.946" t1="4.69465" t2="116.635" s0="3.8767" s1="4.55802" s2="3.8767" r0="0.301537" r1="0.939358" r2="0.163347" r3="0" r4="0.47469" r5="-0.296485" r6="0.828713" r7="0" r8="0.826888" r9="-0.172349" r10="-0.535305" r11="0" r12="0" r13="0" r14="0" r15="1" id="143" color_r="1" color_g="1" color_b="1" type_file="C:\Program Files (x86)\Steam\steamapps\common\Overgrowth\Data\Custom\timbles\therium-2\Objects\thinrope.xml">
            <parameters />
        </EnvObject>
    </Group>
</ActorObjects>
