<?xml version="2.0" ?>
<Type>saved</Type>
<Name></Name>
<Description></Description>
<Shader>post</Shader>
<Terrain>
    <Heightmap>Data/Textures/Terrain/forest_hills/forest_hills_hm.png</Heightmap>
    <DetailMap></DetailMap>
    <ColorMap>Data/Textures/Terrain/shielded_stands/shielded_stands_winter_c.tga</ColorMap>
    <WeightMap>Data/Textures/Terrain/shielded_stands/shielded_stands_winter_w.tga</WeightMap>
    <DetailMaps>
        <DetailMap colorpath="Data/Textures/Terrain/DetailTextures/grass.tga" normalpath="Data/Textures/Terrain/DetailTextures/grass_normal.png" materialpath="Data/Materials/grass.xml" />
        <DetailMap colorpath="Data/Textures/Terrain/DetailTextures/grass_stones_c.tga" normalpath="Data/Textures/Terrain/DetailTextures/grass_stones_n.tga" materialpath="Data/Materials/gravel.xml" />
        <DetailMap colorpath="Data/Textures/Terrain/DetailTextures/rubble_rocks_c.tga" normalpath="Data/Textures/Terrain/DetailTextures/rubble_rocks_n.tga" materialpath="Data/Materials/rocks.xml" />
        <DetailMap colorpath="Data/Textures/Terrain/DetailTextures/snow.tga" normalpath="Data/Textures/Terrain/DetailTextures/snow_normal.tga" materialpath="Data/Materials/snow.xml" />
    </DetailMaps>
    <DetailObjects>
        <DetailObject obj_path="Data/Objects/Plants/Groundcover/Grass/WildGrass.xml" weight_path="Data/Textures/Terrain/shielded_stands/shielded_stands_winter_grass.png" normal_conform="0.5" density="8" min_embed="0" max_embed="0.4" min_scale="0.7" max_scale="1" view_distance="40" jitter_degrees="10" overbright="0.4" />
        <DetailObject obj_path="Data/Objects/Environment/Rocks/lichen_rock_c.xml" weight_path="Data/Textures/Terrain/shielded_stands/shielded_stands_winter_rocks.png" normal_conform="0.9" density="0.6" min_embed="0.4" max_embed="0.6" min_scale="0.1" max_scale="0.8" view_distance="30" jitter_degrees="30" overbright="0.2" collision_type="static" />
    </DetailObjects>
</Terrain>
<OutOfDate Shadow="true" AO="true" NavMesh="true" />
<SpawnPoints>
    <SpawnPoint t0="-42" t1="28" t2="44" s0="1" s1="1" s2="1" r0="1" r1="0" r2="0" r3="0" r4="0" r5="1" r6="0" r7="0" r8="0" r9="0" r10="1" r11="0" r12="0" r13="0" r14="0" r15="1" />
</SpawnPoints>
<AmbientSounds>
    <Ambient path="Data/Sounds/ambient/amb_ice_wind" />
</AmbientSounds>
<Script></Script>
<LevelScriptParameters>
    <parameter name="Achievements" type="string" val="flawless, no_alert, no_injuries" />
    <parameter name="Level Boundaries" type="int" val="1" />
    <parameter name="Objectives" type="string" val="destroy_all" />
</LevelScriptParameters>
<Sky>
    <DomeTexture>Data/Custom/timbles/therium-2/Textures/Skies/beginning.tga</DomeTexture>
    <SunAngularRad>0.236356</SunAngularRad>
    <SunColorAngle>309.999</SunColorAngle>
    <RayToSun r0="-0.885156" r1="0.464155" r2="-0.0325424" />
    <ExtraAO>0.5</ExtraAO>
    <SkyRotation>0</SkyRotation>
</Sky>
<ActorObjects>
    <ActorObject t0="216.105" t1="-49.5933" t2="130.889" s0="1" s1="1" s2="1" r0="1" r1="0" r2="-3.57628e-007" r3="0" r4="0" r5="1" r6="0" r7="0" r8="3.57628e-007" r9="0" r10="1" r11="0" r12="0" r13="0" r14="0" r15="1" id="1" type_file="Data/Custom/timbles/therium-2/Objects/IGF_Characters/ghost.xml" is_player="1">
        <parameters>
            <parameter name="Aggression" type="float" val="0.5" />
            <parameter name="Attack Damage" type="float" val="1" />
            <parameter name="Attack Knockback" type="float" val="1" />
            <parameter name="Attack Speed" type="float" val="1" />
            <parameter name="Block Follow-up" type="float" val="0.5" />
            <parameter name="Block Skill" type="float" val="0.5" />
            <parameter name="Character Scale" type="float" val="1" />
            <parameter name="Damage Resistance" type="float" val="1" />
            <parameter name="Ear Size" type="float" val="1" />
            <parameter name="Fat" type="float" val="0.5" />
            <parameter name="Ground Aggression" type="float" val="0.5" />
            <parameter name="Left handed" type="int" val="0" />
            <parameter name="Lives" type="int" val="1" />
            <parameter name="Movement Speed" type="float" val="1" />
            <parameter name="Muscle" type="float" val="0.5" />
            <parameter name="Teams" type="string" val="player, Ghost" />
        </parameters>
        <Connections>
            <Connection id="-1" />
        </Connections>
        <ItemConnections />
        <Palette />
    </ActorObject>
    <EnvObject t0="251.598" t1="-13.2507" t2="267.779" s0="1" s1="1" s2="1" r0="0.926964" r1="0.0647909" r2="-0.369514" r3="0" r4="-0.0309222" r5="0.994817" r6="0.0968606" r7="0" r8="0.373874" r9="-0.0783601" r10="0.924163" r11="0" r12="0" r13="0" r14="0" r15="1" id="2" color_r="1" color_g="1" color_b="1" type_file="Data/Objects/Environment/Land/jagged_outcrop.xml">
        <parameters />
    </EnvObject>
    <EnvObject t0="68.9014" t1="-22.3181" t2="56.2431" s0="2.91361" s1="2.83436" s2="2.76708" r0="-0.246494" r1="0.0992704" r2="-0.964047" r3="0" r4="-0.866553" r5="0.422852" r6="0.265108" r7="0" r8="0.433966" r9="0.900745" r10="-0.0182073" r11="0" r12="0" r13="0" r14="0" r15="1" id="3" color_r="0.670588" color_g="0.694118" color_b="0.717647" type_file="Data/Objects/Environment/Rocks/coast_rock_large.xml">
        <parameters />
    </EnvObject>
    <EnvObject t0="344.722" t1="-11.484" t2="176.735" s0="1" s1="1" s2="1" r0="-0.00232942" r1="-0.0318379" r2="0.99949" r3="0" r4="0.262374" r5="0.964457" r6="0.0313334" r7="0" r8="-0.964963" r9="0.262314" r10="0.00610679" r11="0" r12="0" r13="0" r14="0" r15="1" id="4" color_r="1" color_g="1" color_b="1" type_file="Data/Objects/Environment/Land/jagged_outcrop.xml">
        <parameters />
    </EnvObject>
    <EnvObject t0="296.062" t1="-37.1604" t2="186.227" s0="1" s1="1" s2="1" r0="0.0369274" r1="-0.0545317" r2="-0.997829" r3="0" r4="0.403241" r5="0.914422" r6="-0.0350505" r7="0" r8="0.914348" r9="-0.401071" r10="0.0557567" r11="0" r12="0" r13="0" r14="0" r15="1" id="5" color_r="1" color_g="1" color_b="1" type_file="Data/Objects/Environment/Land/jagged_outcrop.xml">
        <parameters />
    </EnvObject>
    <EnvObject t0="170.605" t1="15.9826" t2="-42.4618" s0="1.25702" s1="1.25702" s2="1.25702" r0="0.902379" r1="-0.0389067" r2="0.429183" r3="0" r4="0.0357651" r5="0.999242" r6="0.0153863" r7="0" r8="-0.429456" r9="0.00146549" r10="0.903087" r11="0" r12="0" r13="0" r14="0" r15="1" id="6" color_r="1" color_g="1" color_b="1" type_file="Data/Objects/Environment/Land/jagged_outcrop.xml">
        <parameters />
    </EnvObject>
    <EnvObject t0="124.326" t1="24.3789" t2="-68.5059" s0="1.25702" s1="1.25702" s2="1.25702" r0="0.999516" r1="-0.0234174" r2="0.0204974" r3="0" r4="0.0235165" r5="0.999713" r6="-0.00460607" r7="0" r8="-0.0203837" r9="0.00508587" r10="0.999779" r11="0" r12="0" r13="0" r14="0" r15="1" id="7" color_r="1" color_g="1" color_b="1" type_file="Data/Objects/Environment/Land/jagged_outcrop.xml">
        <parameters />
    </EnvObject>
    <EnvObject t0="69.9618" t1="-15.3287" t2="24.4591" s0="2.91361" s1="2.83436" s2="2.76708" r0="0.955633" r1="-0.209769" r2="-0.206789" r3="0" r4="0.00263011" r5="0.708079" r6="-0.706128" r7="0" r8="0.294547" r9="0.674256" r10="0.677216" r11="0" r12="0" r13="0" r14="0" r15="1" id="8" color_r="0.670588" color_g="0.694118" color_b="0.717647" type_file="Data/Objects/Environment/Rocks/coast_rock_large.xml">
        <parameters />
    </EnvObject>
    <EnvObject t0="153.472" t1="20.5785" t2="-24.5775" s0="2.91361" s1="2.83436" s2="2.76708" r0="-0.160561" r1="-0.949061" r2="0.271115" r3="0" r4="0.444295" r5="0.175783" r6="0.878466" r7="0" r8="-0.881375" r9="0.261502" r10="0.393439" r11="0" r12="0" r13="0" r14="0" r15="1" id="9" color_r="0.670588" color_g="0.694118" color_b="0.717647" type_file="Data/Objects/Environment/Rocks/coast_rock_large.xml">
        <parameters />
    </EnvObject>
    <EnvObject t0="230.213" t1="3.86361" t2="1.41291" s0="3.83041" s1="3.72623" s2="3.63778" r0="-0.168297" r1="-0.846056" r2="0.505831" r3="0" r4="0.888574" r5="0.0919428" r6="0.449425" r7="0" r8="-0.426746" r9="0.525105" r10="0.73631" r11="0" r12="0" r13="0" r14="0" r15="1" id="10" color_r="0.670588" color_g="0.694118" color_b="0.717647" type_file="Data/Objects/Environment/Rocks/coast_rock_large.xml">
        <parameters />
    </EnvObject>
    <EnvObject t0="237.789" t1="-3.49925" t2="11.4139" s0="3.83041" s1="3.72623" s2="3.63778" r0="-0.499051" r1="-0.77204" r2="0.393577" r3="0" r4="0.514091" r5="0.101858" r6="0.851666" r7="0" r8="-0.697609" r9="0.627359" r10="0.346067" r11="0" r12="0" r13="0" r14="0" r15="1" id="11" color_r="0.670588" color_g="0.694118" color_b="0.717647" type_file="Data/Objects/Environment/Rocks/coast_rock_large.xml">
        <parameters />
    </EnvObject>
    <EnvObject t0="262.309" t1="-24.135" t2="41.5728" s0="3.83041" s1="3.72623" s2="3.63778" r0="-0.174211" r1="0.389334" r2="-0.904472" r3="0" r4="-0.95832" r5="0.144182" r6="0.246647" r7="0" r8="0.226436" r9="0.909742" r10="0.347988" r11="0" r12="0" r13="0" r14="0" r15="1" id="12" color_r="0.670588" color_g="0.694118" color_b="0.717647" type_file="Data/Objects/Environment/Rocks/coast_rock_large.xml">
        <parameters />
    </EnvObject>
    <EnvObject t0="31.8804" t1="-35.0373" t2="136.076" s0="2.91361" s1="2.83436" s2="2.76708" r0="-0.651351" r1="0.110021" r2="-0.750758" r3="0" r4="-0.689018" r5="0.328642" r6="0.645948" r7="0" r8="0.317798" r9="0.938024" r10="-0.138255" r11="0" r12="0" r13="0" r14="0" r15="1" id="13" color_r="0.670588" color_g="0.694118" color_b="0.717647" type_file="Data/Objects/Environment/Rocks/coast_rock_large.xml">
        <parameters />
    </EnvObject>
    <EnvObject t0="87.9503" t1="-27.9104" t2="351.934" s0="1.35352" s1="1.0286" s2="1.30006" r0="0.999867" r1="-0.0112945" r2="0.0117773" r3="0" r4="0.010607" r5="0.998324" r6="0.0568888" r7="0" r8="-0.0124001" r9="-0.0567563" r10="0.998311" r11="0" r12="0" r13="0" r14="0" r15="1" id="14" color_r="1" color_g="1" color_b="1" type_file="Data/Objects/Environment/Land/jagged_outcrop.xml">
        <parameters />
    </EnvObject>
    <EnvObject t0="99.4004" t1="-45.764" t2="181.066" s0="2.7017" s1="2.7017" s2="2.7017" r0="1" r1="0" r2="0" r3="0" r4="0" r5="1" r6="0" r7="0" r8="0" r9="0" r10="1" r11="0" r12="0" r13="0" r14="0" r15="1" id="15" color_r="1" color_g="1" color_b="1" type_file="Data/Objects/Environment/Rocks/strata_rocks/strata_rock_block.xml">
        <parameters />
    </EnvObject>
    <EnvObject t0="86.8948" t1="-44.328" t2="191.263" s0="2.55061" s1="2.55061" s2="2.55061" r0="1" r1="0" r2="0" r3="0" r4="0" r5="1" r6="0" r7="0" r8="0" r9="0" r10="1" r11="0" r12="0" r13="0" r14="0" r15="1" id="22" color_r="1" color_g="1" color_b="1" type_file="Data/Objects/Environment/Rocks/strata_rocks/strata_rock_capital.xml">
        <parameters />
    </EnvObject>
    <EnvObject t0="83.1496" t1="-37.7509" t2="175.538" s0="1.3705" s1="1.89991" s2="1.3705" r0="0.538922" r1="-1.04569e-007" r2="-0.842356" r3="0" r4="1.04569e-007" r5="1" r6="-5.72377e-008" r7="0" r8="0.842356" r9="-5.72377e-008" r10="0.538922" r11="0" r12="0" r13="0" r14="0" r15="1" id="23" color_r="1" color_g="1" color_b="1" type_file="Data/Objects/Environment/Rocks/strata_rocks/strata_rock_capital.xml">
        <parameters />
    </EnvObject>
    <EnvObject t0="156.443" t1="-44.2674" t2="244.874" s0="5.69961" s1="5.69961" s2="5.69961" r0="1" r1="0" r2="0" r3="0" r4="0" r5="1" r6="0" r7="0" r8="0" r9="0" r10="1" r11="0" r12="0" r13="0" r14="0" r15="1" id="24" color_r="1" color_g="1" color_b="1" type_file="Data/Objects/Environment/Rocks/strata_rocks/strata_rock_boulder.xml">
        <parameters />
    </EnvObject>
    <EnvObject t0="154.38" t1="-35.9295" t2="252.019" s0="5.69961" s1="5.69961" s2="5.69961" r0="1" r1="0" r2="0" r3="0" r4="0" r5="1" r6="0" r7="0" r8="0" r9="0" r10="1" r11="0" r12="0" r13="0" r14="0" r15="1" id="25" color_r="1" color_g="1" color_b="1" type_file="Data/Objects/Environment/Rocks/strata_rocks/strata_rock_boulder.xml">
        <parameters />
    </EnvObject>
    <EnvObject t0="150.018" t1="-46.5812" t2="242.814" s0="1.4986" s1="1.4986" s2="1.4986" r0="1" r1="0" r2="0" r3="0" r4="0" r5="1" r6="0" r7="0" r8="0" r9="0" r10="1" r11="0" r12="0" r13="0" r14="0" r15="1" id="26" color_r="1" color_g="1" color_b="1" type_file="Data/Objects/Environment/Rocks/strata_rocks/strata_rock_capital.xml">
        <parameters />
    </EnvObject>
    <EnvObject t0="19.8468" t1="-19.3634" t2="111.112" s0="2.46435" s1="2.46435" s2="2.46435" r0="1" r1="0" r2="0" r3="0" r4="0" r5="1" r6="0" r7="0" r8="0" r9="0" r10="1" r11="0" r12="0" r13="0" r14="0" r15="1" id="27" color_r="1" color_g="1" color_b="1" type_file="Data/Objects/Environment/Rocks/strata_rocks/strata_rock_block.xml">
        <parameters />
    </EnvObject>
    <EnvObject t0="32.1244" t1="-25.18" t2="126.602" s0="3.11703" s1="3.11703" s2="3.11703" r0="0.869481" r1="0.0418447" r2="-0.49219" r3="0" r4="-0.00216524" r5="0.996719" r6="0.0809134" r7="0" r8="0.493961" r9="-0.0692869" r10="0.866719" r11="0" r12="0" r13="0" r14="0" r15="1" id="28" color_r="1" color_g="1" color_b="1" type_file="Data/Objects/Environment/Rocks/strata_rocks/strata_rock_slope.xml">
        <parameters />
    </EnvObject>
    <EnvObject t0="71.5848" t1="-16.6899" t2="105.698" s0="2.15159" s1="2.15159" s2="2.15159" r0="1" r1="0" r2="0" r3="0" r4="0" r5="1" r6="0" r7="0" r8="0" r9="0" r10="1" r11="0" r12="0" r13="0" r14="0" r15="1" id="29" color_r="1" color_g="1" color_b="1" type_file="Data/Objects/Environment/Rocks/strata_rocks/strata_rock_pillar.xml">
        <parameters />
    </EnvObject>
    <EnvObject t0="71.2321" t1="-1.87972" t2="105.89" s0="2.15159" s1="2.15159" s2="2.15159" r0="0.199563" r1="-9.23223e-008" r2="0.979885" r3="0" r4="-9.23223e-008" r5="-1" r6="-7.54152e-008" r7="0" r8="0.979885" r9="-7.54152e-008" r10="-0.199563" r11="0" r12="0" r13="0" r14="0" r15="1" id="30" color_r="1" color_g="1" color_b="1" type_file="Data/Objects/Environment/Rocks/strata_rocks/strata_rock_pillar.xml">
        <parameters />
    </EnvObject>
    <EnvObject t0="72.5036" t1="-17.6273" t2="110.944" s0="2.15159" s1="2.15159" s2="2.15159" r0="0.91704" r1="0.0470168" r2="-0.396013" r3="0" r4="0.0582804" r5="-0.998165" r6="0.0164513" r7="0" r8="-0.394513" r9="-0.0381663" r10="-0.918097" r11="0" r12="0" r13="0" r14="0" r15="1" id="31" color_r="1" color_g="1" color_b="1" type_file="Data/Objects/Environment/Rocks/strata_rocks/strata_rock_pillar.xml">
        <parameters />
    </EnvObject>
    <EnvObject t0="65.5003" t1="-21.0913" t2="103.796" s0="2.15159" s1="2.15159" s2="2.15159" r0="0.924622" r1="0.37339" r2="-0.0751962" r3="0" r4="-0.0758244" r5="-0.0130275" r6="-0.997036" r7="0" r8="-0.373263" r9="0.927583" r10="0.0162665" r11="0" r12="0" r13="0" r14="0" r15="1" id="32" color_r="1" color_g="1" color_b="1" type_file="Data/Objects/Environment/Rocks/strata_rocks/strata_rock_pillar.xml">
        <parameters />
    </EnvObject>
    <EnvObject t0="123.021" t1="-46.098" t2="216.512" s0="1.5944" s1="1.5944" s2="1.5944" r0="1" r1="0" r2="0" r3="0" r4="0" r5="1" r6="0" r7="0" r8="0" r9="0" r10="1" r11="0" r12="0" r13="0" r14="0" r15="1" id="33" color_r="1" color_g="1" color_b="1" type_file="Data/Objects/Environment/Rocks/strata_rocks/strata_rock_block.xml">
        <parameters />
    </EnvObject>
    <EnvObject t0="223.443" t1="-37.9934" t2="217.492" s0="2.40163" s1="2.40163" s2="2.40163" r0="0.623097" r1="-0.769658" r2="0.139201" r3="0" r4="0.767895" r5="0.635796" r6="0.0781061" r7="0" r8="-0.148618" r9="0.0582239" r10="0.987179" r11="0" r12="0" r13="0" r14="0" r15="1" id="34" color_r="1" color_g="1" color_b="1" type_file="Data/Objects/Environment/Rocks/strata_rocks/strata_rock_facade.xml">
        <parameters />
    </EnvObject>
    <EnvObject t0="204.63" t1="-46.4189" t2="241.651" s0="4.47869" s1="4.47869" s2="4.47869" r0="0.376363" r1="0.0425259" r2="0.925496" r3="0" r4="0.00950094" r5="0.998716" r6="-0.049754" r7="0" r8="-0.926424" r9="0.0275186" r10="0.375476" r11="0" r12="0" r13="0" r14="0" r15="1" id="35" color_r="1" color_g="1" color_b="1" type_file="Data/Objects/Environment/Rocks/strata_rocks/strata_rock_block.xml">
        <parameters />
    </EnvObject>
    <EnvObject t0="153.619" t1="-42.3287" t2="145.278" s0="2.23238" s1="2.23238" s2="2.23238" r0="-0.747433" r1="0.0326081" r2="-0.663537" r3="0" r4="-0.0406516" r5="0.994678" r6="0.0946728" r7="0" r8="0.663093" r9="0.0977353" r10="-0.742129" r11="0" r12="0" r13="0" r14="0" r15="1" id="36" color_r="1" color_g="1" color_b="1" type_file="Data/Objects/Environment/Rocks/strata_rocks/strata_rock_pillar.xml">
        <parameters />
    </EnvObject>
    <EnvObject t0="151.798" t1="-49.9599" t2="145.875" s0="2.55061" s1="2.55061" s2="2.55061" r0="-0.125697" r1="0" r2="0.992069" r3="0" r4="-0" r5="1" r6="0" r7="0" r8="-0.992069" r9="-0" r10="-0.125697" r11="0" r12="0" r13="0" r14="0" r15="1" id="37" color_r="1" color_g="1" color_b="1" type_file="Data/Objects/Environment/Rocks/strata_rocks/strata_rock_capital.xml">
        <parameters />
    </EnvObject>
    <Decal t0="98.948" t1="-38.8333" t2="184.38" s0="13.4396" s1="13.4396" s2="13.4396" r0="-0.207086" r1="0" r2="0.978323" r3="0" r4="-0" r5="1" r6="0" r7="0" r8="-0.978323" r9="-0" r10="-0.207086" r11="0" r12="0" r13="0" r14="0" r15="1" id="38" type_file="Data/Objects/Decals/snow_patch.xml" i="0" color_r="1" color_g="1" color_b="1">
        <parameters />
    </Decal>
    <Decal t0="100.529" t1="-37.2507" t2="176.096" s0="19.3369" s1="19.3369" s2="19.3369" r0="-0.317171" r1="-2.70874e-008" r2="-0.948368" r3="0" r4="-1.66397e-007" r5="1" r6="2.70874e-008" r7="0" r8="0.948368" r9="1.66397e-007" r10="-0.317171" r11="0" r12="0" r13="0" r14="0" r15="1" id="39" type_file="Data/Objects/Decals/snow_patch.xml" i="0" color_r="1" color_g="1" color_b="1">
        <parameters />
    </Decal>
    <Decal t0="88.0285" t1="-45.5148" t2="201.883" s0="13.4396" s1="13.4396" s2="13.4396" r0="-0.941095" r1="1.02291e-008" r2="-0.338141" r3="0" r4="-1.02291e-008" r5="1" r6="5.87203e-008" r7="0" r8="0.338141" r9="5.87203e-008" r10="-0.941095" r11="0" r12="0" r13="0" r14="0" r15="1" id="40" type_file="Data/Objects/Decals/snow_patch.xml" i="0" color_r="1" color_g="1" color_b="1">
        <parameters />
    </Decal>
    <Decal t0="108.98" t1="-46.2367" t2="207.035" s0="15.888" s1="6.64521" s2="25.2803" r0="0.828799" r1="1.13993e-007" r2="0.559546" r3="0" r4="-1.13993e-007" r5="1" r6="-3.48777e-008" r7="0" r8="-0.559546" r9="-3.48777e-008" r10="0.828799" r11="0" r12="0" r13="0" r14="0" r15="1" id="42" type_file="Data/Objects/Decals/DarkStonyDirt.xml" i="0" color_r="0.435294" color_g="0.419608" color_b="0.407843">
        <parameters />
    </Decal>
    <Decal t0="103.796" t1="-47.994" t2="227.199" s0="17.0058" s1="6.64521" s2="25.952" r0="-0.858248" r1="-2.57171e-008" r2="0.513235" r3="0" r4="-8.919e-008" r5="1" r6="-9.90385e-008" r7="0" r8="-0.513235" r9="-1.30775e-007" r10="-0.858248" r11="0" r12="0" r13="0" r14="0" r15="1" id="43" type_file="Data/Objects/Decals/DarkStonyDirt.xml" i="0" color_r="0.435294" color_g="0.419608" color_b="0.407843">
        <parameters />
    </Decal>
    <EnvObject t0="114.63" t1="-48.3146" t2="220.775" s0="2.73331" s1="1.50644" s2="3.57125" r0="1" r1="0" r2="0" r3="0" r4="0" r5="1" r6="0" r7="0" r8="0" r9="0" r10="1" r11="0" r12="0" r13="0" r14="0" r15="1" id="145" color_r="1" color_g="1" color_b="1" type_file="Data/Objects/Environment/Rocks/strata_rocks/strata_rock_boulder.xml">
        <parameters />
    </EnvObject>
    <EnvObject t0="138.076" t1="-39.0591" t2="87.8581" s0="5.97181" s1="5.97181" s2="5.97181" r0="0.199563" r1="-3.8743e-007" r2="0.979885" r3="0" r4="-0.979885" r5="-4.76837e-007" r6="0.199563" r7="0" r8="3.8743e-007" r9="-1" r10="-4.76837e-007" r11="0" r12="0" r13="0" r14="0" r15="1" id="146" color_r="1" color_g="1" color_b="1" type_file="Data/Objects/Environment/Rocks/strata_rocks/strata_rock_pillar.xml">
        <parameters />
    </EnvObject>
    <EnvObject t0="163.079" t1="-35.0355" t2="83.6222" s0="3.84521" s1="3.84521" s2="3.84521" r0="0.199563" r1="-1.96695e-006" r2="0.979885" r3="0" r4="0.965849" r5="-0.16865" r6="-0.196705" r7="0" r8="0.165258" r9="0.985676" r10="-0.0336544" r11="0" r12="0" r13="0" r14="0" r15="1" id="147" color_r="1" color_g="1" color_b="1" type_file="Data/Objects/Environment/Rocks/strata_rocks/strata_rock_pillar.xml">
        <parameters />
    </EnvObject>
    <EnvObject t0="130.942" t1="-35.7365" t2="98.0352" s0="1.57238" s1="1.57238" s2="1.57238" r0="0.5" r1="5.96045e-008" r2="0.866025" r3="0" r4="5.96045e-008" r5="1" r6="-1.03238e-007" r7="0" r8="-0.866025" r9="1.03238e-007" r10="0.5" r11="0" r12="0" r13="0" r14="0" r15="1" id="148" color_r="1" color_g="1" color_b="1" type_file="Data/Objects/Environment/Rocks/strata_rocks/strata_rock_facade.xml">
        <parameters />
    </EnvObject>
    <EnvObject t0="168.718" t1="-38.3219" t2="89.1678" s0="1.57238" s1="1.57238" s2="1.57238" r0="-0.5" r1="-4.47035e-008" r2="-0.866025" r3="0" r4="4.47035e-008" r5="1" r6="-7.74287e-008" r7="0" r8="0.866025" r9="-7.74287e-008" r10="-0.5" r11="0" r12="0" r13="0" r14="0" r15="1" id="149" color_r="1" color_g="1" color_b="1" type_file="Data/Objects/Environment/Rocks/strata_rocks/strata_rock_facade.xml">
        <parameters />
    </EnvObject>
    <EnvObject t0="184.406" t1="-50.1984" t2="194.06" s0="1" s1="1" s2="1" r0="1" r1="0" r2="0" r3="0" r4="0" r5="1" r6="0" r7="0" r8="0" r9="0" r10="1" r11="0" r12="0" r13="0" r14="0" r15="1" id="150" color_r="1" color_g="1" color_b="1" type_file="Data/Objects/Buildings/cat_town/babylon_tower.xml">
        <parameters />
    </EnvObject>
    <EnvObject t0="200.853" t1="-37.4525" t2="123.764" s0="1.69856" s1="1.69856" s2="1.69856" r0="1" r1="0" r2="0" r3="0" r4="0" r5="1" r6="0" r7="0" r8="0" r9="0" r10="1" r11="0" r12="0" r13="0" r14="0" r15="1" id="151" color_r="1" color_g="1" color_b="1" type_file="Data/Objects/Buildings/cat_town/babylon_tower.xml">
        <parameters />
    </EnvObject>
    <EnvObject t0="176.005" t1="-45.451" t2="194.106" s0="1" s1="1.35054" s2="1" r0="-1.19209e-007" r1="1" r2="0" r3="0" r4="-1" r5="-1.19209e-007" r6="0" r7="0" r8="0" r9="0" r10="1" r11="0" r12="0" r13="0" r14="0" r15="1" id="152" color_r="1" color_g="1" color_b="1" type_file="Data/Objects/Buildings/cat_town/medium_tower.xml">
        <parameters />
    </EnvObject>
    <EnvObject t0="216.255" t1="-31.245" t2="122.345" s0="1.50241" s1="1.36861" s2="1.50241" r0="1" r1="0" r2="0" r3="0" r4="0" r5="1" r6="0" r7="0" r8="0" r9="0" r10="1" r11="0" r12="0" r13="0" r14="0" r15="1" id="153" color_r="1" color_g="1" color_b="1" type_file="Data/Objects/Buildings/arena/arena_vip_gate.xml">
        <parameters />
    </EnvObject>
    <EnvObject t0="216.32" t1="-12.271" t2="122.471" s0="1.3479" s1="1" s2="1.11083" r0="1" r1="0" r2="0" r3="0" r4="0" r5="0.959521" r6="0.281638" r7="0" r8="0" r9="-0.281638" r10="0.959521" r11="0" r12="0" r13="0" r14="0" r15="1" id="154" color_r="0.054902" color_g="0.27451" color_b="0.25098" type_file="Data/Objects/Buildings/arena/arena_vip_roof.xml">
        <parameters />
    </EnvObject>
    <EnvObject t0="169.131" t1="-50.1984" t2="194.06" s0="1" s1="1" s2="1" r0="1" r1="0" r2="0" r3="0" r4="0" r5="1" r6="0" r7="0" r8="0" r9="0" r10="1" r11="0" r12="0" r13="0" r14="0" r15="1" id="155" color_r="1" color_g="1" color_b="1" type_file="Data/Objects/Buildings/cat_town/babylon_tower.xml">
        <parameters />
    </EnvObject>
    <EnvObject t0="231.796" t1="-37.4525" t2="123.764" s0="1.69856" s1="1.69856" s2="1.69856" r0="1" r1="0" r2="0" r3="0" r4="0" r5="1" r6="0" r7="0" r8="0" r9="0" r10="1" r11="0" r12="0" r13="0" r14="0" r15="1" id="156" color_r="1" color_g="1" color_b="1" type_file="Data/Objects/Buildings/cat_town/babylon_tower.xml">
        <parameters />
    </EnvObject>
    <EnvObject t0="216.315" t1="-46.4257" t2="128.341" s0="1.43868" s1="1.19223" s2="1.18873" r0="1" r1="0" r2="0" r3="0" r4="0" r5="1" r6="0" r7="0" r8="0" r9="0" r10="1" r11="0" r12="0" r13="0" r14="0" r15="1" id="157" color_r="1" color_g="1" color_b="1" type_file="Data/Objects/Buildings/arena/arena_gate.xml">
        <parameters />
    </EnvObject>
    <EnvObject t0="216.281" t1="-41.7177" t2="107.893" s0="8.27118" s1="4.3871" s2="3.17383" r0="1" r1="0" r2="0" r3="0" r4="0" r5="-1.19209e-007" r6="1" r7="0" r8="0" r9="-1" r10="-1.19209e-007" r11="0" r12="0" r13="0" r14="0" r15="1" id="216" color_r="1" color_g="1" color_b="1" type_file="Data/Objects/Crete/CreteBlockStandard.xml">
        <parameters />
    </EnvObject>
    <EnvObject t0="216.138" t1="-42.7961" t2="89.2581" s0="2.85497" s1="1.96876" s2="1.96876" r0="1" r1="0" r2="0" r3="0" r4="0" r5="0.5" r6="0.866025" r7="0" r8="0" r9="-0.866025" r10="0.5" r11="0" r12="0" r13="0" r14="0" r15="1" id="217" color_r="1" color_g="1" color_b="1" type_file="Data/Objects/Crete/CreteCube.xml">
        <parameters />
    </EnvObject>
    <EnvObject t0="216.204" t1="-37.9387" t2="105.871" s0="3.0164" s1="2.37107" s2="1.50211" r0="1" r1="0" r2="0" r3="0" r4="0" r5="8.9407e-007" r6="1" r7="0" r8="0" r9="-1" r10="8.9407e-007" r11="0" r12="0" r13="0" r14="0" r15="1" id="218" color_r="1" color_g="1" color_b="1" type_file="Data/Objects/Crete/CreteCube.xml">
        <parameters />
    </EnvObject>
    <EnvObject t0="216.299" t1="-26.6633" t2="111.773" s0="0.867709" s1="0.867709" s2="0.867709" r0="1" r1="0" r2="0" r3="0" r4="0" r5="-1.19209e-007" r6="1" r7="0" r8="0" r9="-1" r10="-1.19209e-007" r11="0" r12="0" r13="0" r14="0" r15="1" id="222" color_r="1" color_g="1" color_b="1" type_file="Data/Objects/Crete/CreteCube.xml">
        <parameters />
    </EnvObject>
    <Decal t0="216.229" t1="-15.3" t2="101.243" s0="8.50933" s1="8.50933" s2="8.50933" r0="2.38419e-007" r1="-1" r2="-2.38419e-007" r3="0" r4="2.38419e-007" r5="2.38419e-007" r6="-1" r7="0" r8="1" r9="2.38419e-007" r10="2.38419e-007" r11="0" r12="0" r13="0" r14="0" r15="1" id="249" type_file="Data/Objects/Decals/signs/glyph_rabbit.xml" i="0" color_r="1" color_g="1" color_b="1">
        <parameters />
    </Decal>
    <Decal t0="188.008" t1="-52.7397" t2="174.895" s0="22.4466" s1="15.1146" s2="19.0412" r0="0.987931" r1="0" r2="0.154892" r3="0" r4="-0" r5="1" r6="0" r7="0" r8="-0.154892" r9="-0" r10="0.987931" r11="0" r12="0" r13="0" r14="0" r15="1" id="250" type_file="Data/Objects/Decals/DarkStonyDirt.xml" i="0" color_r="0.0901961" color_g="0.0901961" color_b="0.0901961">
        <parameters />
    </Decal>
    <Decal t0="189.869" t1="-52.4366" t2="185.458" s0="9.64856" s1="9.64856" s2="9.64856" r0="0.554288" r1="0" r2="0.832325" r3="0" r4="-0" r5="1" r6="0" r7="0" r8="-0.832325" r9="-0" r10="0.554288" r11="0" r12="0" r13="0" r14="0" r15="1" id="251" type_file="Data/Objects/Decals/PeakRock.xml" i="0" color_r="0.141176" color_g="0.109804" color_b="0.0901961">
        <parameters />
    </Decal>
    <Decal t0="193.244" t1="-52.7156" t2="144.473" s0="26.4858" s1="15.1146" s2="14.0513" r0="-0.339483" r1="2.14085e-008" r2="0.940612" r3="0" r4="-2.14085e-008" r5="1" r6="-3.04869e-008" r7="0" r8="-0.940612" r9="-3.04869e-008" r10="-0.339483" r11="0" r12="0" r13="0" r14="0" r15="1" id="252" type_file="Data/Objects/Decals/DarkStonyDirt.xml" i="0" color_r="0.0901961" color_g="0.0901961" color_b="0.0901961">
        <parameters />
    </Decal>
    <EnvObject t0="238.841" t1="-45.0698" t2="164.381" s0="2.08923" s1="2.31439" s2="2.43531" r0="-0.971176" r1="-0.0177143" r2="-0.237704" r3="0" r4="-0.0255362" r5="0.999228" r6="0.0298674" r7="0" r8="0.236991" r9="0.0350766" r10="-0.970878" r11="0" r12="0" r13="0" r14="0" r15="1" id="253" color_r="1" color_g="1" color_b="1" type_file="Data/Objects/Environment/Rocks/strata_rocks/strata_rock_capital.xml">
        <parameters />
    </EnvObject>
    <EnvObject t0="237.184" t1="-46.3153" t2="157.151" s0="1.59939" s1="2.27532" s2="1.86433" r0="0.26552" r1="-0.0220245" r2="0.963854" r3="0" r4="-0.0255362" r5="0.999228" r6="0.0298674" r7="0" r8="-0.963767" r9="-0.0325435" r10="0.264752" r11="0" r12="0" r13="0" r14="0" r15="1" id="254" color_r="1" color_g="1" color_b="1" type_file="Data/Objects/Environment/Rocks/strata_rocks/strata_rock_capital.xml">
        <parameters />
    </EnvObject>
    <EnvObject t0="161.884" t1="-48.0828" t2="193.999" s0="0.792949" s1="1" s2="1" r0="-1.19209e-007" r1="0" r2="1" r3="0" r4="-0" r5="1" r6="0" r7="0" r8="-1" r9="-0" r10="-1.19209e-007" r11="0" r12="0" r13="0" r14="0" r15="1" id="255" color_r="1" color_g="1" color_b="1" type_file="Data/Objects/Buildings/terraces/cat_stairs.xml">
        <parameters />
    </EnvObject>
    <EnvObject t0="181.023" t1="-48.1817" t2="162.138" s0="1.29183" s1="1.29183" s2="1.29183" r0="-0.366554" r1="-0.0128692" r2="0.930308" r3="0" r4="-0.0678033" r5="0.997615" r6="-0.0129151" r7="0" r8="-0.927923" r9="-0.067812" r10="-0.366552" r11="0" r12="0" r13="0" r14="0" r15="1" id="256" color_r="1" color_g="1" color_b="1" type_file="Data/Objects/Environment/Rocks/strata_rocks/strata_rock_pillar.xml">
        <parameters />
    </EnvObject>
    <EnvObject t0="182.995" t1="-51.4098" t2="160.104" s0="0.902644" s1="0.902644" s2="0.902644" r0="0.674094" r1="0.31999" r2="-0.665735" r3="0" r4="-0.290614" r5="0.943498" r6="0.159235" r7="0" r8="0.679073" r9="0.0861326" r10="0.729" r11="0" r12="0" r13="0" r14="0" r15="1" id="257" color_r="1" color_g="1" color_b="1" type_file="Data/Objects/Environment/Rocks/strata_rocks/strata_rock_pillar.xml">
        <parameters />
    </EnvObject>
    <EnvObject t0="181.807" t1="-53.2026" t2="162.253" s0="1.01581" s1="0.895121" s2="0.832783" r0="1" r1="0" r2="0" r3="0" r4="0" r5="1" r6="0" r7="0" r8="0" r9="0" r10="1" r11="0" r12="0" r13="0" r14="0" r15="1" id="258" color_r="1" color_g="1" color_b="1" type_file="Data/Objects/Environment/Rocks/strata_rocks/strata_rock_block.xml">
        <parameters />
    </EnvObject>
    <Decal t0="274.407" t1="-24.1289" t2="189.45" s0="17.7538" s1="11.9546" s2="15.0604" r0="0.922154" r1="0.243263" r2="0.300757" r3="0" r4="-0.182023" r5="0.958934" r6="-0.217515" r7="0" r8="-0.341319" r9="0.145838" r10="0.928565" r11="0" r12="0" r13="0" r14="0" r15="1" id="262" type_file="Data/Objects/Decals/DarkStonyDirt.xml" i="0" color_r="0.14902" color_g="0.117647" color_b="0.101961">
        <parameters />
    </Decal>
    <Decal t0="253.484" t1="-27.3788" t2="205.613" s0="17.7538" s1="11.9546" s2="15.0604" r0="0.743129" r1="0.567665" r2="0.354283" r3="0" r4="-0.411063" r5="0.805049" r6="-0.427696" r7="0" r8="-0.528003" r9="0.172201" r10="0.831601" r11="0" r12="0" r13="0" r14="0" r15="1" id="263" type_file="Data/Objects/Decals/DarkStonyDirt.xml" i="0" color_r="0.14902" color_g="0.117647" color_b="0.101961">
        <parameters />
    </Decal>
    <Decal t0="287.14" t1="-17.1352" t2="214.189" s0="17.7538" s1="11.9546" s2="15.0604" r0="0.555186" r1="0.105805" r2="0.824969" r3="0" r4="0.0510361" r5="0.985673" r6="-0.160762" r7="0" r8="-0.830159" r9="0.131356" r10="0.541832" r11="0" r12="0" r13="0" r14="0" r15="1" id="264" type_file="Data/Objects/Decals/DarkStonyDirt.xml" i="0" color_r="0.14902" color_g="0.117647" color_b="0.101961">
        <parameters />
    </Decal>
    <EnvObject t0="374.246" t1="-28.7125" t2="394.243" s0="1" s1="1" s2="1" r0="-0.484669" r1="-0.0202156" r2="0.874464" r3="0" r4="0.0461211" r5="0.997752" r6="0.0486282" r7="0" r8="-0.873481" r9="0.0638998" r10="-0.482647" r11="0" r12="0" r13="0" r14="0" r15="1" id="265" color_r="1" color_g="1" color_b="1" type_file="Data/Objects/2d_3d/environment/snowy_arid_mountains.xml">
        <parameters />
    </EnvObject>
    <EnvObject t0="171.509" t1="-47.4405" t2="114.015" s0="2.07946" s1="2.0229" s2="1.97488" r0="0.955633" r1="-0.209769" r2="-0.206789" r3="0" r4="0.00263011" r5="0.708079" r6="-0.706128" r7="0" r8="0.294547" r9="0.674256" r10="0.677216" r11="0" r12="0" r13="0" r14="0" r15="1" id="266" color_r="0.670588" color_g="0.694118" color_b="0.717647" type_file="Data/Objects/Environment/Rocks/coast_rock_large.xml">
        <parameters />
    </EnvObject>
    <EnvObject t0="184.586" t1="-55.1242" t2="138.398" s0="1.34772" s1="1.42673" s2="0.995369" r0="-0.962061" r1="0.0324299" r2="0.2709" r3="0" r4="0.250634" r5="-0.287269" r6="0.924478" r7="0" r8="0.107802" r9="0.957301" r10="0.268242" r11="0" r12="0" r13="0" r14="0" r15="1" id="267" color_r="0.670588" color_g="0.694118" color_b="0.717647" type_file="Data/Objects/Environment/Rocks/coast_rock_large.xml">
        <parameters />
    </EnvObject>
    <EnvObject t0="224.304" t1="-49.3619" t2="152.823" s0="1.34772" s1="1.42673" s2="0.995369" r0="-0.447556" r1="-0.124215" r2="0.885587" r3="0" r4="0.528947" r5="0.761722" r6="0.37416" r7="0" r8="-0.721047" r9="0.635886" r10="-0.27521" r11="0" r12="0" r13="0" r14="0" r15="1" id="268" color_r="0.670588" color_g="0.694118" color_b="0.717647" type_file="Data/Objects/Environment/Rocks/coast_rock_large.xml">
        <parameters />
    </EnvObject>
    <EnvObject t0="213.917" t1="-48.7378" t2="180.888" s0="1.71399" s1="1.81447" s2="1.26588" r0="0.40789" r1="-0.108854" r2="-0.906519" r3="0" r4="0.3495" r5="0.935861" r6="0.0448812" r7="0" r8="0.84349" r9="-0.335135" r10="0.419773" r11="0" r12="0" r13="0" r14="0" r15="1" id="269" color_r="0.670588" color_g="0.694118" color_b="0.717647" type_file="Data/Objects/Environment/Rocks/coast_rock_large.xml">
        <parameters />
    </EnvObject>
    <EnvObject t0="220.278" t1="-45.6823" t2="183.928" s0="2.07527" s1="2.07527" s2="2.07527" r0="-0.778247" r1="-5.62032e-008" r2="-0.627958" r3="0" r4="-5.62032e-008" r5="1" r6="-1.98472e-008" r7="0" r8="0.627958" r9="1.98472e-008" r10="-0.778247" r11="0" r12="0" r13="0" r14="0" r15="1" id="270" color_r="1" color_g="1" color_b="1" type_file="Data/Objects/Environment/Rocks/strata_rocks/strata_rock_block.xml">
        <parameters />
    </EnvObject>
    <EnvObject t0="208.923" t1="-34.9977" t2="198.707" s0="1.81297" s1="1.81297" s2="1.81297" r0="1" r1="0" r2="-0" r3="0" r4="-0" r5="0.999996" r6="-0.00278282" r7="0" r8="0" r9="0.00278282" r10="0.999996" r11="0" r12="0" r13="0" r14="0" r15="1" id="271" color_r="1" color_g="1" color_b="1" type_file="Data/Objects/Buildings/cat_town/babylon_tower.xml">
        <parameters />
    </EnvObject>
    <EnvObject t0="259.668" t1="-47.2614" t2="83.0515" s0="3.83041" s1="3.72623" s2="3.63778" r0="-0.780995" r1="-0.0217948" r2="-0.624156" r3="0" r4="-0.62311" r5="0.0947089" r6="0.776379" r7="0" r8="0.0421922" r9="0.995266" r10="-0.0875479" r11="0" r12="0" r13="0" r14="0" r15="1" id="272" color_r="0.670588" color_g="0.694118" color_b="0.717647" type_file="Data/Objects/Environment/Rocks/coast_rock_large.xml">
        <parameters />
    </EnvObject>
    <EnvObject t0="261.743" t1="-44.7407" t2="120.433" s0="2.26608" s1="2.20444" s2="2.15212" r0="-0.221817" r1="-0.185834" r2="-0.957216" r3="0" r4="-0.974786" r5="0.0178084" r6="0.222431" r7="0" r8="-0.0242891" r9="0.98242" r10="-0.185099" r11="0" r12="0" r13="0" r14="0" r15="1" id="273" color_r="0.670588" color_g="0.694118" color_b="0.717647" type_file="Data/Objects/Environment/Rocks/coast_rock_large.xml">
        <parameters />
    </EnvObject>
    <EnvObject t0="256.275" t1="-49.0447" t2="107.848" s0="2.26608" s1="2.20444" s2="2.15212" r0="0.149815" r1="-0.0115396" r2="-0.988647" r3="0" r4="0.966093" r5="0.214378" r6="0.143896" r7="0" r8="0.210283" r9="-0.976683" r10="0.0432656" r11="0" r12="0" r13="0" r14="0" r15="1" id="274" color_r="0.670588" color_g="0.694118" color_b="0.717647" type_file="Data/Objects/Environment/Rocks/coast_rock_large.xml">
        <parameters />
    </EnvObject>
    <EnvObject t0="193.153" t1="-42.6397" t2="217.539" s0="3.16565" s1="3.16565" s2="3.16565" r0="1" r1="0" r2="0" r3="0" r4="0" r5="1" r6="0" r7="0" r8="0" r9="0" r10="1" r11="0" r12="0" r13="0" r14="0" r15="1" id="275" color_r="1" color_g="1" color_b="1" type_file="Data/Objects/Crete/CreteBlockBroken.xml">
        <parameters />
    </EnvObject>
    <EnvObject t0="180.83" t1="-42.5966" t2="217.403" s0="3.12369" s1="3.12369" s2="3.12369" r0="1" r1="0" r2="0" r3="0" r4="0" r5="1" r6="0" r7="0" r8="0" r9="0" r10="1" r11="0" r12="0" r13="0" r14="0" r15="1" id="276" color_r="1" color_g="1" color_b="1" type_file="Data/Objects/Crete/CreteBlockStandard.xml">
        <parameters />
    </EnvObject>
    <EnvObject t0="173.14" t1="-50.6084" t2="161.054" s0="2.74852" s1="2.74852" s2="2.74852" r0="4.17233e-007" r1="0.555601" r2="-0.831449" r3="0" r4="-1" r5="2.38419e-007" r6="-2.98023e-007" r7="0" r8="-5.96046e-008" r9="0.831449" r10="0.555601" r11="0" r12="0" r13="0" r14="0" r15="1" id="472" color_r="1" color_g="1" color_b="1" type_file="Data/Objects/Buildings/shops/sign_long_board.xml">
        <parameters />
    </EnvObject>
    <EnvObject t0="172.664" t1="-49.186" t2="154.522" s0="1" s1="1" s2="1" r0="1" r1="0" r2="0" r3="0" r4="0" r5="-1" r6="-8.74228e-008" r7="0" r8="0" r9="8.74228e-008" r10="-1" r11="0" r12="0" r13="0" r14="0" r15="1" id="473" color_r="1" color_g="1" color_b="1" type_file="Data/Objects/Environment/LitterLoads/DogLitter.xml">
        <parameters />
    </EnvObject>
    <EnvObject t0="172.668" t1="-49.0854" t2="154.438" s0="1" s1="1" s2="1" r0="0.0381192" r1="-1.68557e-007" r2="0.999273" r3="0" r4="-3.21381e-009" r5="-1" r6="-1.68557e-007" r7="0" r8="0.999273" r9="3.21381e-009" r10="-0.0381194" r11="0" r12="0" r13="0" r14="0" r15="1" id="474" color_r="1" color_g="1" color_b="1" type_file="Data/Objects/Environment/LitterLoads/DogLitter.xml">
        <parameters />
    </EnvObject>
    <EnvObject t0="192.921" t1="-49.8152" t2="194.025" s0="2.74852" s1="2.74852" s2="2.74852" r0="-0.971705" r1="0.235689" r2="0.0154545" r3="0" r4="0.0252516" r5="0.0386063" r6="0.998935" r7="0" r8="0.234842" r9="0.971061" r10="-0.0434654" r11="0" r12="0" r13="0" r14="0" r15="1" id="577" color_r="1" color_g="1" color_b="1" type_file="Data/Objects/Buildings/shops/sign_long_board.xml">
        <parameters />
    </EnvObject>
    <EnvObject t0="168.793" t1="-52.6444" t2="190.192" s0="1.24237" s1="1.71362" s2="1.9707" r0="2.38419e-007" r1="2.38419e-007" r2="1" r3="0" r4="-1" r5="2.38419e-007" r6="2.38419e-007" r7="0" r8="-2.38419e-007" r9="-1" r10="2.38419e-007" r11="0" r12="0" r13="0" r14="0" r15="1" id="580" color_r="1" color_g="1" color_b="1" type_file="Data/Objects/Buildings/Fence1.xml">
        <parameters />
    </EnvObject>
    <EnvObject t0="169.099" t1="-52.2238" t2="190.193" s0="1" s1="1" s2="1" r0="0" r1="1" r2="0" r3="0" r4="0" r5="0" r6="1" r7="0" r8="1" r9="0" r10="0" r11="0" r12="0" r13="0" r14="0" r15="1" id="582" color_r="1" color_g="1" color_b="1" type_file="Data/Custom/twowolves/barrel_rope/Objects/Environments/jims_barrel_rope.xml">
        <parameters />
    </EnvObject>
    <EnvObject t0="168.793" t1="-51.7547" t2="190.192" s0="1.24237" s1="1.71362" s2="1.9707" r0="2.38419e-007" r1="2.38419e-007" r2="1" r3="0" r4="-1" r5="2.38419e-007" r6="2.38419e-007" r7="0" r8="-2.38419e-007" r9="-1" r10="2.38419e-007" r11="0" r12="0" r13="0" r14="0" r15="1" id="584" color_r="1" color_g="1" color_b="1" type_file="Data/Objects/Buildings/Fence1.xml">
        <parameters />
    </EnvObject>
    <EnvObject t0="168.793" t1="-50.8524" t2="190.192" s0="1.24237" s1="1.71362" s2="1.9707" r0="2.38419e-007" r1="2.38419e-007" r2="1" r3="0" r4="-1" r5="2.38419e-007" r6="2.38419e-007" r7="0" r8="-2.38419e-007" r9="-1" r10="2.38419e-007" r11="0" r12="0" r13="0" r14="0" r15="1" id="585" color_r="1" color_g="1" color_b="1" type_file="Data/Objects/Buildings/Fence1.xml">
        <parameters />
    </EnvObject>
    <EnvObject t0="168.793" t1="-49.9627" t2="190.192" s0="1.24237" s1="1.71362" s2="1.9707" r0="2.38419e-007" r1="2.38419e-007" r2="1" r3="0" r4="-1" r5="2.38419e-007" r6="2.38419e-007" r7="0" r8="-2.38419e-007" r9="-1" r10="2.38419e-007" r11="0" r12="0" r13="0" r14="0" r15="1" id="586" color_r="1" color_g="1" color_b="1" type_file="Data/Objects/Buildings/Fence1.xml">
        <parameters />
