<?xml version="2.0" ?>
<Type>saved</Type>
<Name></Name>
<Description></Description>
<Shader>post</Shader>
<Terrain>
    <Heightmap>Data/Textures/Terrain/desert_teeth/desert_teeth_hm.png</Heightmap>
    <DetailMap></DetailMap>
    <ColorMap>Data/Textures/Terrain/red_desert/red_desert_c.tga</ColorMap>
    <WeightMap>Data/Textures/Terrain/red_desert/red_desert_w.png</WeightMap>
    <DetailMaps>
        <DetailMap colorpath="Data/Textures/Terrain/DetailTextures/pebbles.tga" normalpath="Data/Textures/Terrain/DetailTextures/pebbles_normal.tga" materialpath="Data/Materials/rocks.xml" />
        <DetailMap colorpath="Data/Textures/Terrain/DetailTextures/pebbly_sand.tga" normalpath="Data/Textures/Terrain/DetailTextures/pebbly_sand_normal.tga" materialpath="Data/Materials/gravel.xml" />
        <DetailMap colorpath="Data/Textures/Terrain/DetailTextures/sandwaves.tga" normalpath="Data/Textures/Terrain/DetailTextures/sandwaves_normal.tga" materialpath="Data/Materials/sand.xml" />
        <DetailMap colorpath="Data/Textures/Terrain/DetailTextures/rubble.tga" normalpath="Data/Textures/Terrain/DetailTextures/rubble_normal.tga" materialpath="Data/Materials/rock.xml" />
    </DetailMaps>
    <DetailObjects />
</Terrain>
<OutOfDate Shadow="true" AO="true" NavMesh="true" />
<SpawnPoints>
    <SpawnPoint t0="0" t1="200" t2="0" s0="1" s1="1" s2="1" r0="1" r1="0" r2="0" r3="0" r4="0" r5="1" r6="0" r7="0" r8="0" r9="0" r10="1" r11="0" r12="0" r13="0" r14="0" r15="1" />
</SpawnPoints>
<AmbientSounds />
<Script></Script>
<LevelScriptParameters>
    <parameter name="Achievements" type="string" val="flawless, no_injuries, no_kills" />
    <parameter name="Extra AO" type="string" val="0" />
    <parameter name="Level Boundaries" type="string" val="1" />
    <parameter name="Objectives" type="string" val="destroy_all" />
    <parameter name="Sky Rotation" type="string" val="-188" />
</LevelScriptParameters>
<Sky>
    <DomeTexture>Data/Textures/skies/cirrus2_volcano_slope.tga</DomeTexture>
    <SunAngularRad>0.21298</SunAngularRad>
    <SunColorAngle>74.7995</SunColorAngle>
    <RayToSun r0="-0.873906" r1="0.34759" r2="-0.339809" />
    <ExtraAO>0</ExtraAO>
    <SkyRotation>-188</SkyRotation>
</Sky>
<ActorObjects>
    <EnvObject t0="-127.562" t1="-9.94805" t2="-28.4332" s0="1.01956" s1="1.01956" s2="1.01956" r0="-0.963106" r1="3.21932e-007" r2="0.269122" r3="0" r4="3.86696e-007" r5="1" r6="1.87636e-007" r7="0" r8="-0.269122" r9="2.84782e-007" r10="-0.963106" r11="0" r12="0" r13="0" r14="0" r15="1" id="3" color_r="1" color_g="1" color_b="1" type_file="Data/Objects/Buildings/stairs1.xml">
        <parameters />
    </EnvObject>
    <EnvObject t0="-127.835" t1="-10.8054" t2="-29.3471" s0="1.01956" s1="1.01956" s2="1.01956" r0="-0.963106" r1="3.97175e-007" r2="0.269122" r3="0" r4="4.29557e-007" r5="1" r6="6.14363e-008" r7="0" r8="-0.269122" r9="1.74773e-007" r10="-0.963106" r11="0" r12="0" r13="0" r14="0" r15="1" id="4" color_r="1" color_g="1" color_b="1" type_file="Data/Objects/Buildings/stairs1.xml">
        <parameters />
    </EnvObject>
    <EnvObject t0="-126.52" t1="-12.172" t2="-25.169" s0="1.01956" s1="0.362525" s2="1.01956" r0="0.963106" r1="1.66678e-007" r2="-0.269122" r3="0" r4="-6.95318e-008" r5="1" r6="3.70505e-007" r7="0" r8="0.269122" r9="-3.38123e-007" r10="0.963106" r11="0" r12="0" r13="0" r14="0" r15="1" id="5" color_r="1" color_g="1" color_b="1" type_file="Data/Objects/Buildings/cat_town/babylon_tower.xml">
        <parameters />
    </EnvObject>
    <EnvObject t0="-127.915" t1="-13.1105" t2="-29.6838" s0="0.358264" s1="1.16411" s2="0.808753" r0="0.963106" r1="2.5332e-007" r2="-0.269123" r3="0" r4="0.211431" r5="0.618697" r6="0.756645" r7="0" r8="0.166506" r9="-0.78563" r10="0.59587" r11="0" r12="0" r13="0" r14="0" r15="1" id="6" color_r="1" color_g="1" color_b="1" type_file="Data/Objects/Crete/CreteBlockStandard.xml">
        <parameters />
    </EnvObject>
    <EnvObject t0="-126.625" t1="-7.80095" t2="-25.1545" s0="1.01956" s1="1.01956" s2="1.01956" r0="0.963106" r1="1.66678e-007" r2="-0.269122" r3="0" r4="-6.95318e-008" r5="1" r6="3.70505e-007" r7="0" r8="0.269122" r9="-3.38123e-007" r10="0.963106" r11="0" r12="0" r13="0" r14="0" r15="1" id="7" color_r="1" color_g="1" color_b="1" type_file="Data/Custom/twowolves/landmark_lantern/jims_lantern.xml">
        <parameters />
    </EnvObject>
    <Group t0="-123.51" t1="-8.11605" t2="-25.8114" s0="1.16181" s1="3.14406" s2="0.62564" r0="0.963106" r1="1.66678e-007" r2="-0.269122" r3="0" r4="-6.95318e-008" r5="1" r6="3.70505e-007" r7="0" r8="0.269122" r9="-3.38123e-007" r10="0.963106" r11="0" r12="0" r13="0" r14="0" r15="1" id="8" version="1">
        <parameters />
        <EnvObject t0="-123.535" t1="-8.90345" t2="-25.8233" s0="0.0910002" s1="0.265055" s2="0.142339" r0="0.834074" r1="-0.5" r2="-0.233066" r3="0" r4="0.481554" r5="0.866025" r6="-0.134561" r7="0" r8="0.269122" r9="-3.65078e-007" r10="0.963106" r11="0" r12="0" r13="0" r14="0" r15="1" id="9" color_r="1" color_g="1" color_b="1" type_file="Data/Objects/Crete/CreteBlockStandard.xml">
            <parameters />
        </EnvObject>
        <EnvObject t0="-123.256" t1="-8.11995" t2="-25.8927" s0="0.0909993" s1="0.0922002" s2="0.13659" r0="0.890627" r1="0.380589" r2="-0.24887" r3="0" r4="-0.366547" r5="0.924744" r6="0.102426" r7="0" r8="0.269123" r9="-7.71135e-007" r10="0.963106" r11="0" r12="0" r13="0" r14="0" r15="1" id="10" color_r="1" color_g="1" color_b="1" type_file="Data/Objects/Crete/CreteBlockStandard.xml">
            <parameters />
        </EnvObject>
        <EnvObject t0="-123.223" t1="-7.74675" t2="-25.8922" s0="0.0909994" s1="0.0922002" s2="0.153863" r0="-0.881926" r1="0.401839" r2="0.24644" r3="0" r4="-0.387014" r5="-0.915711" r6="0.108143" r7="0" r8="0.269124" r9="-1.86637e-006" r10="0.963105" r11="0" r12="0" r13="0" r14="0" r15="1" id="11" color_r="1" color_g="1" color_b="1" type_file="Data/Objects/Crete/CreteBlockStandard.xml">
            <parameters />
        </EnvObject>
        <EnvObject t0="-123.452" t1="-7.14735" t2="-25.8375" s0="0.0827634" s1="0.206877" s2="0.145578" r0="-0.776127" r1="-0.592108" r2="0.216875" r3="0" r4="0.570263" r5="-0.805858" r6="-0.159351" r7="0" r8="0.269124" r9="-8.49366e-007" r10="0.963106" r11="0" r12="0" r13="0" r14="0" r15="1" id="12" color_r="1" color_g="1" color_b="1" type_file="Data/Objects/Crete/CreteBlockStandard.xml">
            <parameters />
        </EnvObject>
    </Group>
    <Group t0="-125.762" t1="-8.26995" t2="-22.7814" s0="0.625648" s1="3.14407" s2="1.16132" r0="0.963106" r1="1.66678e-007" r2="-0.269122" r3="0" r4="-6.95318e-008" r5="1" r6="3.70505e-007" r7="0" r8="0.269122" r9="-3.38123e-007" r10="0.963106" r11="0" r12="0" r13="0" r14="0" r15="1" id="13" version="1">
        <parameters />
        <EnvObject t0="-125.75" t1="-9.05725" t2="-22.806" s0="0.0910002" s1="0.265055" s2="0.142339" r0="0.233068" r1="-0.500001" r2="0.834073" r3="0" r4="0.134562" r5="0.866025" r6="0.481554" r7="0" r8="-0.963106" r9="-2.98023e-007" r10="0.269123" r11="0" r12="0" r13="0" r14="0" r15="1" id="14" color_r="1" color_g="1" color_b="1" type_file="Data/Objects/Crete/CreteBlockStandard.xml">
            <parameters />
        </EnvObject>
        <EnvObject t0="-125.68" t1="-8.27385" t2="-22.5257" s0="0.0909994" s1="0.0922002" s2="0.13659" r0="0.248873" r1="0.380588" r2="0.890626" r3="0" r4="-0.102428" r5="0.924745" r6="-0.366546" r7="0" r8="-0.963105" r9="-1.54972e-006" r10="0.269126" r11="0" r12="0" r13="0" r14="0" r15="1" id="15" color_r="1" color_g="1" color_b="1" type_file="Data/Objects/Crete/CreteBlockStandard.xml">
            <parameters />
        </EnvObject>
        <EnvObject t0="-125.681" t1="-7.90055" t2="-22.4947" s0="0.0909994" s1="0.0922002" s2="0.153863" r0="-0.246441" r1="0.40184" r2="-0.881925" r3="0" r4="-0.108145" r5="-0.91571" r6="-0.387014" r7="0" r8="-0.963105" r9="-7.30157e-007" r10="0.269125" r11="0" r12="0" r13="0" r14="0" r15="1" id="16" color_r="1" color_g="1" color_b="1" type_file="Data/Objects/Crete/CreteBlockStandard.xml">
            <parameters />
        </EnvObject>
        <EnvObject t0="-125.736" t1="-7.30115" t2="-22.724" s0="0.0827634" s1="0.206877" s2="0.145578" r0="-0.216876" r1="-0.592108" r2="-0.776127" r3="0" r4="0.159351" r5="-0.805858" r6="0.570263" r7="0" r8="-0.963105" r9="0" r10="0.269124" r11="0" r12="0" r13="0" r14="0" r15="1" id="17" color_r="1" color_g="1" color_b="1" type_file="Data/Objects/Crete/CreteBlockStandard.xml">
            <parameters />
        </EnvObject>
    </Group>
    <Group t0="-129.31" t1="-8.11685" t2="-24.4723" s0="1.16171" s1="3.14417" s2="0.62564" r0="0.963106" r1="1.66678e-007" r2="-0.269122" r3="0" r4="-6.95318e-008" r5="1" r6="3.70505e-007" r7="0" r8="0.269122" r9="-3.38123e-007" r10="0.963106" r11="0" r12="0" r13="0" r14="0" r15="1" id="18" version="1">
        <parameters />
        <EnvObject t0="-129.285" t1="-8.90425" t2="-24.4603" s0="0.0910002" s1="0.265055" s2="0.142339" r0="-0.834074" r1="-0.5" r2="0.233067" r3="0" r4="-0.481553" r5="0.866025" r6="0.134562" r7="0" r8="-0.269123" r9="2.23517e-007" r10="-0.963106" r11="0" r12="0" r13="0" r14="0" r15="1" id="19" color_r="1" color_g="1" color_b="1" type_file="Data/Objects/Crete/CreteBlockStandard.xml">
            <parameters />
        </EnvObject>
        <EnvObject t0="-129.565" t1="-8.12075" t2="-24.391" s0="0.0909994" s1="0.0922002" s2="0.13659" r0="-0.890627" r1="0.380588" r2="0.24887" r3="0" r4="0.366547" r5="0.924745" r6="-0.102425" r7="0" r8="-0.269123" r9="1.71363e-007" r10="-0.963106" r11="0" r12="0" r13="0" r14="0" r15="1" id="20" color_r="1" color_g="1" color_b="1" type_file="Data/Objects/Crete/CreteBlockStandard.xml">
            <parameters />
        </EnvObject>
        <EnvObject t0="-129.597" t1="-7.74755" t2="-24.3915" s0="0.0909994" s1="0.0922002" s2="0.153863" r0="0.881925" r1="0.40184" r2="-0.246439" r3="0" r4="0.387015" r5="-0.91571" r6="-0.108145" r7="0" r8="-0.269123" r9="2.30968e-007" r10="-0.963106" r11="0" r12="0" r13="0" r14="0" r15="1" id="21" color_r="1" color_g="1" color_b="1" type_file="Data/Objects/Crete/CreteBlockStandard.xml">
            <parameters />
        </EnvObject>
        <EnvObject t0="-129.367" t1="-7.14805" t2="-24.4459" s0="0.0827634" s1="0.206877" s2="0.145578" r0="0.776128" r1="-0.592107" r2="-0.216875" r3="0" r4="-0.570262" r5="-0.805859" r6="0.159349" r7="0" r8="-0.269123" r9="3.65078e-007" r10="-0.963106" r11="0" r12="0" r13="0" r14="0" r15="1" id="22" color_r="1" color_g="1" color_b="1" type_file="Data/Objects/Crete/CreteBlockStandard.xml">
            <parameters />
        </EnvObject>
    </Group>
    <ActorObject t0="-127.422" t1="-8.59485" t2="-27.2737" s0="1" s1="1" s2="1" r0="-0.97526" r1="-1.64446e-007" r2="0.221059" r3="0" r4="-1.90963e-007" r5="1" r6="-9.8582e-008" r7="0" r8="-0.221059" r9="-1.38357e-007" r10="-0.97526" r11="0" r12="0" r13="0" r14="0" r15="1" id="1" type_file="Data/Custom/timbles/therium-2/Objects/IGF_Characters/ghost.xml" is_player="1">
        <parameters>
            <parameter name="Aggression" type="float" val="0.5" />
            <parameter name="Attack Damage" type="float" val="1" />
            <parameter name="Attack Knockback" type="float" val="1" />
            <parameter name="Attack Speed" type="float" val="1" />
            <parameter name="Block Follow-up" type="float" val="0.5" />
            <parameter name="Block Skill" type="float" val="0.5" />
            <parameter name="Character Scale" type="float" val="1" />
            <parameter name="Damage Resistance" type="float" val="1" />
            <parameter name="Ear Size" type="float" val="1" />
            <parameter name="Fat" type="float" val="0.5" />
            <parameter name="Ground Aggression" type="float" val="0.5" />
            <parameter name="Left handed" type="int" val="0" />
            <parameter name="Lives" type="int" val="1" />
            <parameter name="Movement Speed" type="float" val="1" />
            <parameter name="Muscle" type="float" val="0.5" />
            <parameter name="Teams" type="string" val="player, Ghost" />
        </parameters>
        <Connections>
            <Connection id="-1" />
        </Connections>
        <ItemConnections />
        <Palette />
    </ActorObject>
    <EnvObject t0="-128.029" t1="-11.3191" t2="-30.1055" s0="1.01956" s1="1.01956" s2="1.01956" r0="-0.963106" r1="3.21932e-007" r2="0.269123" r3="0" r4="3.86696e-007" r5="1" r6="1.87636e-007" r7="0" r8="-0.269123" r9="2.84782e-007" r10="-0.963106" r11="0" r12="0" r13="0" r14="0" r15="1" id="2" color_r="1" color_g="1" color_b="1" type_file="Data/Objects/Buildings/stairs1.xml">
        <parameters />
    </EnvObject>
    <EnvObject t0="-128.302" t1="-12.1766" t2="-31.0185" s0="1.01956" s1="1.01956" s2="1.01956" r0="-0.963106" r1="3.8908e-007" r2="0.269124" r3="0" r4="4.37653e-007" r5="1" r6="1.20488e-007" r7="0" r8="-0.269124" r9="2.33826e-007" r10="-0.963106" r11="0" r12="0" r13="0" r14="0" r15="1" id="23" color_r="1" color_g="1" color_b="1" type_file="Data/Objects/Buildings/stairs1.xml">
        <parameters />
    </EnvObject>
    <EnvObject t0="-128.512" t1="-12.6812" t2="-31.8364" s0="1.01956" s1="1.01956" s2="1.01956" r0="-0.963106" r1="3.21932e-007" r2="0.269123" r3="0" r4="3.86696e-007" r5="1" r6="1.87636e-007" r7="0" r8="-0.269123" r9="2.84782e-007" r10="-0.963106" r11="0" r12="0" r13="0" r14="0" r15="1" id="25" color_r="1" color_g="1" color_b="1" type_file="Data/Objects/Buildings/stairs1.xml">
        <parameters />
    </EnvObject>
    <EnvObject t0="-128.786" t1="-13.5386" t2="-32.7494" s0="1.01956" s1="1.01956" s2="1.01956" r0="-0.963106" r1="3.8908e-007" r2="0.269124" r3="0" r4="4.37653e-007" r5="1" r6="1.20488e-007" r7="0" r8="-0.269124" r9="2.33826e-007" r10="-0.963106" r11="0" r12="0" r13="0" r14="0" r15="1" id="26" color_r="1" color_g="1" color_b="1" type_file="Data/Objects/Buildings/stairs1.xml">
        <parameters />
    </EnvObject>
    <EnvObject t0="-240.275" t1="13.9927" t2="67.577" s0="0.373895" s1="0.445384" s2="0.285313" r0="0.594306" r1="-0.0647189" r2="0.801631" r3="0" r4="-0.0502367" r5="0.991823" r6="0.117318" r7="0" r8="-0.802669" r9="-0.109994" r10="0.586195" r11="0" r12="0" r13="0" r14="0" r15="1" id="24" color_r="1" color_g="1" color_b="1" type_file="Data/Objects/Environment/Land/jagged_outcrop.xml">
        <parameters />
    </EnvObject>
    <EnvObject t0="-246.163" t1="5.88486" t2="26.5144" s0="0.437645" s1="0.437645" s2="0.437645" r0="0.228009" r1="-0.237823" r2="-0.944167" r3="0" r4="-0.224988" r5="0.930597" r6="-0.288737" r7="0" r8="0.947308" r9="0.278261" r10="0.158678" r11="0" r12="0" r13="0" r14="0" r15="1" id="27" color_r="1" color_g="1" color_b="1" type_file="Data/Objects/Environment/Land/jagged_outcrop.xml">
        <parameters />
    </EnvObject>
    <EnvObject t0="-177.707" t1="8.04098" t2="105.233" s0="0.373895" s1="0.360298" s2="0.40379" r0="0.964489" r1="-0.1685" r2="0.203393" r3="0" r4="0.100376" r5="0.946131" r6="0.307831" r7="0" r8="-0.244306" r9="-0.276484" r10="0.929447" r11="0" r12="0" r13="0" r14="0" r15="1" id="28" color_r="1" color_g="1" color_b="1" type_file="Data/Objects/Environment/Land/jagged_outcrop.xml">
        <parameters />
    </EnvObject>
    <EnvObject t0="-190.875" t1="1.27297" t2="42.3573" s0="1.56127" s1="1.5188" s2="1.48275" r0="0.169305" r1="0.0709105" r2="0.983009" r3="0" r4="-0.770252" r5="0.631765" r6="0.0870888" r7="0" r8="-0.614855" r9="-0.77191" r10="0.16158" r11="0" r12="0" r13="0" r14="0" r15="1" id="29" color_r="0.670588" color_g="0.694118" color_b="0.717647" type_file="Data/Objects/Environment/Rocks/coast_rock_large.xml">
        <parameters />
    </EnvObject>
    <EnvObject t0="-195.043" t1="2.8785" t2="44.8536" s0="1.36693" s1="1.32975" s2="1.29818" r0="0.102344" r1="-0.189982" r2="-0.976439" r3="0" r4="0.987276" r5="0.139494" r6="0.0763391" r7="0" r8="0.121704" r9="-0.971827" r10="0.201841" r11="0" r12="0" r13="0" r14="0" r15="1" id="30" color_r="0.670588" color_g="0.694118" color_b="0.717647" type_file="Data/Objects/Environment/Rocks/coast_rock_large.xml">
        <parameters />
    </EnvObject>
    <EnvObject t0="-222.685" t1="30.3666" t2="92.1582" s0="1" s1="1" s2="1" r0="1" r1="0" r2="0" r3="0" r4="0" r5="1" r6="0" r7="0" r8="0" r9="0" r10="1" r11="0" r12="0" r13="0" r14="0" r15="1" id="31" color_r="1" color_g="1" color_b="1" type_file="Data/Objects/Environment/Land/sandstone_spire.xml">
        <parameters />
    </EnvObject>
    <EnvObject t0="-209.083" t1="13.837" t2="105.784" s0="1" s1="1" s2="1" r0="-0.791681" r1="0.0573596" r2="0.608236" r3="0" r4="0.00935737" r5="0.996604" r6="-0.0818051" r7="0" r8="-0.610863" r9="-0.059072" r10="-0.78953" r11="0" r12="0" r13="0" r14="0" r15="1" id="32" color_r="1" color_g="1" color_b="1" type_file="Data/Objects/Environment/Land/sandstone_spire.xml">
        <parameters />
    </EnvObject>
    <EnvObject t0="-184.431" t1="0.605987" t2="42.4834" s0="2.23629" s1="2.23629" s2="2.23629" r0="-0.148039" r1="-0.878745" r2="0.453753" r3="0" r4="0.0634156" r5="0.449429" r6="0.891062" r7="0" r8="-0.986946" r9="0.160687" r10="-0.0108071" r11="0" r12="0" r13="0" r14="0" r15="1" id="33" color_r="0.45098" color_g="0.45098" color_b="0.45098" type_file="Data/Objects/rocks/RoundStone1.xml">
        <parameters />
    </EnvObject>
    <EnvObject t0="-192.389" t1="5.47928" t2="49.3842" s0="2.23629" s1="2.23629" s2="2.23629" r0="0.914716" r1="0.0278509" r2="0.403136" r3="0" r4="0.0782064" r5="-0.990962" r6="-0.108989" r7="0" r8="0.396457" r9="0.131222" r10="-0.908627" r11="0" r12="0" r13="0" r14="0" r15="1" id="34" color_r="0.45098" color_g="0.45098" color_b="0.45098" type_file="Data/Objects/rocks/RoundStone1.xml">
        <parameters />
    </EnvObject>
    <EnvObject t0="-230.767" t1="-14.3706" t2="-17.6869" s0="0.767868" s1="0.504968" s2="0.767867" r0="-0.359436" r1="0.0249866" r2="0.932835" r3="0" r4="-0.36185" r5="0.917696" r6="-0.164008" r7="0" r8="-0.860157" r9="-0.396497" r10="-0.320812" r11="0" r12="0" r13="0" r14="0" r15="1" id="35" color_r="1" color_g="1" color_b="1" type_file="Data/Objects/Environment/Land/jagged_outcrop.xml">
        <parameters />
    </EnvObject>
    <EnvObject t0="-214.469" t1="2.51411" t2="-28.387" s0="1" s1="1" s2="1" r0="-0.670566" r1="0.0147604" r2="-0.741703" r3="0" r4="0.0380154" r5="0.999172" r6="-0.0144852" r7="0" r8="0.740875" r9="-0.0379095" r10="-0.670572" r11="0" r12="0" r13="0" r14="0" r15="1" id="36" color_r="1" color_g="1" color_b="1" type_file="Data/Objects/Environment/Land/sandstone_spire.xml">
        <parameters />
    </EnvObject>
    <EnvObject t0="-205.267" t1="-4.13222" t2="-24.4082" s0="0.670457" s1="0.670457" s2="0.670457" r0="1" r1="0" r2="0" r3="0" r4="0" r5="1" r6="0" r7="0" r8="0" r9="0" r10="1" r11="0" r12="0" r13="0" r14="0" r15="1" id="37" color_r="1" color_g="1" color_b="1" type_file="Data/Objects/Environment/Land/sandstone_mesa.xml">
        <parameters />
    </EnvObject>
    <EnvObject t0="-189.375" t1="10.5655" t2="14.7554" s0="1" s1="1" s2="1" r0="0.423557" r1="0.0854562" r2="0.90183" r3="0" r4="-0.0363283" r5="0.996342" r6="-0.0773499" r7="0" r8="-0.905141" r9="9.31323e-008" r10="0.425112" r11="0" r12="0" r13="0" r14="0" r15="1" id="38" color_r="1" color_g="1" color_b="1" type_file="Data/Objects/Environment/Land/sandstone_bridge.xml">
        <parameters />
    </EnvObject>
    <EnvObject t0="-175.249" t1="17.188" t2="51.37" s0="0.539621" s1="0.539621" s2="0.539621" r0="1" r1="0" r2="0" r3="0" r4="0" r5="1" r6="0" r7="0" r8="0" r9="0" r10="1" r11="0" r12="0" r13="0" r14="0" r15="1" id="39" color_r="1" color_g="1" color_b="1" type_file="Data/Objects/Environment/Land/sandstone_mesa.xml">
        <parameters />
    </EnvObject>
    <EnvObject t0="-179.295" t1="6.13243" t2="60.6097" s0="0.672431" s1="0.672431" s2="0.672431" r0="0.138047" r1="0.0310204" r2="0.98994" r3="0" r4="-0.00369688" r5="0.999519" r6="-0.030805" r7="0" r8="-0.990419" r9="0.000592844" r10="0.138095" r11="0" r12="0" r13="0" r14="0" r15="1" id="40" color_r="1" color_g="1" color_b="1" type_file="Data/Objects/Environment/Land/sandstone_spire.xml">
        <parameters />
    </EnvObject>
    <EnvObject t0="-198.977" t1="5.91439" t2="130.274" s0="1.16731" s1="1.16731" s2="1.16731" r0="0.155679" r1="0.946411" r2="0.282968" r3="0" r4="-0.35591" r5="0.320961" r6="-0.877674" r7="0" r8="-0.921462" r9="0.0359241" r10="0.386804" r11="0" r12="0" r13="0" r14="0" r15="1" id="41" color_r="1" color_g="1" color_b="1" type_file="Data/Objects/Environment/Land/sandstone_spire.xml">
        <parameters />
    </EnvObject>
    <EnvObject t0="-158.884" t1="3.32893" t2="104.319" s0="0.373895" s1="0.360298" s2="0.40379" r0="0.397589" r1="0.418462" r2="-0.816586" r3="0" r4="0.0971224" r5="0.865758" r6="0.490948" r7="0" r8="0.912409" r9="-0.274505" r10="0.303574" r11="0" r12="0" r13="0" r14="0" r15="1" id="42" color_r="1" color_g="1" color_b="1" type_file="Data/Objects/Environment/Land/jagged_outcrop.xml">
        <parameters />
    </EnvObject>
    <EnvObject t0="-139.06" t1="-9.59862" t2="38.2821" s0="1" s1="1" s2="1" r0="0.939955" r1="0.00778304" r2="-0.341209" r3="0" r4="-0.0363283" r5="0.996342" r6="-0.0773498" r7="0" r8="0.339358" r9="0.0851009" r10="0.9368" r11="0" r12="0" r13="0" r14="0" r15="1" id="43" color_r="1" color_g="1" color_b="1" type_file="Data/Objects/Environment/Land/sandstone_bridge.xml">
        <parameters />
    </EnvObject>
    <EnvObject t0="-130.174" t1="-1.38661" t2="35.5494" s0="0.81646" s1="0.81646" s2="0.81646" r0="1" r1="0" r2="0" r3="0" r4="0" r5="1" r6="0" r7="0" r8="0" r9="0" r10="1" r11="0" r12="0" r13="0" r14="0" r15="1" id="44" color_r="1" color_g="1" color_b="1" type_file="Data/Objects/Environment/Land/sandstone_mesa.xml">
        <parameters />
    </EnvObject>
    <EnvObject t0="-154.211" t1="-8.43607" t2="-7.87571" s0="0.626952" s1="1.63459" s2="0.703888" r0="-0.713758" r1="5.51747e-008" r2="0.700392" r3="0" r4="5.51747e-008" r5="1" r6="-2.25492e-008" r7="0" r8="-0.700392" r9="2.25492e-008" r10="-0.713758" r11="0" r12="0" r13="0" r14="0" r15="1" id="45" color_r="1" color_g="1" color_b="1" type_file="Data/Objects/Buildings/terraces/cat_patio_box.xml">
        <parameters />
    </EnvObject>
    <EnvObject t0="-165.505" t1="-14.4708" t2="-46.6556" s0="0.618366" s1="0.618366" s2="0.618366" r0="-0.879212" r1="2.88884e-008" r2="0.47643" r3="0" r4="2.88884e-008" r5="1" r6="-7.32397e-009" r7="0" r8="-0.47643" r9="7.32397e-009" r10="-0.879212" r11="0" r12="0" r13="0" r14="0" r15="1" id="46" color_r="1" color_g="1" color_b="1" type_file="Data/Objects/Buildings/terraces/cat_patio_ramp.xml">
        <parameters />
    </EnvObject>
    <EnvObject t0="-152.283" t1="-11.2154" t2="-20.0093" s0="0.73161" s1="1.02224" s2="0.666968" r0="-0.700392" r1="5.49591e-008" r2="-0.713759" r3="0" r4="5.49591e-008" r5="1" r6="2.30697e-008" r7="0" r8="0.713759" r9="-2.30697e-008" r10="-0.700392" r11="0" r12="0" r13="0" r14="0" r15="1" id="47" color_r="1" color_g="1" color_b="1" type_file="Data/Objects/Buildings/terraces/cat_patio_box.xml">
        <parameters />
    </EnvObject>
    <EnvObject t0="-135.41" t1="-12.2588" t2="-15.8975" s0="0.397121" s1="0.721597" s2="0.397121" r0="-0.910861" r1="3.93861e-008" r2="-0.412713" r3="0" r4="7.71363e-008" r5="1" r6="-7.48085e-008" r7="0" r8="0.412713" r9="-9.99753e-008" r10="-0.910861" r11="0" r12="0" r13="0" r14="0" r15="1" id="48" color_r="1" color_g="1" color_b="1" type_file="Data/Objects/Buildings/terraces/cat_patio_box.xml">
        <parameters />
    </EnvObject>
    <EnvObject t0="-136.22" t1="-6.55042" t2="-15.7519" s0="0.325107" s1="0.707244" s2="0.314146" r0="-0.910861" r1="3.93861e-008" r2="-0.412713" r3="0" r4="7.71364e-008" r5="1" r6="-7.48084e-008" r7="0" r8="0.412713" r9="-9.99753e-008" r10="-0.910861" r11="0" r12="0" r13="0" r14="0" r15="1" id="49" color_r="1" color_g="1" color_b="1" type_file="Data/Objects/Buildings/terraces/cat_patio_box.xml">
        <parameters />
    </EnvObject>
    <EnvObject t0="-116.274" t1="-5.06328" t2="-52.6707" s0="0.430662" s1="0.430662" s2="0.430662" r0="1" r1="0" r2="0" r3="0" r4="0" r5="1" r6="0" r7="0" r8="0" r9="0" r10="1" r11="0" r12="0" r13="0" r14="0" r15="1" id="50" color_r="1" color_g="1" color_b="1" type_file="Data/Objects/Environment/Land/sandstone_mesa.xml">
        <parameters />
    </EnvObject>
    <EnvObject t0="-121.949" t1="-9.77664" t2="-51.7147" s0="0.435694" s1="0.435694" s2="0.435694" r0="1" r1="0" r2="0" r3="0" r4="0" r5="1" r6="0" r7="0" r8="0" r9="0" r10="1" r11="0" r12="0" r13="0" r14="0" r15="1" id="51" color_r="1" color_g="1" color_b="1" type_file="Data/Objects/Environment/Land/sandstone_spire.xml">
        <parameters />
    </EnvObject>
    <EnvObject t0="-113.377" t1="-14.8195" t2="-45.7997" s0="0.435694" s1="0.435694" s2="0.435694" r0="-0.991189" r1="0.00490467" r2="-0.13236" r3="0" r4="0.00335138" r5="0.999923" r6="0.0119556" r7="0" r8="0.132408" r9="0.0114067" r10="-0.99113" r11="0" r12="0" r13="0" r14="0" r15="1" id="52" color_r="1" color_g="1" color_b="1" type_file="Data/Objects/Environment/Land/sandstone_spire.xml">
        <parameters />
    </EnvObject>
    <EnvObject t0="-292.888" t1="-17.2901" t2="-52.7777" s0="1.20638" s1="1.20638" s2="1.20638" r0="-0.421303" r1="-0.135259" r2="0.896777" r3="0" r4="0.00535404" r5="0.988428" r6="0.151597" r7="0" r8="-0.906904" r9="0.0686699" r10="-0.415704" r11="0" r12="0" r13="0" r14="0" r15="1" id="53" color_r="1" color_g="1" color_b="1" type_file="Data/Objects/Environment/Land/jagged_outcrop.xml">
        <parameters />
    </EnvObject>
    <EnvObject t0="-143.235" t1="-4.4212" t2="-25.2797" s0="0.81132" s1="0.583677" s2="0.583678" r0="0.686274" r1="-4.72139e-008" r2="0.727343" r3="0" r4="-4.72139e-008" r5="1" r6="1.09461e-007" r7="0" r8="-0.727343" r9="-1.09461e-007" r10="0.686274" r11="0" r12="0" r13="0" r14="0" r15="1" id="54" color_r="1" color_g="1" color_b="1" type_file="Data/Objects/Buildings/cat_town/medium_block.xml">
        <parameters />
    </EnvObject>
    <EnvObject t0="-148.988" t1="-0.474819" t2="-30.3958" s0="1.45081" s1="1.45081" s2="1.45081" r0="0.5" r1="-5.96045e-008" r2="-0.866025" r3="0" r4="-5.96045e-008" r5="1" r6="-1.03238e-007" r7="0" r8="0.866025" r9="1.03238e-007" r10="0.5" r11="0" r12="0" r13="0" r14="0" r15="1" id="55" color_r="1" color_g="1" color_b="1" type_file="Data/Objects/Buildings/cat_town/medium_tower.xml">
        <parameters />
    </EnvObject>
    <EnvObject t0="-178.769" t1="-9.41832" t2="-54.0313" s0="0.578958" s1="0.701208" s2="0.701208" r0="-0.866026" r1="1.15147e-007" r2="0.5" r3="0" r4="1.15147e-007" r5="1" r6="-3.08535e-008" r7="0" r8="-0.5" r9="3.08535e-008" r10="-0.866026" r11="0" r12="0" r13="0" r14="0" r15="1" id="56" color_r="1" color_g="1" color_b="1" type_file="Data/Objects/Buildings/cat_town/window_block.xml">
        <parameters />
    </EnvObject>
    <EnvObject t0="-160.419" t1="-10.145" t2="-25.9006" s0="1.26865" s1="1.36702" s2="1.78771" r0="-0.866025" r1="5.75737e-008" r2="0.5" r3="0" r4="5.75737e-008" r5="1" r6="-1.54268e-008" r7="0" r8="-0.5" r9="1.54268e-008" r10="-0.866025" r11="0" r12="0" r13="0" r14="0" r15="1" id="57" color_r="1" color_g="1" color_b="1" type_file="Data/Objects/Buildings/cat_town/ramp_floor.xml">
        <parameters />
    </EnvObject>
    <EnvObject t0="-180.186" t1="-4.23013" t2="-56.4529" s0="2.51505" s1="2.51505" s2="2.51505" r0="-0.866025" r1="1.56462e-007" r2="0.5" r3="0" r4="-0.25" r5="0.866025" r6="-0.433013" r7="0" r8="-0.433013" r9="-0.5" r10="-0.75" r11="0" r12="0" r13="0" r14="0" r15="1" id="58" color_r="1" color_g="1" color_b="1" type_file="Data/Objects/Buildings/Roofs/china_roof.xml">
        <parameters />
    </EnvObject>
    <EnvObject t0="-178.534" t1="-2.35894" t2="-53.607" s0="1.88253" s1="1.88254" s2="2.74427" r0="0.433013" r1="0.5" r2="0.75" r3="0" r4="-0.25" r5="0.866025" r6="-0.433013" r7="0" r8="-0.866025" r9="3.42727e-007" r10="0.5" r11="0" r12="0" r13="0" r14="0" r15="1" id="59" color_r="1" color_g="1" color_b="1" type_file="Data/Objects/Buildings/Roofs/china_roof_trim.xml">
        <parameters />
    </EnvObject>
    <EnvObject t0="-175.323" t1="-5.41806" t2="-55.5217" s0="2.09978" s1="2.09978" s2="2.09978" r0="-0.866026" r1="1.15147e-007" r2="0.5" r3="0" r4="1.15147e-007" r5="1" r6="-3.08535e-008" r7="0" r8="-0.5" r9="3.08535e-008" r10="-0.866026" r11="0" r12="0" r13="0" r14="0" r15="1" id="60" color_r="1" color_g="1" color_b="1" type_file="Data/Objects/Buildings/Post1.xml">
        <parameters />
    </EnvObject>
    <EnvObject t0="-181.545" t1="-5.41806" t2="-51.9294" s0="2.09978" s1="2.09978" s2="2.09978" r0="-0.866025" r1="1.15147e-007" r2="0.5" r3="0" r4="1.15147e-007" r5="1" r6="-3.08536e-008" r7="0" r8="-0.5" r9="3.08536e-008" r10="-0.866025" r11="0" r12="0" r13="0" r14="0" r15="1" id="61" color_r="1" color_g="1" color_b="1" type_file="Data/Objects/Buildings/Post1.xml">
        <parameters />
    </EnvObject>
    <EnvObject t0="-179.057" t1="-6.2949" t2="-54.8004" s0="1" s1="1" s2="1" r0="0.866025" r1="0" r2="-0.5" r3="0" r4="0" r5="1" r6="0" r7="0" r8="0.5" r9="0" r10="0.866025" r11="0" r12="0" r13="0" r14="0" r15="1" id="62" color_r="1" color_g="1" color_b="1" type_file="Data/Custom/twowolves/decor_trapdoor/jims_trapdoor.xml">
        <parameters />
    </EnvObject>
    <EnvObject t0="-149.039" t1="8.7581" t2="-30.5636" s0="0.797416" s1="0.797416" s2="0.797416" r0="-0.866026" r1="5.75737e-008" r2="-0.5" r3="0" r4="5.75737e-008" r5="1" r6="1.54268e-008" r7="0" r8="0.5" r9="-1.54268e-008" r10="-0.866026" r11="0" r12="0" r13="0" r14="0" r15="1" id="65" color_r="1" color_g="1" color_b="1" type_file="Data/Custom/timbles/therium-2/Objects/Bell.xml">
        <parameters />
    </EnvObject>
    <EnvObject t0="-176.395" t1="-7.12859" t2="-20.2145" s0="0.412034" s1="1.07426" s2="0.462597" r0="0.859842" r1="-0" r2="-0.510561" r3="0" r4="0" r5="1" r6="-0" r7="0" r8="0.510561" r9="0" r10="0.859842" r11="0" r12="0" r13="0" r14="0" r15="1" id="69" color_r="1" color_g="1" color_b="1" type_file="Data/Objects/Buildings/terraces/cat_patio_box.xml">
        <parameters />
    </EnvObject>
    <EnvObject t0="-148.967" t1="12.7978" t2="-30.6882" s0="0.392751" s1="0.106866" s2="0.749703" r0="0.866025" r1="4.21468e-008" r2="0.5" r3="0" r4="7.30005e-008" r5="-1" r6="-4.21468e-008" r7="0" r8="0.5" r9="7.30005e-008" r10="-0.866025" r11="0" r12="0" r13="0" r14="0" r15="1" id="70" color_r="1" color_g="1" color_b="1" type_file="Data/Objects/Buildings/cat_town/medium_block.xml">
        <parameters />
    </EnvObject>
    <EnvObject t0="-148.967" t1="14.1616" t2="-30.6882" s0="0.392751" s1="0.203188" s2="0.749703" r0="-0.866025" r1="-1.41867e-007" r2="-0.5" r3="0" r4="-2.03575e-007" r5="1" r6="6.88671e-008" r7="0" r8="0.5" r9="1.61428e-007" r10="-0.866025" r11="0" r12="0" r13="0" r14="0" r15="1" id="71" color_r="1" color_g="1" color_b="1" type_file="Data/Objects/Buildings/cat_town/medium_block.xml">
        <parameters />
    </EnvObject>
    <EnvObject t0="-149.044" t1="11.2713" t2="-30.5545" s0="0.797432" s1="0.797417" s2="1.11114" r0="0.866025" r1="0" r2="0.5" r3="0" r4="-0" r5="1" r6="0" r7="0" r8="-0.5" r9="-0" r10="0.866025" r11="0" r12="0" r13="0" r14="0" r15="1" id="72" color_r="1" color_g="1" color_b="1" type_file="Data/Objects/Buildings/Post1.xml">
        <parameters />
    </EnvObject>
    <EnvObject t0="-149.05" t1="10.4013" t2="-30.5829" s0="2.3031" s1="2.3031" s2="2.3031" r0="0.866025" r1="0" r2="-0.5" r3="0" r4="0" r5="1" r6="0" r7="0" r8="0.5" r9="0" r10="0.866025" r11="0" r12="0" r13="0" r14="0" r15="1" id="73" color_r="1" color_g="1" color_b="1" type_file="Data/Objects/Buildings/RopeBall1.xml">
        <parameters />
    </EnvObject>
    <EnvObject t0="-155.954" t1="1.57713" t2="-1.29553" s0="0.578958" s1="0.701208" s2="0.701208" r0="0.720072" r1="6.18721e-008" r2="-0.693899" r3="0" r4="2.73245e-008" r5="1" r6="1.17521e-007" r7="0" r8="0.693899" r9="-1.03584e-007" r10="0.720072" r11="0" r12="0" r13="0" r14="0" r15="1" id="74" color_r="1" color_g="1" color_b="1" type_file="Data/Objects/Buildings/cat_town/window_block.xml">
        <parameters />
    </EnvObject>
    <EnvObject t0="-166.566" t1="-5.72499" t2="-24.7998" s0="1" s1="1" s2="1" r0="-0.5" r1="-5.16191e-008" r2="-0.866025" r3="0" r4="-5.16191e-008" r5="1" r6="-2.98023e-008" r7="0" r8="0.866025" r9="2.98023e-008" r10="-0.5" r11="0" r12="0" r13="0" r14="0" r15="1" id="75" color_r="1" color_g="1" color_b="1" type_file="Data/Objects/Buildings/terraces/cat_stairs.xml">
        <parameters />
    </EnvObject>
    <EnvObject t0="-149.971" t1="9.18884" t2="-33.569" s0="2.75265" s1="2.75265" s2="2.75265" r0="0.5" r1="-5.96045e-008" r2="-0.866025" r3="0" r4="-5.96045e-008" r5="1" r6="-1.03238e-007" r7="0" r8="0.866025" r9="1.03238e-007" r10="0.5" r11="0" r12="0" r13="0" r14="0" r15="1" id="81" color_r="1" color_g="1" color_b="1" type_file="Data/Objects/Buildings/Post1.xml">
        <parameters />
    </EnvObject>
    <EnvObject t0="-152.258" t1="9.18884" t2="-29.6082" s0="2.75265" s1="2.75265" s2="2.75265" r0="0.5" r1="-5.96045e-008" r2="-0.866025" r3="0" r4="-5.96045e-008" r5="1" r6="-1.03238e-007" r7="0" r8="0.866025" r9="1.03238e-007" r10="0.5" r11="0" r12="0" r13="0" r14="0" r15="1" id="82" color_r="1" color_g="1" color_b="1" type_file="Data/Objects/Buildings/Post1.xml">
        <parameters />
    </EnvObject>
    <EnvObject t0="-148.085" t1="9.18884" t2="-27.199" s0="2.75265" s1="2.75265" s2="2.75265" r0="0.5" r1="-5.96045e-008" r2="-0.866025" r3="0" r4="-5.96045e-008" r5="1" r6="-1.03238e-007" r7="0" r8="0.866025" r9="1.03238e-007" r10="0.5" r11="0" r12="0" r13="0" r14="0" r15="1" id="83" color_r="1" color_g="1" color_b="1" type_file="Data/Objects/Buildings/Post1.xml">
        <parameters />
    </EnvObject>
    <EnvObject t0="-145.736" t1="9.18884" t2="-31.2673" s0="2.75265" s1="2.75265" s2="2.75265" r0="0.5" r1="-5.96045e-008" r2="-0.866025" r3="0" r4="-5.96045e-008" r5="1" r6="-1.03238e-007" r7="0" r8="0.866025" r9="1.03238e-007" r10="0.5" r11="0" r12="0" r13="0" r14="0" r15="1" id="84" color_r="1" color_g="1" color_b="1" type_file="Data/Objects/Buildings/Post1.xml">
        <parameters />
    </EnvObject>
    <EnvObject t0="-148.967" t1="5.89152" t2="-30.5888" s0="1" s1="1" s2="1" r0="-0.508309" r1="1.10869e-007" r2="0.861175" r3="0" r4="-7.34532e-009" r5="1" r6="-1.33077e-007" r7="0" r8="-0.861175" r9="-7.39698e-008" r10="-0.508309" r11="0" r12="0" r13="0" r14="0" r15="1" id="85" color_r="1" color_g="1" color_b="1" type_file="Data/Custom/twowolves/decor_trapdoor/jims_trapdoor.xml">
        <parameters />
    </EnvObject>
    <EnvObject t0="-191.752" t1="-14.5143" t2="-44.8962" s0="2.05578" s1="2.22114" s2="3.64493" r0="0.866025" r1="-4.47035e-008" r2="-0.5" r3="0" r4="-0.25" r5="0.866025" r6="-0.433013" r7="0" r8="0.433013" r9="0.5" r10="0.75" r11="0" r12="0" r13="0" r14="0" r15="1" id="80" color_r="1" color_g="1" color_b="1" type_file="Data/Objects/Buildings/cat_town/short_trim.xml">
        <parameters />
    </EnvObject>
    <EnvObject t0="-185.541" t1="-9.69759" t2="-33.7159" s0="2.5932" s1="1.95092" s2="2.19636" r0="0.5" r1="5.96045e-008" r2="0.866025" r3="0" r4="5.96045e-008" r5="1" r6="-1.03238e-007" r7="0" r8="-0.866025" r9="1.03238e-007" r10="0.5" r11="0" r12="0" r13="0" r14="0" r15="1" id="86" color_r="1" color_g="1" color_b="1" type_file="Data/Objects/Buildings/cat_town/short_trim.xml">
        <parameters />
    </EnvObject>
    <EnvObject t0="-176.712" t1="-8.04349" t2="-33.0347" s0="0.935457" s1="0.820992" s2="1.22029" r0="-0.866025" r1="-4.21468e-008" r2="0.5" r3="0" r4="-7.30005e-008" r5="1" r6="-4.21468e-008" r7="0" r8="-0.5" r9="-7.30005e-008" r10="-0.866025" r11="0" r12="0" r13="0" r14="0" r15="1" id="87" color_r="1" color_g="1" color_b="1" type_file="Data/Objects/Buildings/cat_town/buttress.xml">
        <parameters />
    </EnvObject>
    <EnvObject t0="-181.193" t1="-8.53638" t2="-38.8263" s0="0.729188" s1="0.729188" s2="0.729188" r0="-0.5" r1="-5.16191e-008" r2="-0.866025" r3="0" r4="-5.16191e-008" r5="1" r6="-2.98023e-008" r7="0" r8="0.866025" r9="2.98023e-008" r10="-0.5" r11="0" r12="0" r13="0" r14="0" r15="1" id="88" color_r="1" color_g="1" color_b="1" type_file="Data/Objects/Buildings/cat_town/large_door.xml">
        <parameters />
    </EnvObject>
    <EnvObject t0="-182.548" t1="-8.45113" t2="-46.5559" s0="1.43559" s1="1.43559" s2="1.43559" r0="0.499999" r1="1.03238e-007" r2="0.866026" r3="0" r4="-1.03238e-007" r5="1" r6="-5.96045e-008" r7="0" r8="-0.866026" r9="-5.96045e-008" r10="0.499999" r11="0" r12="0" r13="0" r14="0" r15="1" id="89" color_r="1" color_g="1" color_b="1" type_file="Data/Objects/Buildings/cat_town/medium_tower.xml">
        <parameters />
    </EnvObject>
    <EnvObject t0="-184.158" t1="-5.71414" t2="-32.7841" s0="1" s1="1" s2="1" r0="-0.866025" r1="-5.75737e-008" r2="0.5" r3="0" r4="-5.75737e-008" r5="1" r6="1.54268e-008" r7="0" r8="-0.5" r9="-1.54268e-008" r10="-0.866025" r11="0" r12="0" r13="0" r14="0" r15="1" id="90" color_r="1" color_g="1" color_b="1" type_file="Data/Objects/Buildings/terraces/cat_stairs.xml">
        <parameters />
    </EnvObject>
    <Decal t0="-174.101" t1="-9.81957" t2="-42.0785" s0="10.3827" s1="5.75143" s2="7.86039" r0="0.82849" r1="1.48893e-007" r2="-0.560004" r3="0" r4="-7.90743e-008" r5="1" r6="1.48893e-007" r7="0" r8="0.560004" r9="-7.90743e-008" r10="0.82849" r11="0" r12="0" r13="0" r14="0" r15="1" id="91" type_file="Data/Objects/Decals/WhiteRocksAndDirt.xml" i="0" color_r="0.419608" color_g="0.419608" color_b="0.419608">
        <parameters />
    </Decal>
    <Decal t0="-168.815" t1="-10.678" t2="-52.5387" s0="5.43501" s1="5.43501" s2="5.43501" r0="1" r1="0" r2="0" r3="0" r4="0" r5="1" r6="0" r7="0" r8="0" r9="0" r10="1" r11="0" r12="0" r13="0" r14="0" r15="1" id="92" type_file="Data/Objects/Decals/DarkStonyDirt.xml" i="0" color_r="1" color_g="1" color_b="1">
        <parameters />
    </Decal>
    <EnvObject t0="-163.826" t1="-11.9717" t2="-46.3434" s0="0.501674" s1="0.501674" s2="0.501674" r0="-0.304346" r1="0" r2="-0.952561" r3="0" r4="0" r5="1" r6="0" r7="0" r8="0.952561" r9="0" r10="-0.304346" r11="0" r12="0" r13="0" r14="0" r15="1" id="93" color_r="1" color_g="1" color_b="1" type_file="Data/Objects/Crete/hex_crete_rubble.xml">
        <parameters />
    </EnvObject>
    <EnvObject t0="-169.296" t1="-12.1114" t2="-40.3978" s0="0.501674" s1="0.501674" s2="0.501674" r0="-0.304345" r1="0" r2="-0.952562" r3="0" r4="0" r5="1" r6="0" r7="0" r8="0.952562" r9="0" r10="-0.304345" r11="0" r12="0" r13="0" r14="0" r15="1" id="94" color_r="1" color_g="1" color_b="1" type_file="Data/Objects/Crete/hex_crete_rubble.xml">
        <parameters />
    </EnvObject>
    <EnvObject t0="-154.511" t1="-7.15011" t2="-26.893" s0="0.501674" s1="0.501674" s2="0.501674" r0="-0.917159" r1="1.21308e-008" r2="0.398522" r3="0" r4="-1.21308e-008" r5="1" r6="-5.83572e-008" r7="0" r8="-0.398522" r9="-5.83572e-008" r10="-0.917159" r11="0" r12="0" r13="0" r14="0" r15="1" id="95" color_r="0.321569" color_g="0.321569" color_b="0.321569" type_file="Data/Objects/Crete/hex_crete_rubble.xml">
        <parameters />
    </EnvObject>
    <Group t0="-140.3" t1="-3.44611" t2="-11.5125" s0="3.88122" s1="4.98773" s2="5.15603" r0="1" r1="0" r2="0" r3="0" r4="0" r5="1" r6="0" r7="0" r8="0" r9="0" r10="1" r11="0" r12="0" r13="0" r14="0" r15="1" id="63" version="1">
        <parameters />
        <EnvObject t0="-140.34" t1="-1.49526" t2="-11.4321" s0="1" s1="1" s2="1" r0="-0.866025" r1="-5.75737e-008" r2="-0.5" r3="0" r4="-5.75737e-008" r5="1" r6="-1.54268e-008" r7="0" r8="0.5" r9="1.54268e-008" r10="-0.866025" r11="0" r12="0" r13="0" r14="0" r15="1" id="76" color_r="1" color_g="1" color_b="1" type_file="Data/Objects/Buildings/stairs1.xml">
            <parameters />
        </EnvObject>
