<?xml version="2.0" ?>
<Type>saved</Type>
<Name></Name>
<Description></Description>
<Shader>post</Shader>
<Terrain>
    <Heightmap>Data/Textures/Terrain/scrubby_hills/scrubby_hills_hm.png</Heightmap>
    <DetailMap></DetailMap>
    <ColorMap>Data/Textures/Terrain/tree_canyon/tree_canyon_winter_c.tga</ColorMap>
    <WeightMap>Data/Textures/Terrain/tree_canyon/tree_canyon_w.tga</WeightMap>
    <DetailMaps>
        <DetailMap colorpath="Data/Textures/Terrain/DetailTextures/snow.tga" normalpath="Data/Textures/Terrain/DetailTextures/snow_normal.tga" materialpath="Data/Materials/snow.xml" />
        <DetailMap colorpath="Data/Textures/Terrain/DetailTextures/dirt.tga" normalpath="Data/Textures/Terrain/DetailTextures/dirt_normal.png" materialpath="Data/Materials/snow.xml" />
        <DetailMap colorpath="Data/Textures/Terrain/DetailTextures/rubble_rocks_c.tga" normalpath="Data/Textures/Terrain/DetailTextures/rubble_rocks_n.tga" materialpath="Data/Materials/rocks.xml" />
        <DetailMap colorpath="Data/Textures/Terrain/DetailTextures/chipped_rock.tga" normalpath="Data/Textures/Terrain/DetailTextures/chipped_rock_normal.tga" materialpath="Data/Materials/rock.xml" />
    </DetailMaps>
    <DetailObjects>
        <DetailObject obj_path="Data/Objects/Environment/Rocks/lichen_rock_c.xml" weight_path="Data/Textures/Terrain/tree_canyon/tree_canyon_rocks.png" normal_conform="0.9" density="0.5" min_embed="0.4" max_embed="0.8" min_scale="0.2" max_scale="0.8" view_distance="30" jitter_degrees="10" overbright="0.05" collision_type="static" />
    </DetailObjects>
</Terrain>
<OutOfDate Shadow="true" AO="true" NavMesh="true" />
<SpawnPoints>
    <SpawnPoint t0="0" t1="0" t2="0" s0="1" s1="1" s2="1" r0="1" r1="0" r2="0" r3="0" r4="0" r5="1" r6="0" r7="0" r8="0" r9="0" r10="1" r11="0" r12="0" r13="0" r14="0" r15="1" />
</SpawnPoints>
<AmbientSounds>
    <Ambient path="Data/Sounds/ambient/amb_grassfield_loop" />
</AmbientSounds>
<Script></Script>
<LevelScriptParameters>
    <parameter name="Achievements" type="string" val="flawless, no_injuries, no_kills" />
    <parameter name="Extra AO" type="string" val="0.5" />
    <parameter name="Level Boundaries" type="string" val="1" />
    <parameter name="Objectives" type="string" val="destroy_all" />
    <parameter name="Sky Rotation" type="string" val="-40" />
</LevelScriptParameters>
<Sky>
    <DomeTexture>Data/Textures/skies/Blue2.tga</DomeTexture>
    <SunAngularRad>0.120124</SunAngularRad>
    <SunColorAngle>322.534</SunColorAngle>
    <RayToSun r0="-0.54638" r1="0.306208" r2="0.779555" />
    <ExtraAO>0.5</ExtraAO>
    <SkyRotation>-40</SkyRotation>
</Sky>
<ActorObjects>
    <ActorObject t0="-3.09894" t1="-2.78794" t2="8.04864" s0="1" s1="1" s2="1" r0="0.660068" r1="0" r2="-0.751206" r3="0" r4="0" r5="1" r6="0" r7="0" r8="0.751206" r9="0" r10="0.660068" r11="0" r12="0" r13="0" r14="0" r15="1" id="1" type_file="Data/Custom/timbles/therium-2/Objects/IGF_Characters/ghost.xml" is_player="1">
        <parameters>
            <parameter name="Aggression" type="float" val="0.5" />
            <parameter name="Attack Damage" type="float" val="1" />
            <parameter name="Attack Knockback" type="float" val="1" />
            <parameter name="Attack Speed" type="float" val="1" />
            <parameter name="Block Follow-up" type="float" val="0.5" />
            <parameter name="Block Skill" type="float" val="0.5" />
            <parameter name="Character Scale" type="float" val="1" />
            <parameter name="Damage Resistance" type="float" val="1" />
            <parameter name="Ear Size" type="float" val="1" />
            <parameter name="Fat" type="float" val="0.5" />
            <parameter name="Ground Aggression" type="float" val="0.5" />
            <parameter name="Left handed" type="int" val="0" />
            <parameter name="Lives" type="int" val="1" />
            <parameter name="Movement Speed" type="float" val="1" />
            <parameter name="Muscle" type="float" val="0.5" />
            <parameter name="Teams" type="string" val="player, Ghost" />
        </parameters>
        <Connections>
            <Connection id="-1" />
        </Connections>
        <ItemConnections />
        <Palette>
            <Color label="Fur" channel="0" red="1" green="1" blue="1" />
            <Color label="Pants" channel="1" red="1" green="1" blue="1" />
            <Color label="Shirt" channel="2" red="1" green="1" blue="1" />
            <Color label="Leather" channel="3" red="1" green="1" blue="1" />
        </Palette>
    </ActorObject>
    <EnvObject t0="71.3997" t1="21.8269" t2="46.9838" s0="1.39829" s1="0.708068" s2="1.2922" r0="-0.326614" r1="0.103714" r2="0.93945" r3="0" r4="0.160207" r5="0.985653" r6="-0.0531165" r7="0" r8="-0.931481" r9="0.133158" r10="-0.338544" r11="0" r12="0" r13="0" r14="0" r15="1" id="2" color_r="0.196078" color_g="0.27451" color_b="0.352941" type_file="Data/Objects/Environment/Land/sandstone_spire.xml">
        <parameters />
    </EnvObject>
    <EnvObject t0="28.2026" t1="22.0903" t2="72.5224" s0="0.727503" s1="0.661889" s2="1.22265" r0="0.909942" r1="-0.0381879" r2="0.412974" r3="0" r4="0.00510213" r5="0.996707" r6="0.080924" r7="0" r8="-0.414705" r9="-0.071529" r10="0.90714" r11="0" r12="0" r13="0" r14="0" r15="1" id="4" color_r="0.196078" color_g="0.27451" color_b="0.352941" type_file="Data/Objects/Environment/Land/sandstone_spire.xml">
        <parameters />
    </EnvObject>
    <EnvObject t0="2.25998" t1="16.0264" t2="102.597" s0="0.850237" s1="0.850237" s2="0.850237" r0="-0.326614" r1="0.103715" r2="0.93945" r3="0" r4="0.241467" r5="0.970133" r6="-0.0231526" r7="0" r8="-0.913793" r9="0.219284" r10="-0.341902" r11="0" r12="0" r13="0" r14="0" r15="1" id="8" color_r="0.196078" color_g="0.27451" color_b="0.352941" type_file="Data/Objects/Environment/Land/sandstone_spire.xml">
        <parameters />
    </EnvObject>
    <EnvObject t0="15.3287" t1="20.1377" t2="87.9554" s0="0.727503" s1="0.715594" s2="0.963832" r0="0.90218" r1="-0.162373" r2="0.399633" r3="0" r4="0.11871" r5="0.984133" r6="0.131869" r7="0" r8="-0.414705" r9="-0.0715291" r10="0.90714" r11="0" r12="0" r13="0" r14="0" r15="1" id="11" color_r="0.196078" color_g="0.27451" color_b="0.352941" type_file="Data/Objects/Environment/Land/sandstone_spire.xml">
        <parameters />
    </EnvObject>
    <EnvObject t0="90.5007" t1="2.85978" t2="-5.19395" s0="0.804192" s1="0.804192" s2="0.804192" r0="0.143535" r1="0.135004" r2="-0.980394" r3="0" r4="0.163153" r5="0.973868" r6="0.157992" r7="0" r8="0.976104" r9="-0.182631" r10="0.117758" r11="0" r12="0" r13="0" r14="0" r15="1" id="12" color_r="0.223529" color_g="0.278431" color_b="0.301961" type_file="Data/Objects/Environment/Land/sandstone_mesa.xml">
        <parameters />
    </EnvObject>
    <EnvObject t0="31.6014" t1="15.0596" t2="56.1202" s0="1.01189" s1="0.6891" s2="1.2922" r0="-0.326614" r1="0.103714" r2="0.93945" r3="0" r4="0.160207" r5="0.985653" r6="-0.0531165" r7="0" r8="-0.931481" r9="0.133158" r10="-0.338544" r11="0" r12="0" r13="0" r14="0" r15="1" id="13" color_r="0.196078" color_g="0.27451" color_b="0.352941" type_file="Data/Objects/Environment/Land/sandstone_spire.xml">
        <parameters />
    </EnvObject>
    <EnvObject t0="51.3277" t1="11.3882" t2="43.9732" s0="1" s1="1" s2="1" r0="0.822" r1="-0.390652" r2="0.414375" r3="0" r4="0.411606" r5="0.910404" r6="0.0417752" r7="0" r8="-0.393568" r9="0.13622" r10="0.909147" r11="0" r12="0" r13="0" r14="0" r15="1" id="14" color_r="0.207843" color_g="0.266667" color_b="0.333333" type_file="Data/Objects/Environment/Land/sandstone_mesa.xml">
        <parameters />
    </EnvObject>
    <EnvObject t0="102.006" t1="36.0281" t2="55.7454" s0="1.22095" s1="0.889387" s2="1.2922" r0="0.64804" r1="-0.686776" r2="0.329216" r3="0" r4="0.672802" r5="0.718799" r6="0.175115" r7="0" r8="-0.356905" r9="0.108015" r10="0.927875" r11="0" r12="0" r13="0" r14="0" r15="1" id="15" color_r="0.196078" color_g="0.27451" color_b="0.352941" type_file="Data/Objects/Environment/Land/sandstone_spire.xml">
        <parameters />
    </EnvObject>
    <EnvObject t0="132.436" t1="18.1834" t2="-5.10628" s0="1.39829" s1="0.708068" s2="1.2922" r0="0.9203" r1="-0.129694" r2="0.369089" r3="0" r4="0.160207" r5="0.985653" r6="-0.0531178" r7="0" r8="-0.356905" r9="0.108015" r10="0.927875" r11="0" r12="0" r13="0" r14="0" r15="1" id="23" color_r="0.196078" color_g="0.27451" color_b="0.352941" type_file="Data/Objects/Environment/Land/sandstone_spire.xml">
        <parameters />
    </EnvObject>
    <ActorObject t0="-1.05157" t1="-3.34886" t2="0.455862" s0="1" s1="1" s2="1" r0="0.761647" r1="4.11535e-008" r2="-0.647992" r3="0" r4="4.11535e-008" r5="1" r6="1.11881e-007" r7="0" r8="0.647992" r9="-1.11881e-007" r10="0.761647" r11="0" r12="0" r13="0" r14="0" r15="1" id="34" type_file="Data/Objects/IGF_Characters/IGF_RabbitCivActor.xml" is_player="0">
        <parameters>
            <parameter name="Aggression" type="string" val="0.5" />
            <parameter name="Attack Damage" type="string" val="1" />
            <parameter name="Attack Knockback" type="string" val="1" />
            <parameter name="Attack Speed" type="string" val="1" />
            <parameter name="Block Follow-up" type="string" val="0.5" />
            <parameter name="Block Skill" type="string" val="0.5" />
            <parameter name="Character Scale" type="string" val="1" />
            <parameter name="Damage Resistance" type="string" val="1" />
            <parameter name="Ear Size" type="string" val="1" />
            <parameter name="Fat" type="string" val="0.5" />
            <parameter name="Ground Aggression" type="string" val="0.5" />
            <parameter name="Left handed" type="string" val="0" />
            <parameter name="Lives" type="string" val="1" />
            <parameter name="Movement Speed" type="string" val="1" />
            <parameter name="Muscle" type="string" val="0.5" />
            <parameter name="Teams" type="string" val="player, ghost, Ghost" />
        </parameters>
        <Connections>
            <Connection id="35" />
        </Connections>
        <ItemConnections />
        <Palette />
    </ActorObject>
    <PathPointObject t0="4.20731" t1="-4.62398" t2="6.48361" s0="1" s1="1" s2="1" r0="1" r1="0" r2="0" r3="0" r4="0" r5="1" r6="0" r7="0" r8="0" r9="0" r10="1" r11="0" r12="0" r13="0" r14="0" r15="1" id="35" type_file="">
        <parameters>
            <parameter name="Type" type="string" val="Stand" />
            <parameter name="Wait" type="float" val="0" />
        </parameters>
        <Connections>
            <Connection id="36" />
        </Connections>
    </PathPointObject>
    <PathPointObject t0="2.62794" t1="-4.62398" t2="8.20166" s0="1" s1="1" s2="1" r0="1" r1="0" r2="0" r3="0" r4="0" r5="1" r6="0" r7="0" r8="0" r9="0" r10="1" r11="0" r12="0" r13="0" r14="0" r15="1" id="36" type_file="">
        <parameters>
            <parameter name="Type" type="string" val="Stand" />
            <parameter name="Wait" type="string" val="9999999999999999999999999999999999999" />
        </parameters>
        <Connections>
            <Connection id="35" />
        </Connections>
    </PathPointObject>
    <EnvObject t0="-21.5276" t1="-13.9041" t2="44.9384" s0="1.01189" s1="0.6891" s2="1.2922" r0="-0.930079" r1="-0.283622" r2="-0.233476" r3="0" r4="0.0889356" r5="0.442805" r6="-0.892196" r7="0" r8="0.356431" r9="-0.850577" r10="-0.38662" r11="0" r12="0" r13="0" r14="0" r15="1" id="37" color_r="0.196078" color_g="0.27451" color_b="0.352941" type_file="Data/Objects/Environment/Land/sandstone_spire.xml">
        <parameters />
    </EnvObject>
    <EnvObject t0="1.74775" t1="3.94169" t2="-37.3826" s0="21.9833" s1="21.9833" s2="21.9833" r0="0.51701" r1="-0.803834" r2="0.294196" r3="0" r4="-0.348144" r5="0.116515" r6="0.930172" r7="0" r8="-0.781982" r9="-0.583331" r10="-0.219611" r11="0" r12="0" r13="0" r14="0" r15="1" id="38" color_r="0.145098" color_g="0.133333" color_b="0.117647" type_file="Data/Objects/Buildings/arena/arena_statue_standing.xml">
        <parameters />
    </EnvObject>
    <EnvObject t0="-130.053" t1="7.31138" t2="-9.68344" s0="4.06684" s1="4.06684" s2="4.06684" r0="1" r1="0" r2="0" r3="0" r4="0" r5="1" r6="0" r7="0" r8="0" r9="0" r10="1" r11="0" r12="0" r13="0" r14="0" r15="1" id="39" color_r="1" color_g="1" color_b="1" type_file="Data/Objects/Crete/CreteBlockStandard.xml">
        <parameters />
    </EnvObject>
    <EnvObject t0="-3.07319" t1="4.01776" t2="-30.1866" s0="1.36065" s1="1.36065" s2="1.36065" r0="0.124211" r1="0.138151" r2="-0.982591" r3="0" r4="0.238161" r5="0.957162" r6="0.164682" r7="0" r8="0.96325" r9="-0.25447" r10="0.0859883" r11="0" r12="0" r13="0" r14="0" r15="1" id="40" color_r="0.0941176" color_g="0.0784314" color_b="0.0666667" type_file="Data/Objects/Crete/hex_crete_rubble.xml">
        <parameters />
    </EnvObject>
    <EnvObject t0="2.0817" t1="3.59974" t2="-43.8638" s0="1.36065" s1="1.36065" s2="1.36065" r0="0.95617" r1="-0.260814" r2="0.133101" r3="0" r4="0.238161" r5="0.957162" r6="0.164681" r7="0" r8="-0.17035" r9="-0.125764" r10="0.977325" r11="0" r12="0" r13="0" r14="0" r15="1" id="41" color_r="0.0941176" color_g="0.0784314" color_b="0.0666667" type_file="Data/Objects/Crete/hex_crete_rubble.xml">
        <parameters />
    </EnvObject>
    <EnvObject t0="-75.8369" t1="11.9561" t2="-73.2119" s0="4.06684" s1="4.06684" s2="4.06684" r0="1" r1="0" r2="0" r3="0" r4="0" r5="1" r6="0" r7="0" r8="0" r9="0" r10="1" r11="0" r12="0" r13="0" r14="0" r15="1" id="48" color_r="1" color_g="1" color_b="1" type_file="Data/Objects/Crete/CreteBlockStandard.xml">
        <parameters />
    </EnvObject>
    <EnvObject t0="-80.6494" t1="25.0582" t2="-67.9439" s0="4.06684" s1="4.06684" s2="4.06684" r0="1" r1="0" r2="0" r3="0" r4="0" r5="1" r6="0" r7="0" r8="0" r9="0" r10="1" r11="0" r12="0" r13="0" r14="0" r15="1" id="59" color_r="1" color_g="1" color_b="1" type_file="Data/Objects/Crete/CreteBlockStandard.xml">
        <parameters />
    </EnvObject>
    <EnvObject t0="-131.545" t1="7.40093" t2="-54.6011" s0="4.06684" s1="4.06684" s2="4.06684" r0="1" r1="0" r2="0" r3="0" r4="0" r5="1" r6="0" r7="0" r8="0" r9="0" r10="1" r11="0" r12="0" r13="0" r14="0" r15="1" id="81" color_r="1" color_g="1" color_b="1" type_file="Data/Objects/Crete/CreteBlockStandard.xml">
        <parameters />
    </EnvObject>
    <EnvObject t0="-161.774" t1="7.40116" t2="-39.517" s0="4.06684" s1="4.06684" s2="4.06684" r0="1" r1="0" r2="0" r3="0" r4="0" r5="1" r6="0" r7="0" r8="0" r9="0" r10="1" r11="0" r12="0" r13="0" r14="0" r15="1" id="103" color_r="1" color_g="1" color_b="1" type_file="Data/Objects/Crete/CreteBlockStandard.xml">
        <parameters />
    </EnvObject>
    <EnvObject t0="-106.574" t1="14.7846" t2="-75.6909" s0="4.06684" s1="4.06684" s2="4.06684" r0="1" r1="0" r2="0" r3="0" r4="0" r5="1" r6="0" r7="0" r8="0" r9="0" r10="1" r11="0" r12="0" r13="0" r14="0" r15="1" id="117" color_r="1" color_g="1" color_b="1" type_file="Data/Objects/Crete/CreteBlockStandard.xml">
        <parameters />
    </EnvObject>
    <EnvObject t0="-213.896" t1="-8.97594" t2="18.0814" s0="4.06684" s1="4.06684" s2="4.06684" r0="-0.497493" r1="0.133931" r2="-0.857066" r3="0" r4="0.412018" r5="0.905934" r6="-0.0975934" r7="0" r8="0.763375" r9="-0.401679" r10="-0.505878" r11="0" r12="0" r13="0" r14="0" r15="1" id="128" color_r="1" color_g="1" color_b="1" type_file="Data/Objects/Crete/CreteBlockStandard.xml">
        <parameters />
    </EnvObject>
    <EnvObject t0="-42.3372" t1="6.55354" t2="-88.9666" s0="4.06684" s1="4.06684" s2="4.06684" r0="1" r1="0" r2="0" r3="0" r4="0" r5="1" r6="0" r7="0" r8="0" r9="0" r10="1" r11="0" r12="0" r13="0" r14="0" r15="1" id="147" color_r="1" color_g="1" color_b="1" type_file="Data/Objects/Crete/CreteBlockStandard.xml">
        <parameters />
    </EnvObject>
    <EnvObject t0="79.5529" t1="13.3462" t2="6.28981" s0="1" s1="1" s2="1" r0="-0.791316" r1="0.273257" r2="0.546946" r3="0" r4="0.438878" r5="0.876693" r6="0.196964" r7="0" r8="-0.425682" r9="0.395903" r10="-0.813668" r11="0" r12="0" r13="0" r14="0" r15="1" id="171" color_r="0.223529" color_g="0.278431" color_b="0.301961" type_file="Data/Objects/Environment/Land/sandstone_mesa.xml">
        <parameters />
    </EnvObject>
    <EnvObject t0="54.125" t1="-14.9053" t2="-136.339" s0="1" s1="1" s2="1" r0="0.46314" r1="-6.17626e-008" r2="-0.886285" r3="0" r4="-6.17626e-008" r5="1" r6="-1.01962e-007" r7="0" r8="0.886285" r9="1.01962e-007" r10="0.46314" r11="0" r12="0" r13="0" r14="0" r15="1" id="184" color_r="0.380392" color_g="0.380392" color_b="0.380392" type_file="Data/Objects/Buildings/Ruins/mysterious/ruin_floor.xml">
        <parameters />
    </EnvObject>
    <ActorObject t0="37.9304" t1="-1.70388" t2="-24.3202" s0="1" s1="1" s2="1" r0="0.543759" r1="0" r2="-0.839241" r3="0" r4="0" r5="1" r6="0" r7="0" r8="0.839241" r9="0" r10="0.543759" r11="0" r12="0" r13="0" r14="0" r15="1" id="185" type_file="Data/Objects/IGF_Characters/IGF_GuardActor_reddy.xml" is_player="0">
        <parameters>
            <parameter name="Aggression" type="float" val="0.5" />
            <parameter name="Attack Damage" type="float" val="1" />
            <parameter name="Attack Knockback" type="float" val="1" />
            <parameter name="Attack Speed" type="float" val="1" />
            <parameter name="Block Follow-up" type="float" val="0.5" />
            <parameter name="Block Skill" type="float" val="0.5" />
            <parameter name="Character Scale" type="float" val="1" />
            <parameter name="Damage Resistance" type="float" val="1" />
            <parameter name="Ear Size" type="float" val="1" />
            <parameter name="Fat" type="float" val="0.5" />
            <parameter name="Ground Aggression" type="float" val="0.5" />
            <parameter name="Left handed" type="int" val="0" />
            <parameter name="Lives" type="int" val="1" />
            <parameter name="Movement Speed" type="float" val="1" />
            <parameter name="Muscle" type="float" val="0.5" />
            <parameter name="Teams" type="string" val="guard" />
        </parameters>
        <Connections>
            <Connection id="186" />
        </Connections>
        <ItemConnections />
        <Palette />
    </ActorObject>
    <PathPointObject t0="38.9582" t1="-2.29224" t2="-22.9712" s0="1" s1="1" s2="1" r0="1" r1="0" r2="0" r3="0" r4="0" r5="1" r6="0" r7="0" r8="0" r9="0" r10="1" r11="0" r12="0" r13="0" r14="0" r15="1" id="186" type_file="">
        <parameters>
            <parameter name="Type" type="string" val="Sit" />
            <parameter name="Wait" type="string" val="9999999999999999999999999999" />
        </parameters>
        <Connections />
    </PathPointObject>
    <ActorObject t0="39.7458" t1="-1.93523" t2="-26.5694" s0="1" s1="1" s2="1" r0="-0.101544" r1="0" r2="-0.994831" r3="0" r4="0" r5="1" r6="0" r7="0" r8="0.994831" r9="0" r10="-0.101544" r11="0" r12="0" r13="0" r14="0" r15="1" id="187" type_file="Data/Custom/timbles/therium-2/Objects/IGF_Characters/heavy.xml" is_player="0">
        <parameters>
            <parameter name="Aggression" type="string" val="0.5" />
            <parameter name="Attack Damage" type="string" val="1.2000000000000002" />
            <parameter name="Attack Knockback" type="string" val="1.2000000000000002" />
            <parameter name="Attack Speed" type="string" val="0.9" />
            <parameter name="Block Follow-up" type="string" val="0.5" />
            <parameter name="Block Skill" type="string" val="0.5" />
            <parameter name="Character Scale" type="string" val="1.12" />
            <parameter name="Damage Resistance" type="string" val="1.3" />
            <parameter name="Ear Size" type="string" val="1" />
            <parameter name="Fat" type="string" val="0.5" />
            <parameter name="Ground Aggression" type="string" val="0.5" />
            <parameter name="Left handed" type="string" val="0" />
            <parameter name="Lives" type="string" val="1" />
            <parameter name="Movement Speed" type="string" val="0.8" />
            <parameter name="Muscle" type="string" val="0.6000000000000001" />
            <parameter name="Teams" type="string" val="guard" />
        </parameters>
        <Connections>
            <Connection id="-1" />
        </Connections>
        <ItemConnections />
        <Palette>
            <Color label="Clothes" channel="0" red="0.0784314" green="0.27451" blue="0.423529" />
            <Color label="Fur" channel="1" red="0.94902" green="0.776471" blue="0.776471" />
            <Color label="Leather" channel="2" red="0.0784314" green="0.0627451" blue="0.0627451" />
            <Color label="Armor" channel="3" red="0.239216" green="0.247059" blue="0.247059" />
        </Palette>
        <EnvObjectAttachments>
            <EnvObjectAttachment>
                <BoneConnect bone_id="8" num_connections="1" m0="0.992683" m1="0.0885316" m2="-0.0821117" m3="0" m4="-0.0884124" m5="0.996071" m6="0.00509082" m7="0" m8="0.0822398" m9="0.00220612" m10="0.99661" m11="0" m12="0.477864" m13="0.178791" m14="-0.042398" m15="1" />
                <BoneConnect bone_id="9" num_connections="1" m0="0.994642" m1="0.0995123" m2="-0.0279994" m3="0" m4="-0.0969801" m5="0.992016" m6="0.0806188" m7="0" m8="0.0357984" m9="-0.0774715" m10="0.996352" m11="0" m12="0.468111" m13="0.185038" m14="-0.040561" m15="1" />
                <BoneConnect bone_id="-1" num_connections="0" m0="1" m1="0" m2="0" m3="0" m4="0" m5="1" m6="0" m7="0" m8="0" m9="0" m10="1" m11="0" m12="0" m13="0" m14="0" m15="1" />
                <BoneConnect bone_id="-1" num_connections="0" m0="1" m1="0" m2="0" m3="0" m4="0" m5="1" m6="0" m7="0" m8="0" m9="0" m10="1" m11="0" m12="0" m13="0" m14="0" m15="1" />
            </EnvObjectAttachment>
            <EnvObjectAttachment>
                <BoneConnect bone_id="31" num_connections="1" m0="0.994659" m1="0.0105678" m2="0.102674" m3="0" m4="0.0129891" m5="0.974021" m6="-0.226085" m7="0" m8="-0.102396" m9="0.226211" m10="0.968681" m11="0" m12="-0.0171747" m13="0.531875" m14="0.158254" m15="1" />
                <BoneConnect bone_id="-1" num_connections="0" m0="1" m1="0" m2="0" m3="0" m4="0" m5="1" m6="0" m7="0" m8="0" m9="0" m10="1" m11="0" m12="0" m13="0" m14="0" m15="1" />
                <BoneConnect bone_id="-1" num_connections="0" m0="1" m1="0" m2="0" m3="0" m4="0" m5="1" m6="0" m7="0" m8="0" m9="0" m10="1" m11="0" m12="0" m13="0" m14="0" m15="1" />
                <BoneConnect bone_id="-1" num_connections="0" m0="1" m1="0" m2="0" m3="0" m4="0" m5="1" m6="0" m7="0" m8="0" m9="0" m10="1" m11="0" m12="0" m13="0" m14="0" m15="1" />
            </EnvObjectAttachment>
            <EnvObjectAttachment>
                <BoneConnect bone_id="31" num_connections="1" m0="-0.999741" m1="0.0168711" m2="0.0152465" m3="0" m4="0.0121648" m5="0.963273" m6="-0.268248" m7="0" m8="-0.0192122" m9="-0.267993" m10="-0.963229" m11="0" m12="-9.63211e-005" m13="0.545089" m14="-0.012471" m15="1" />
                <BoneConnect bone_id="-1" num_connections="0" m0="1" m1="0" m2="0" m3="0" m4="0" m5="1" m6="0" m7="0" m8="0" m9="0" m10="1" m11="0" m12="0" m13="0" m14="0" m15="1" />
                <BoneConnect bone_id="-1" num_connections="0" m0="1" m1="0" m2="0" m3="0" m4="0" m5="1" m6="0" m7="0" m8="0" m9="0" m10="1" m11="0" m12="0" m13="0" m14="0" m15="1" />
                <BoneConnect bone_id="-1" num_connections="0" m0="1" m1="0" m2="0" m3="0" m4="0" m5="1" m6="0" m7="0" m8="0" m9="0" m10="1" m11="0" m12="0" m13="0" m14="0" m15="1" />
            </EnvObjectAttachment>
            <EnvObjectAttachment>
                <BoneConnect bone_id="17" num_connections="1" m0="0.174599" m1="0.984625" m2="-0.00540553" m3="0" m4="-0.973496" m5="0.171797" m6="-0.150969" m7="0" m8="-0.147719" m9="0.0316214" m10="0.988524" m11="0" m12="-0.173287" m13="0.382465" m14="-0.0386772" m15="1" />
                <BoneConnect bone_id="-1" num_connections="0" m0="1" m1="0" m2="0" m3="0" m4="0" m5="1" m6="0" m7="0" m8="0" m9="0" m10="1" m11="0" m12="0" m13="0" m14="0" m15="1" />
                <BoneConnect bone_id="-1" num_connections="0" m0="1" m1="0" m2="0" m3="0" m4="0" m5="1" m6="0" m7="0" m8="0" m9="0" m10="1" m11="0" m12="0" m13="0" m14="0" m15="1" />
                <BoneConnect bone_id="-1" num_connections="0" m0="1" m1="0" m2="0" m3="0" m4="0" m5="1" m6="0" m7="0" m8="0" m9="0" m10="1" m11="0" m12="0" m13="0" m14="0" m15="1" />
            </EnvObjectAttachment>
            <EnvObjectAttachment>
                <BoneConnect bone_id="4" num_connections="1" m0="0.988239" m1="0.0394262" m2="0.147745" m3="0" m4="-0.0387359" m5="0.999221" m6="-0.00754833" m7="0" m8="-0.147927" m9="0.00173653" m10="0.988997" m11="0" m12="0.16363" m13="0.391085" m14="-0.0226479" m15="1" />
                <BoneConnect bone_id="-1" num_connections="0" m0="1" m1="0" m2="0" m3="0" m4="0" m5="1" m6="0" m7="0" m8="0" m9="0" m10="1" m11="0" m12="0" m13="0" m14="0" m15="1" />
                <BoneConnect bone_id="-1" num_connections="0" m0="1" m1="0" m2="0" m3="0" m4="0" m5="1" m6="0" m7="0" m8="0" m9="0" m10="1" m11="0" m12="0" m13="0" m14="0" m15="1" />
                <BoneConnect bone_id="-1" num_connections="0" m0="1" m1="0" m2="0" m3="0" m4="0" m5="1" m6="0" m7="0" m8="0" m9="0" m10="1" m11="0" m12="0" m13="0" m14="0" m15="1" />
            </EnvObjectAttachment>
            <EnvObjectAttachment>
                <BoneConnect bone_id="2" num_connections="1" m0="0.988863" m1="0.00321531" m2="0.148795" m3="0" m4="0.148828" m5="-0.0162287" m6="-0.98873" m7="0" m8="-0.000764326" m9="0.999863" m10="-0.0165264" m11="0" m12="0.00459194" m13="0.147111" m14="-0.0464821" m15="1" />
                <BoneConnect bone_id="1" num_connections="1" m0="0.997239" m1="0.00263418" m2="0.0742067" m3="0" m4="0.0742355" m5="-0.0133684" m6="-0.997151" m7="0" m8="-0.00163465" m9="0.999907" m10="-0.013527" m11="0" m12="0.0016737" m13="0.170681" m14="-0.0475616" m15="1" />
                <BoneConnect bone_id="-1" num_connections="0" m0="1" m1="0" m2="0" m3="0" m4="0" m5="1" m6="0" m7="0" m8="0" m9="0" m10="1" m11="0" m12="0" m13="0" m14="0" m15="1" />
                <BoneConnect bone_id="-1" num_connections="0" m0="1" m1="0" m2="0" m3="0" m4="0" m5="1" m6="0" m7="0" m8="0" m9="0" m10="1" m11="0" m12="0" m13="0" m14="0" m15="1" />
            </EnvObjectAttachment>
            <EnvObjectAttachment>
                <BoneConnect bone_id="21" num_connections="1" m0="0.524977" m1="0.830048" m2="-0.188201" m3="0" m4="-0.820881" m5="0.552208" m6="0.145675" m7="0" m8="0.224843" m9="0.0780146" m10="0.971267" m11="0" m12="-0.476912" m13="0.193991" m14="-0.00105286" m15="1" />
                <BoneConnect bone_id="22" num_connections="1" m0="0.522497" m1="0.840166" m2="-0.145318" m3="0" m4="-0.808535" m5="0.542326" m6="0.228374" m7="0" m8="0.270682" m9="-0.00183022" m10="0.962667" m11="0" m12="-0.465107" m13="0.196769" m14="0.00174713" m15="1" />
                <BoneConnect bone_id="-1" num_connections="0" m0="1" m1="0" m2="0" m3="0" m4="0" m5="1" m6="0" m7="0" m8="0" m9="0" m10="1" m11="0" m12="0" m13="0" m14="0" m15="1" />
                <BoneConnect bone_id="-1" num_connections="0" m0="1" m1="0" m2="0" m3="0" m4="0" m5="1" m6="0" m7="0" m8="0" m9="0" m10="1" m11="0" m12="0" m13="0" m14="0" m15="1" />
            </EnvObjectAttachment>
            <EnvObjectAttachment>
                <BoneConnect bone_id="20" num_connections="1" m0="0.633664" m1="0.759257" m2="-0.148282" m3="0" m4="-0.756339" m5="0.567771" m6="-0.324926" m7="0" m8="-0.162514" m9="0.318048" m10="0.934042" m11="0" m12="-0.338108" m13="0.282831" m14="-0.0254936" m15="1" />
                <BoneConnect bone_id="-1" num_connections="0" m0="1" m1="0" m2="0" m3="0" m4="0" m5="1" m6="0" m7="0" m8="0" m9="0" m10="1" m11="0" m12="0" m13="0" m14="0" m15="1" />
                <BoneConnect bone_id="-1" num_connections="0" m0="1" m1="0" m2="0" m3="0" m4="0" m5="1" m6="0" m7="0" m8="0" m9="0" m10="1" m11="0" m12="0" m13="0" m14="0" m15="1" />
                <BoneConnect bone_id="-1" num_connections="0" m0="1" m1="0" m2="0" m3="0" m4="0" m5="1" m6="0" m7="0" m8="0" m9="0" m10="1" m11="0" m12="0" m13="0" m14="0" m15="1" />
            </EnvObjectAttachment>
            <EnvObjectAttachment>
                <BoneConnect bone_id="7" num_connections="1" m0="-0.705413" m1="0.655901" m2="0.268692" m3="0" m4="0.605444" m5="0.360448" m6="0.709596" m7="0" m8="0.368576" m9="0.663229" m10="-0.651378" m11="0" m12="0.319079" m13="0.300425" m14="0.00167084" m15="1" />
                <BoneConnect bone_id="-1" num_connections="0" m0="1" m1="0" m2="0" m3="0" m4="0" m5="1" m6="0" m7="0" m8="0" m9="0" m10="1" m11="0" m12="0" m13="0" m14="0" m15="1" />
                <BoneConnect bone_id="-1" num_connections="0" m0="1" m1="0" m2="0" m3="0" m4="0" m5="1" m6="0" m7="0" m8="0" m9="0" m10="1" m11="0" m12="0" m13="0" m14="0" m15="1" />
                <BoneConnect bone_id="-1" num_connections="0" m0="1" m1="0" m2="0" m3="0" m4="0" m5="1" m6="0" m7="0" m8="0" m9="0" m10="1" m11="0" m12="0" m13="0" m14="0" m15="1" />
            </EnvObjectAttachment>
            <EnvObjectAttachment>
                <BoneConnect bone_id="47" num_connections="1" m0="0.0869137" m1="-0.636547" m2="0.766325" m3="0" m4="0.0661185" m5="0.771226" m6="0.633119" m7="0" m8="-0.994019" m9="-0.00435842" m10="0.109118" m11="0" m12="-0.0865965" m13="-0.294477" m14="0.0922546" m15="1" />
                <BoneConnect bone_id="46" num_connections="1" m0="-0.00652869" m1="-0.627044" m2="0.778956" m3="0" m4="-0.0521252" m5="0.778128" m6="0.62594" m7="0" m8="-0.998619" m9="-0.0365167" m10="-0.0377649" m11="0" m12="-0.0972579" m13="-0.307133" m14="0.0966644" m15="1" />
                <BoneConnect bone_id="-1" num_connections="0" m0="1" m1="0" m2="0" m3="0" m4="0" m5="1" m6="0" m7="0" m8="0" m9="0" m10="1" m11="0" m12="0" m13="0" m14="0" m15="1" />
                <BoneConnect bone_id="-1" num_connections="0" m0="1" m1="0" m2="0" m3="0" m4="0" m5="1" m6="0" m7="0" m8="0" m9="0" m10="1" m11="0" m12="0" m13="0" m14="0" m15="1" />
            </EnvObjectAttachment>
            <EnvObjectAttachment>
                <BoneConnect bone_id="40" num_connections="1" m0="0.17154" m1="-0.583619" m2="0.793702" m3="0" m4="0.0260875" m5="0.808052" m6="0.588533" m7="0" m8="-0.984832" m9="-0.0802509" m10="0.153838" m11="0" m12="0.109909" m13="-0.286672" m14="0.0954132" m15="1" />
                <BoneConnect bone_id="39" num_connections="1" m0="0.215759" m1="-0.583133" m2="0.783202" m3="0" m4="0.0772928" m5="0.809776" m6="0.581626" m7="0" m8="-0.973383" m9="-0.064955" m10="0.219788" m11="0" m12="0.115436" m13="-0.300282" m14="0.0974655" m15="1" />
                <BoneConnect bone_id="-1" num_connections="0" m0="1" m1="0" m2="0" m3="0" m4="0" m5="1" m6="0" m7="0" m8="0" m9="0" m10="1" m11="0" m12="0" m13="0" m14="0" m15="1" />
                <BoneConnect bone_id="-1" num_connections="0" m0="1" m1="0" m2="0" m3="0" m4="0" m5="1" m6="0" m7="0" m8="0" m9="0" m10="1" m11="0" m12="0" m13="0" m14="0" m15="1" />
            </EnvObjectAttachment>
        </EnvObjectAttachments>
        <EnvObject t0="39.7801" t1="-2.08328" t2="-26.9218" s0="1.35441" s1="1.35441" s2="1.35441" r0="0.0663566" r1="-0.721612" r2="-0.68911" r3="0" r4="-0.109891" r5="0.681146" r6="-0.723854" r7="0" r8="0.991726" r9="0.12376" r10="-0.0341001" r11="0" r12="0" r13="0" r14="0" r15="1" id="188" color_r="1" color_g="1" color_b="1" type_file="Data/Objects/Gear/dog_armor/dog_armor_lower_arm.xml">
            <parameters />
        </EnvObject>
        <EnvObject t0="39.9879" t1="-1.46901" t2="-26.6685" s0="1.09475" s1="1.09475" s2="1.09475" r0="0.00117983" r1="0.0128776" r2="-0.999916" r3="0" r4="-0.223107" r5="0.974717" r6="0.0122898" r7="0" r8="0.974793" r9="0.223074" r10="0.00402308" r11="0" r12="0" r13="0" r14="0" r15="1" id="189" color_r="1" color_g="1" color_b="1" type_file="Data/Objects/Gear/dog_armor/dog_armor_helmet.xml">
            <parameters />
        </EnvObject>
        <EnvObject t0="39.8164" t1="-1.45524" t2="-26.6682" s0="1" s1="1" s2="1" r0="0.116735" r1="0.014199" r2="0.993062" r3="0" r4="-0.265002" r5="0.964091" r6="0.0173664" r7="0" r8="-0.957156" r9="-0.265191" r10="0.116306" r11="0" r12="0" r13="0" r14="0" r15="1" id="725" color_r="1" color_g="1" color_b="1" type_file="Data/Objects/Gear/dog_armor/dog_armor_head_straps.xml">
            <parameters />
        </EnvObject>
        <EnvObject t0="39.815" t1="-1.64325" t2="-26.4829" s0="1.41525" s1="1.41525" s2="1.41525" r0="-0.00509053" r1="0.995372" r2="-0.0959627" r3="0" r4="-0.0478411" r5="0.0956115" r6="0.994268" r7="0" r8="0.998842" r9="0.0096522" r10="0.047133" r11="0" r12="0" r13="0" r14="0" r15="1" id="726" color_r="1" color_g="1" color_b="1" type_file="Data/Objects/Gear/dog_armor/dog_armor_shoulder_b.xml">
            <parameters />
        </EnvObject>
        <EnvObject t0="39.7943" t1="-1.63989" t2="-26.8444" s0="1.41525" s1="1.41525" s2="1.41525" r0="0.0477756" r1="-0.0839887" r2="-0.995321" r3="0" r4="-0.00564978" r5="0.99642" r6="-0.0843527" r7="0" r8="0.998842" r9="0.00965333" r10="0.04713" r11="0" r12="0" r13="0" r14="0" r15="1" id="727" color_r="1" color_g="1" color_b="1" type_file="Data/Objects/Gear/dog_armor/dog_armor_shoulder_b.xml">
            <parameters />
        </EnvObject>
        <EnvObject t0="39.7808" t1="-1.87626" t2="-26.6693" s0="0.377928" s1="0.40764" s2="0.387258" r0="0.0101296" r1="0.00727618" r2="-0.999922" r3="0" r4="-0.99984" r5="-0.0146937" r6="-0.0102358" r7="0" r8="-0.0147671" r9="0.999866" r10="0.00712618" r11="0" r12="0" r13="0" r14="0" r15="1" id="728" color_r="1" color_g="1" color_b="1" type_file="Data/Objects/standard-buckler.xml">
            <parameters />
        </EnvObject>
        <EnvObject t0="39.8527" t1="-2.05645" t2="-26.42" s0="1.06226" s1="0.655558" s2="0.655556" r0="-0.28441" r1="0.846308" r2="0.450416" r3="0" r4="0.500321" r5="-0.269741" r6="0.822751" r7="0" r8="0.817796" r9="0.459351" r10="-0.346709" r11="0" r12="0" r13="0" r14="0" r15="1" id="729" color_r="1" color_g="1" color_b="1" type_file="Data/Objects/Gear/dog_armor/dog_armor_shoulder_a.xml">
            <parameters />
        </EnvObject>
        <EnvObject t0="39.8073" t1="-1.89599" t2="-26.4209" s0="1.26528" s1="0.780845" s2="0.780842" r0="0.0240554" r1="0.97807" r2="0.206884" r3="0" r4="-0.0989322" r5="-0.203599" r6="0.974043" r7="0" r8="0.994803" r9="-0.0438984" r10="0.091865" r11="0" r12="0" r13="0" r14="0" r15="1" id="730" color_r="1" color_g="1" color_b="1" type_file="Data/Objects/Gear/dog_armor/dog_armor_shoulder_a.xml">
            <parameters />
        </EnvObject>
        <EnvObject t0="39.8023" t1="-1.87295" t2="-26.9159" s0="1.26528" s1="0.780845" s2="0.780842" r0="0.271671" r1="0.959968" r2="-0.0682431" r3="0" r4="0.701792" r5="-0.246131" r6="-0.668511" r7="0" r8="-0.658546" r9="0.133723" r10="-0.740564" r11="0" r12="0" r13="0" r14="0" r15="1" id="731" color_r="1" color_g="1" color_b="1" type_file="Data/Objects/Gear/dog_armor/dog_armor_shoulder_a.xml">
            <parameters />
        </EnvObject>
        <EnvObject t0="39.9669" t1="-2.36431" t2="-26.5515" s0="1.67193" s1="1.67193" s2="1.67193" r0="0.892137" r1="-0.451766" r2="0.00058765" r3="0" r4="0.449767" r5="0.888066" r6="-0.0951288" r7="0" r8="0.042454" r9="0.0851322" r10="0.995465" r11="0" r12="0" r13="0" r14="0" r15="1" id="732" color_r="1" color_g="1" color_b="1" type_file="Data/Objects/Gear/dog_armor/dog_armor_lower_arm.xml">
            <parameters />
        </EnvObject>
        <EnvObject t0="39.9437" t1="-2.35704" t2="-26.8093" s0="1.67193" s1="1.67193" s2="1.67193" r0="0.868856" r1="-0.398847" r2="-0.293274" r3="0" r4="0.384554" r5="0.916814" r6="-0.107567" r7="0" r8="0.31178" r9="-0.0193195" r10="0.949958" r11="0" r12="0" r13="0" r14="0" r15="1" id="774" color_r="1" color_g="1" color_b="1" type_file="Data/Objects/Gear/dog_armor/dog_armor_lower_arm.xml">
            <parameters />
        </EnvObject>
    </ActorObject>
    <EnvObject t0="-20.744" t1="-3.95848" t2="-122.754" s0="1.06127" s1="0.903387" s2="0.902902" r0="-0.105786" r1="0.150706" r2="-0.982902" r3="0" r4="0.0644015" r5="0.987412" r6="0.144466" r7="0" r8="0.992301" r9="-0.048018" r10="-0.11416" r11="0" r12="0" r13="0" r14="0" r15="1" id="206" color_r="0.303922" color_g="0.343137" color_b="0.421569" type_file="Data/Objects/Environment/Land/sandstone_mesa.xml">
        <parameters />
    </EnvObject>
    <EnvObject t0="-25.6338" t1="-10.2818" t2="-166.173" s0="3.80758" s1="4.09905" s2="5.0577" r0="0.855736" r1="-0.0294274" r2="-0.516576" r3="0" r4="-0.410973" r5="-0.645221" r6="-0.644043" r7="0" r8="-0.314353" r9="0.763429" r10="-0.564232" r11="0" r12="0" r13="0" r14="0" r15="1" id="207" color_r="1" color_g="1" color_b="1" type_file="Data/Objects/Crete/CreteBlockWall.xml">
        <parameters />
    </EnvObject>
    <EnvObject t0="-87.0991" t1="-4.93153" t2="-154.884" s0="5.77013" s1="6.1397" s2="6.27443" r0="-0.297109" r1="0.00645262" r2="-0.954822" r3="0" r4="-0.946112" r5="-0.136914" r6="0.293473" r7="0" r8="-0.128835" r9="0.990562" r10="0.0467834" r11="0" r12="0" r13="0" r14="0" r15="1" id="211" color_r="1" color_g="1" color_b="1" type_file="Data/Objects/Crete/CreteBlockWall.xml">
        <parameters />
    </EnvObject>
    <EnvObject t0="-81.2998" t1="-3.12945" t2="-142.689" s0="5.39065" s1="5.39065" s2="5.39065" r0="0.667333" r1="0.733209" r2="-0.130656" r3="0" r4="0.669244" r5="-0.513395" r6="0.537158" r7="0" r8="0.326771" r9="-0.445904" r10="-0.833301" r11="0" r12="0" r13="0" r14="0" r15="1" id="212" color_r="1" color_g="1" color_b="1" type_file="Data/Objects/Crete/CreteBlockShard.xml">
        <parameters />
    </EnvObject>
    <EnvObject t0="-61.8497" t1="-12.2977" t2="-168.162" s0="10.0424" s1="10.0424" s2="10.0424" r0="0.819934" r1="-0.123598" r2="-0.558956" r3="0" r4="0.537935" r5="-0.167598" r6="0.826158" r7="0" r8="-0.195791" r9="-0.978077" r10="-0.0709316" r11="0" r12="0" r13="0" r14="0" r15="1" id="213" color_r="1" color_g="1" color_b="1" type_file="Data/Objects/Crete/CreteBlockShard.xml">
        <parameters />
    </EnvObject>
    <EnvObject t0="-50.1239" t1="-12.7389" t2="-168.428" s0="5.39065" s1="5.39065" s2="5.39065" r0="0.667333" r1="0.733209" r2="-0.130656" r3="0" r4="0.669244" r5="-0.513395" r6="0.537158" r7="0" r8="0.326771" r9="-0.445904" r10="-0.833301" r11="0" r12="0" r13="0" r14="0" r15="1" id="214" color_r="1" color_g="1" color_b="1" type_file="Data/Objects/Crete/CreteBlockShard.xml">
        <parameters />
    </EnvObject>
    <EnvObject t0="-41.3606" t1="-15.1963" t2="-174.625" s0="6.971" s1="6.971" s2="6.971" r0="0.667333" r1="0.733209" r2="-0.130656" r3="0" r4="-0.0117573" r5="0.185784" r6="0.98252" r7="0" r8="0.744667" r9="-0.654132" r10="0.1326" r11="0" r12="0" r13="0" r14="0" r15="1" id="215" color_r="1" color_g="1" color_b="1" type_file="Data/Objects/Crete/CreteBlockShard.xml">
        <parameters />
    </EnvObject>
    <EnvObject t0="-50.7368" t1="-7.95659" t2="-162.02" s0="1.55422" s1="1.55422" s2="1.55422" r0="1" r1="0" r2="-0" r3="0" r4="-0" r5="0.924332" r6="-0.381588" r7="0" r8="0" r9="0.381588" r10="0.924332" r11="0" r12="0" r13="0" r14="0" r15="1" id="216" color_r="1" color_g="1" color_b="1" type_file="Data/Objects/Crete/sphere_crete_rubble.xml">
        <parameters />
    </EnvObject>
    <EnvObject t0="-43.5778" t1="19.5913" t2="-89.6478" s0="1.55422" s1="1.55422" s2="1.55422" r0="0.95632" r1="0.270202" r2="-0.111546" r3="0" r4="-0.278436" r5="0.958178" r6="-0.0660907" r7="0" r8="0.0890231" r9="0.0942622" r10="0.991559" r11="0" r12="0" r13="0" r14="0" r15="1" id="217" color_r="1" color_g="1" color_b="1" type_file="Data/Objects/Crete/sphere_crete_rubble.xml">
        <parameters />
    </EnvObject>
