<?xml version="2.0" ?>
<Type>saved</Type>
<Name></Name>
<Description></Description>
<Shader>post</Shader>
<Terrain>
    <Heightmap>Data/Textures/Terrain/red_hills/red_hills_hm.png</Heightmap>
    <DetailMap></DetailMap>
    <ColorMap>Data/Textures/Terrain/shielded_stands/shielded_stands_winter_c.tga</ColorMap>
    <WeightMap>Data/Textures/Terrain/shielded_stands/shielded_stands_winter_w.tga</WeightMap>
    <DetailMaps>
        <DetailMap colorpath="Data/Textures/Terrain/DetailTextures/grass.tga" normalpath="Data/Textures/Terrain/DetailTextures/grass_normal.png" materialpath="Data/Materials/grass.xml" />
        <DetailMap colorpath="Data/Textures/Terrain/DetailTextures/grass_stones_c.tga" normalpath="Data/Textures/Terrain/DetailTextures/grass_stones_n.tga" materialpath="Data/Materials/gravel.xml" />
        <DetailMap colorpath="Data/Textures/Terrain/DetailTextures/rubble_rocks_c.tga" normalpath="Data/Textures/Terrain/DetailTextures/rubble_rocks_n.tga" materialpath="Data/Materials/rocks.xml" />
        <DetailMap colorpath="Data/Textures/Terrain/DetailTextures/snow.tga" normalpath="Data/Textures/Terrain/DetailTextures/snow_normal.tga" materialpath="Data/Materials/snow.xml" />
    </DetailMaps>
    <DetailObjects>
        <DetailObject obj_path="Data/Objects/Plants/Groundcover/Grass/WildGrass.xml" weight_path="Data/Textures/Terrain/shielded_stands/shielded_stands_winter_grass.png" normal_conform="0.5" density="8" min_embed="0" max_embed="0.4" min_scale="0.7" max_scale="1" view_distance="40" jitter_degrees="10" overbright="0.4" />
        <DetailObject obj_path="Data/Objects/Environment/Rocks/lichen_rock_c.xml" weight_path="Data/Textures/Terrain/shielded_stands/shielded_stands_winter_rocks.png" normal_conform="0.9" density="0.6" min_embed="0.4" max_embed="0.6" min_scale="0.1" max_scale="0.8" view_distance="30" jitter_degrees="30" overbright="0.2" collision_type="static" />
    </DetailObjects>
</Terrain>
<OutOfDate Shadow="true" AO="true" NavMesh="true" />
<SpawnPoints>
    <SpawnPoint t0="0" t1="200" t2="0" s0="1" s1="1" s2="1" r0="1" r1="0" r2="0" r3="0" r4="0" r5="1" r6="0" r7="0" r8="0" r9="0" r10="1" r11="0" r12="0" r13="0" r14="0" r15="1" />
</SpawnPoints>
<AmbientSounds>
    <Ambient path="Data/Custom/timbles/therium-2/Sounds/Ambient/dream_rain" />
</AmbientSounds>
<Script></Script>
<LevelScriptParameters>
    <parameter name="Achievements" type="string" val="flawless, no_injuries, no_kills" />
    <parameter name="Level Boundaries" type="int" val="1" />
    <parameter name="Objectives" type="string" val="destroy_all" />
</LevelScriptParameters>
<Sky>
    <DomeTexture>Data/Textures/skies/winter_overcast.tga</DomeTexture>
    <SunAngularRad>0.211373</SunAngularRad>
    <SunColorAngle>12.4263</SunColorAngle>
    <RayToSun r0="0.920983" r1="0.380481" r2="0.083815" />
    <ExtraAO>0.5</ExtraAO>
    <SkyRotation>0</SkyRotation>
</Sky>
<ActorObjects>
    <EnvObject t0="31.6985" t1="-12.9644" t2="-5.90763" s0="1.55791" s1="0.956047" s2="1" r0="-1" r1="-2.78181e-008" r2="5.96046e-008" r3="0" r4="-2.78181e-008" r5="1" r6="8.29043e-016" r7="0" r8="-5.96046e-008" r9="-8.29043e-016" r10="-1" r11="0" r12="0" r13="0" r14="0" r15="1" id="1" color_r="1" color_g="1" color_b="1" type_file="Data/Objects/Buildings/cat_town/hut_large.xml">
        <parameters />
    </EnvObject>
    <EnvObject t0="1.98501" t1="-17.4147" t2="-9.70911" s0="2.14311" s1="2.14311" s2="2.14311" r0="0.273286" r1="-0.853556" r2="-0.443573" r3="0" r4="-0.226524" r5="0.391054" r6="-0.892056" r7="0" r8="0.934881" r9="0.344266" r10="-0.0864812" r11="0" r12="0" r13="0" r14="0" r15="1" id="2" color_r="0.388235" color_g="0.396078" color_b="0.4" type_file="Data/Objects/Environment/rocks/BlockyStone1.xml">
        <parameters />
    </EnvObject>
    <EnvObject t0="-6.1292" t1="-16.9825" t2="-9.10268" s0="2.14311" s1="2.14311" s2="2.14311" r0="-0.298934" r1="-0.740507" r2="0.601904" r3="0" r4="-0.83576" r5="0.507597" r6="0.209406" r7="0" r8="-0.460591" r9="-0.440449" r10="-0.770624" r11="0" r12="0" r13="0" r14="0" r15="1" id="3" color_r="0.388235" color_g="0.396078" color_b="0.4" type_file="Data/Objects/Environment/rocks/BlockyStone1.xml">
        <parameters />
    </EnvObject>
    <EnvObject t0="3.6922" t1="-18.1493" t2="-0.501821" s0="2.14311" s1="2.14311" s2="2.14311" r0="-0.0397919" r1="-0.96465" r2="-0.260513" r3="0" r4="0.545562" r5="-0.239403" r6="0.803149" r7="0" r8="-0.837125" r9="-0.110167" r10="0.535803" r11="0" r12="0" r13="0" r14="0" r15="1" id="4" color_r="0.388235" color_g="0.396078" color_b="0.4" type_file="Data/Objects/Environment/rocks/BlockyStone1.xml">
        <parameters />
    </EnvObject>
    <EnvObject t0="22.6394" t1="-16.8484" t2="27.7656" s0="2.14311" s1="2.14311" s2="2.14311" r0="-0.0397913" r1="-0.96465" r2="-0.260512" r3="0" r4="0.545563" r5="-0.239401" r6="0.803149" r7="0" r8="-0.837125" r9="-0.110167" r10="0.535803" r11="0" r12="0" r13="0" r14="0" r15="1" id="5" color_r="0.388235" color_g="0.396078" color_b="0.4" type_file="Data/Objects/Environment/rocks/BlockyStone1.xml">
        <parameters />
    </EnvObject>
    <EnvObject t0="59.4631" t1="-18.6861" t2="4.76802" s0="2.14311" s1="2.14311" s2="2.14311" r0="-0.66141" r1="-0.74999" r2="-0.00721169" r3="0" r4="0.491923" r5="-0.426525" r6="-0.759005" r7="0" r8="0.56617" r9="-0.505561" r10="0.651045" r11="0" r12="0" r13="0" r14="0" r15="1" id="6" color_r="0.388235" color_g="0.396078" color_b="0.4" type_file="Data/Objects/Environment/rocks/BlockyStone1.xml">
        <parameters />
    </EnvObject>
    <ActorObject t0="82.9451" t1="7.09298" t2="101.164" s0="1" s1="1" s2="1" r0="1" r1="0" r2="0" r3="0" r4="0" r5="1" r6="0" r7="0" r8="0" r9="0" r10="1" r11="0" r12="0" r13="0" r14="0" r15="1" id="7" type_file="Data/Custom/timbles/therium-2/Objects/IGF_Characters/ghost.xml" is_player="1">
        <parameters>
            <parameter name="Aggression" type="string" val="0.5" />
            <parameter name="Attack Damage" type="string" val="0.4" />
            <parameter name="Attack Knockback" type="string" val="1" />
            <parameter name="Attack Speed" type="string" val="1" />
            <parameter name="Block Follow-up" type="string" val="0.5" />
            <parameter name="Block Skill" type="string" val="0.5" />
            <parameter name="Character Scale" type="string" val="1" />
            <parameter name="Damage Resistance" type="string" val="9999999999999999999999999999999999" />
            <parameter name="Ear Size" type="string" val="1" />
            <parameter name="Fat" type="string" val="0.5" />
            <parameter name="Ground Aggression" type="string" val="0.5" />
            <parameter name="Left handed" type="string" val="0" />
            <parameter name="Lives" type="string" val="1" />
            <parameter name="Movement Speed" type="string" val="1" />
            <parameter name="Muscle" type="string" val="0.5" />
            <parameter name="Teams" type="string" val="player, Ghost" />
        </parameters>
        <Connections>
            <Connection id="-1" />
        </Connections>
        <ItemConnections />
        <Palette>
            <Color label="Fur" channel="0" red="1" green="1" blue="1" />
            <Color label="Pants" channel="1" red="1" green="1" blue="1" />
            <Color label="Shirt" channel="2" red="1" green="1" blue="1" />
            <Color label="Leather" channel="3" red="1" green="1" blue="1" />
        </Palette>
    </ActorObject>
    <EnvObject t0="67.2486" t1="-13.452" t2="36.9595" s0="2.92567" s1="2.92567" s2="2.92567" r0="0.17743" r1="-0.978039" r2="-0.109352" r3="0" r4="0.375741" r5="0.17002" r6="-0.910995" r7="0" r8="0.909581" r9="0.12055" r10="0.397656" r11="0" r12="0" r13="0" r14="0" r15="1" id="24" color_r="0.388235" color_g="0.396078" color_b="0.4" type_file="Data/Objects/Environment/rocks/BlockyStone1.xml">
        <parameters />
    </EnvObject>
    <EnvObject t0="38.8169" t1="-11.2723" t2="54.298" s0="2.92567" s1="2.92567" s2="2.92567" r0="-0.774881" r1="-0.320949" r2="0.544565" r3="0" r4="-0.284308" r5="0.946409" r6="0.153231" r7="0" r8="-0.564561" r9="-0.0360884" r10="-0.824602" r11="0" r12="0" r13="0" r14="0" r15="1" id="25" color_r="0.388235" color_g="0.396078" color_b="0.4" type_file="Data/Objects/Environment/rocks/BlockyStone1.xml">
        <parameters />
    </EnvObject>
    <EnvObject t0="27.5618" t1="-16.3722" t2="54.2912" s0="2.92567" s1="2.92567" s2="2.92567" r0="0.779851" r1="-0.620082" r2="0.0856148" r3="0" r4="0.347376" r5="0.314928" r6="-0.883261" r7="0" r8="0.520732" r9="0.718553" r10="0.460999" r11="0" r12="0" r13="0" r14="0" r15="1" id="26" color_r="0.388235" color_g="0.396078" color_b="0.4" type_file="Data/Objects/Environment/rocks/BlockyStone1.xml">
        <parameters />
    </EnvObject>
    <EnvObject t0="30.356" t1="-14.1861" t2="66.2746" s0="2.92567" s1="2.92567" s2="2.92567" r0="0.714185" r1="0.652798" r2="0.252575" r3="0" r4="0.37572" r5="-0.661983" r6="0.648547" r7="0" r8="0.590571" r9="-0.368285" r10="-0.718048" r11="0" r12="0" r13="0" r14="0" r15="1" id="27" color_r="0.388235" color_g="0.396078" color_b="0.4" type_file="Data/Objects/Environment/rocks/BlockyStone1.xml">
        <parameters />
    </EnvObject>
    <EnvObject t0="10.4238" t1="-19.6581" t2="59.3143" s0="2.92567" s1="2.92567" s2="2.92567" r0="0.25327" r1="0.922205" r2="-0.292219" r3="0" r4="0.965424" r5="-0.221671" r6="0.13718" r7="0" r8="0.0617316" r9="-0.316859" r10="-0.946462" r11="0" r12="0" r13="0" r14="0" r15="1" id="28" color_r="0.388235" color_g="0.396078" color_b="0.4" type_file="Data/Objects/Environment/rocks/BlockyStone1.xml">
        <parameters />
    </EnvObject>
    <EnvObject t0="50.6335" t1="-10.3834" t2="38.7304" s0="1" s1="1" s2="1" r0="0.915637" r1="-1.41151e-007" r2="-0.402007" r3="0" r4="9.21843e-008" r5="1" r6="-1.41151e-007" r7="0" r8="0.402007" r9="9.21843e-008" r10="0.915637" r11="0" r12="0" r13="0" r14="0" r15="1" id="29" color_r="1" color_g="1" color_b="1" type_file="Data/Custom/twowolves/jims_ruin_set/jims_arch_01.xml">
        <parameters />
    </EnvObject>
    <EnvObject t0="71.1343" t1="-17.9588" t2="74.0902" s0="1" s1="1" s2="1" r0="0.618225" r1="-5.51463e-008" r2="-0.786001" r3="0" r4="1.59313e-007" r5="1" r6="5.51463e-008" r7="0" r8="0.786001" r9="-1.59313e-007" r10="0.618225" r11="0" r12="0" r13="0" r14="0" r15="1" id="30" color_r="1" color_g="1" color_b="1" type_file="Data/Custom/twowolves/jims_ruin_set/jims_platform.xml">
        <parameters />
    </EnvObject>
    <EnvObject t0="73.9161" t1="2.06979" t2="77.9289" s0="2.6148" s1="2.6148" s2="2.6148" r0="0.918134" r1="-2.41184e-008" r2="-0.396271" r3="0" r4="-2.41184e-008" r5="1" r6="-1.16744e-007" r7="0" r8="0.396271" r9="1.16744e-007" r10="0.918134" r11="0" r12="0" r13="0" r14="0" r15="1" id="31" color_r="1" color_g="1" color_b="1" type_file="Data/Objects/Buildings/cat_town/babylon_tower.xml">
        <parameters />
    </EnvObject>
    <Hotspot t0="32.8184" t1="-4.19588" t2="-17.7696" s0="8.25892" s1="1.58811" s2="3.29628" r0="1" r1="0" r2="0" r3="0" r4="0" r5="1" r6="0" r7="0" r8="0" r9="0" r10="1" r11="0" r12="0" r13="0" r14="0" r15="1" id="32" type_file="Data/Custom/timbles/therium-2/Objects/Hotspots/rain.xml">
        <parameters />
    </Hotspot>
    <Hotspot t0="32.8183" t1="-4.19586" t2="6.75709" s0="8.25892" s1="1.58811" s2="3.29628" r0="1" r1="0" r2="0" r3="0" r4="0" r5="1" r6="0" r7="0" r8="0" r9="0" r10="1" r11="0" r12="0" r13="0" r14="0" r15="1" id="33" type_file="Data/Custom/timbles/therium-2/Objects/Hotspots/rain.xml">
        <parameters />
    </Hotspot>
    <EnvObject t0="33.4211" t1="-14.0413" t2="-30.1115" s0="2.21055" s1="2.21055" s2="2.21055" r0="-0.16264" r1="0.347671" r2="-0.923403" r3="0" r4="-0.908635" r5="0.312033" r6="0.277522" r7="0" r8="0.384618" r9="0.884172" r10="0.265157" r11="0" r12="0" r13="0" r14="0" r15="1" id="34" color_r="1" color_g="1" color_b="1" type_file="Data/Objects/Environment/rocks/BlockyStone1.xml">
        <parameters />
    </EnvObject>
    <Hotspot t0="47.0494" t1="-4.19382" t2="-5.66361" s0="8.25892" s1="1.58811" s2="3.29628" r0="-1.19209e-007" r1="0" r2="1" r3="0" r4="-0" r5="1" r6="0" r7="0" r8="-1" r9="-0" r10="-1.19209e-007" r11="0" r12="0" r13="0" r14="0" r15="1" id="35" type_file="Data/Custom/timbles/therium-2/Objects/Hotspots/rain.xml">
        <parameters />
    </Hotspot>
    <Hotspot t0="32.8183" t1="-2.22737" t2="6.75709" s0="8.25892" s1="1.58811" s2="3.29628" r0="1" r1="0" r2="0" r3="0" r4="0" r5="1" r6="0" r7="0" r8="0" r9="0" r10="1" r11="0" r12="0" r13="0" r14="0" r15="1" id="36" type_file="Data/Custom/timbles/therium-2/Objects/Hotspots/rain.xml">
        <parameters />
    </Hotspot>
    <Hotspot t0="47.0494" t1="-3.23152" t2="-5.66361" s0="8.25892" s1="1.58811" s2="3.29628" r0="-1.19209e-007" r1="0" r2="1" r3="0" r4="-0" r5="1" r6="0" r7="0" r8="-1" r9="-0" r10="-1.19209e-007" r11="0" r12="0" r13="0" r14="0" r15="1" id="37" type_file="Data/Custom/timbles/therium-2/Objects/Hotspots/rain.xml">
        <parameters />
    </Hotspot>
    <Hotspot t0="32.8184" t1="-3.37934" t2="-17.7696" s0="8.25892" s1="1.58811" s2="3.29628" r0="1" r1="0" r2="0" r3="0" r4="0" r5="1" r6="0" r7="0" r8="0" r9="0" r10="1" r11="0" r12="0" r13="0" r14="0" r15="1" id="38" type_file="Data/Custom/timbles/therium-2/Objects/Hotspots/rain.xml">
        <parameters />
    </Hotspot>
    <EnvObject t0="32.9463" t1="-17.0057" t2="122.629" s0="1.91034" s1="1.3119" s2="0.999996" r0="-0.433821" r1="1.00935e-007" r2="0.900999" r3="0" r4="1.00935e-007" r5="1" r6="-6.34268e-008" r7="0" r8="-0.900999" r9="6.34268e-008" r10="-0.433821" r11="0" r12="0" r13="0" r14="0" r15="1" id="40" color_r="1" color_g="1" color_b="1" type_file="Data/Objects/Buildings/door1.xml">
        <parameters />
    </EnvObject>
    <EnvObject t0="29.1614" t1="-15.2495" t2="120.539" s0="1.55791" s1="0.956046" s2="1" r0="-0.5" r1="1.03238e-007" r2="0.866025" r3="0" r4="1.03238e-007" r5="1" r6="-5.96045e-008" r7="0" r8="-0.866025" r9="5.96045e-008" r10="-0.5" r11="0" r12="0" r13="0" r14="0" r15="1" id="41" color_r="1" color_g="1" color_b="1" type_file="Data/Objects/Buildings/cat_town/hut_large.xml">
        <parameters />
    </EnvObject>
    <Hotspot t0="19.4486" t1="-6.70356" t2="113.638" s0="8.25892" s1="1.58811" s2="3.29628" r0="0.5" r1="-1.54857e-007" r2="-0.866025" r3="0" r4="1.54857e-007" r5="1" r6="-8.94067e-008" r7="0" r8="0.866025" r9="-8.94067e-008" r10="0.5" r11="0" r12="0" r13="0" r14="0" r15="1" id="42" type_file="Data/Custom/timbles/therium-2/Objects/Hotspots/rain.xml">
        <parameters />
    </Hotspot>
    <EnvObject t0="33.2054" t1="-16.9522" t2="122.742" s0="1.97545" s1="1.31118" s2="0.999986" r0="0.433803" r1="-0.00888825" r2="-0.900964" r3="0" r4="0.0038559" r5="0.99996" r6="-0.00800831" r7="0" r8="0.901" r9="-3.25963e-009" r10="0.43382" r11="0" r12="0" r13="0" r14="0" r15="1" id="43" color_r="1" color_g="1" color_b="1" type_file="Data/Objects/Buildings/door1.xml">
        <parameters />
    </EnvObject>
    <Hotspot t0="22.3601" t1="-6.7015" t2="132.808" s0="8.25892" s1="1.58811" s2="3.29628" r0="0.866025" r1="-1.99441e-007" r2="0.5" r3="0" r4="2.61148e-007" r5="1" r6="-5.34405e-008" r7="0" r8="-0.5" r9="1.76855e-007" r10="0.866025" r11="0" r12="0" r13="0" r14="0" r15="1" id="44" type_file="Data/Custom/timbles/therium-2/Objects/Hotspots/rain.xml">
        <parameters />
    </Hotspot>
    <Hotspot t0="22.3601" t1="-5.7392" t2="132.808" s0="8.25892" s1="1.58811" s2="3.29628" r0="0.866025" r1="-1.99441e-007" r2="0.5" r3="0" r4="2.61148e-007" r5="1" r6="-5.34405e-008" r7="0" r8="-0.5" r9="1.76855e-007" r10="0.866025" r11="0" r12="0" r13="0" r14="0" r15="1" id="46" type_file="Data/Custom/timbles/therium-2/Objects/Hotspots/rain.xml">
        <parameters />
    </Hotspot>
    <Hotspot t0="19.4486" t1="-5.88701" t2="113.638" s0="8.25892" s1="1.58811" s2="3.29628" r0="0.5" r1="-1.54857e-007" r2="-0.866025" r3="0" r4="1.54857e-007" r5="1" r6="-8.94067e-008" r7="0" r8="0.866025" r9="-8.94067e-008" r10="0.5" r11="0" r12="0" r13="0" r14="0" r15="1" id="47" type_file="Data/Custom/timbles/therium-2/Objects/Hotspots/rain.xml">
        <parameters />
    </Hotspot>
    <EnvObject t0="32.6715" t1="-18.0142" t2="115.948" s0="3.64438" s1="0.999988" s2="3.33377" r0="0.863711" r1="-3.1119e-008" r2="0.503988" r3="0" r4="-3.1119e-008" r5="1" r6="1.15076e-007" r7="0" r8="-0.503988" r9="-1.15076e-007" r10="0.863711" r11="0" r12="0" r13="0" r14="0" r15="1" id="83" color_r="1" color_g="1" color_b="1" type_file="Data/Objects/Environment/Furniture/shop_tall_table.xml">
        <parameters />
    </EnvObject>
    <EnvObject t0="32.8959" t1="-17.7135" t2="118.823" s0="1" s1="1.32162" s2="1.42167" r0="1" r1="0" r2="0" r3="0" r4="0" r5="1" r6="0" r7="0" r8="0" r9="0" r10="1" r11="0" r12="0" r13="0" r14="0" r15="1" id="87" color_r="1" color_g="1" color_b="1" type_file="Data/Objects/Environment/Furniture/shop_display.xml">
        <parameters />
    </EnvObject>
    <EnvObject t0="31.3728" t1="-18.1824" t2="123.991" s0="1" s1="1" s2="1" r0="1" r1="0" r2="0" r3="0" r4="0" r5="1" r6="0" r7="0" r8="0" r9="0" r10="1" r11="0" r12="0" r13="0" r14="0" r15="1" id="88" color_r="1" color_g="1" color_b="1" type_file="Data/Objects/Environment/Furniture/shop_stool.xml">
        <parameters />
    </EnvObject>
    <EnvObject t0="31.1771" t1="-18.1824" t2="124.691" s0="1" s1="1" s2="1" r0="0.833574" r1="0" r2="0.552408" r3="0" r4="-0" r5="1" r6="0" r7="0" r8="-0.552408" r9="-0" r10="0.833574" r11="0" r12="0" r13="0" r14="0" r15="1" id="89" color_r="1" color_g="1" color_b="1" type_file="Data/Objects/Environment/Furniture/shop_stool.xml">
        <parameters />
    </EnvObject>
    <EnvObject t0="25.4515" t1="-18.5378" t2="124.965" s0="0.340018" s1="0.636845" s2="0.396907" r0="-1.19209e-007" r1="1" r2="-1.49012e-008" r3="0" r4="-0.939818" r5="-1.19209e-007" r6="-0.341676" r7="0" r8="-0.341676" r9="-1.49012e-008" r10="0.939818" r11="0" r12="0" r13="0" r14="0" r15="1" id="90" color_r="1" color_g="1" color_b="1" type_file="Data/Objects/Crete/CreteBlockStandard.xml">
        <parameters />
    </EnvObject>
    <Decal t0="25.8151" t1="-18.0287" t2="125.096" s0="3.02129" s1="0.364091" s2="1.52099" r0="0.942773" r1="2.07617e-007" r2="0.333434" r3="0" r4="-1.26958e-007" r5="1" r6="-2.63694e-007" r7="0" r8="-0.333434" r9="2.06272e-007" r10="0.942773" r11="0" r12="0" r13="0" r14="0" r15="1" id="91" type_file="Data/Objects/Decals/rugs/thick_tan_rug.xml" i="0" color_r="1" color_g="1" color_b="1">
        <parameters />
    </Decal>
    <EnvObject t0="26.8875" t1="-18.9392" t2="118.942" s0="1.24237" s1="1.71362" s2="1.9707" r0="0.878369" r1="4.61936e-007" r2="0.477984" r3="0" r4="-0.477984" r5="4.4331e-007" r6="0.878369" r7="0" r8="1.93715e-007" r9="-1" r10="6.10948e-007" r11="0" r12="0" r13="0" r14="0" r15="1" id="92" color_r="1" color_g="1" color_b="1" type_file="Data/Objects/Buildings/Fence1.xml">
        <parameters />
    </EnvObject>
    <EnvObject t0="23.9676" t1="-17.8238" t2="124.521" s0="1" s1="1" s2="1" r0="0.969174" r1="2.77098e-008" r2="0.246376" r3="0" r4="-5.7309e-008" r5="1" r6="1.12968e-007" r7="0" r8="-0.246376" r9="-1.23606e-007" r10="0.969174" r11="0" r12="0" r13="0" r14="0" r15="1" id="93" color_r="1" color_g="1" color_b="1" type_file="Data/Objects/Furniture/SquarePillow.xml">
        <parameters />
    </EnvObject>
    <EnvObject t0="24.6046" t1="-18.2036" t2="123.379" s0="1.47061" s1="1" s2="2.36002" r0="0.33056" r1="-6.89685e-008" r2="-0.943785" r3="0" r4="-6.89685e-008" r5="1" r6="-9.72327e-008" r7="0" r8="0.943785" r9="9.72327e-008" r10="0.33056" r11="0" r12="0" r13="0" r14="0" r15="1" id="94" color_r="1" color_g="1" color_b="1" type_file="Data/Objects/Environment/Furniture/shop_stool.xml">
        <parameters />
    </EnvObject>
    <EnvObject t0="26.3619" t1="-15.8667" t2="120.197" s0="1" s1="1" s2="1" r0="1" r1="0" r2="0" r3="0" r4="0" r5="1" r6="0" r7="0" r8="0" r9="0" r10="1" r11="0" r12="0" r13="0" r14="0" r15="1" id="95" color_r="1" color_g="1" color_b="1" type_file="Data/Objects/Environment/pots/paw_pot.xml">
        <parameters />
    </EnvObject>
    <EnvObject t0="26.8875" t1="-18.0495" t2="118.942" s0="1.24237" s1="1.71362" s2="1.9707" r0="0.878369" r1="4.61936e-007" r2="0.477984" r3="0" r4="-0.477984" r5="4.4331e-007" r6="0.878369" r7="0" r8="1.93715e-007" r9="-1" r10="6.10948e-007" r11="0" r12="0" r13="0" r14="0" r15="1" id="96" color_r="1" color_g="1" color_b="1" type_file="Data/Objects/Buildings/Fence1.xml">
        <parameters />
    </EnvObject>
    <EnvObject t0="26.8875" t1="-17.1472" t2="118.942" s0="1.24237" s1="1.71362" s2="1.9707" r0="0.878369" r1="4.61936e-007" r2="0.477984" r3="0" r4="-0.477984" r5="4.4331e-007" r6="0.878369" r7="0" r8="1.93715e-007" r9="-1" r10="6.10948e-007" r11="0" r12="0" r13="0" r14="0" r15="1" id="97" color_r="1" color_g="1" color_b="1" type_file="Data/Objects/Buildings/Fence1.xml">
        <parameters />
    </EnvObject>
    <EnvObject t0="26.8875" t1="-16.2575" t2="118.942" s0="1.24237" s1="1.71362" s2="1.9707" r0="0.878369" r1="4.61936e-007" r2="0.477984" r3="0" r4="-0.477984" r5="4.4331e-007" r6="0.878369" r7="0" r8="1.93715e-007" r9="-1" r10="6.10948e-007" r11="0" r12="0" r13="0" r14="0" r15="1" id="98" color_r="1" color_g="1" color_b="1" type_file="Data/Objects/Buildings/Fence1.xml">
        <parameters />
    </EnvObject>
    <EnvObject t0="26.5416" t1="-15.8678" t2="119.992" s0="1" s1="1" s2="1" r0="-0.603224" r1="1.06731e-007" r2="0.797572" r3="0" r4="1.06731e-007" r5="1" r6="-5.30965e-008" r7="0" r8="-0.797572" r9="5.30965e-008" r10="-0.603224" r11="0" r12="0" r13="0" r14="0" r15="1" id="99" color_r="1" color_g="1" color_b="1" type_file="Data/Objects/Environment/pots/paw_pot.xml">
        <parameters />
    </EnvObject>
    <EnvObject t0="26.8209" t1="-15.9739" t2="119.613" s0="1" s1="1" s2="1" r0="1" r1="0" r2="0" r3="0" r4="0" r5="1" r6="0" r7="0" r8="0" r9="0" r10="1" r11="0" r12="0" r13="0" r14="0" r15="1" id="100" color_r="1" color_g="1" color_b="1" type_file="Data/Objects/Environment/pots/sun_pot.xml">
        <parameters />
    </EnvObject>
    <EnvObject t0="27.4715" t1="-16.8124" t2="118.423" s0="1" s1="1" s2="1" r0="-0.5" r1="5.16191e-008" r2="0.866025" r3="0" r4="5.16191e-008" r5="1" r6="-2.98023e-008" r7="0" r8="-0.866025" r9="2.98023e-008" r10="-0.5" r11="0" r12="0" r13="0" r14="0" r15="1" id="101" color_r="1" color_g="1" color_b="1" type_file="Data/Objects/Environment/pots/tree_pot.xml">
        <parameters />
    </EnvObject>
    <EnvObject t0="27.4213" t1="-16.8124" t2="118.817" s0="1" s1="1" s2="1" r0="5.96046e-008" r1="-4.21469e-008" r2="-1" r3="0" r4="1.26441e-007" r5="1" r6="-4.21469e-008" r7="0" r8="1" r9="-1.26441e-007" r10="5.96046e-008" r11="0" r12="0" r13="0" r14="0" r15="1" id="102" color_r="1" color_g="1" color_b="1" type_file="Data/Objects/Environment/pots/tree_pot.xml">
        <parameters />
    </EnvObject>
    <EnvObject t0="26.0483" t1="-17.9222" t2="119.985" s0="1" s1="1" s2="1" r0="1" r1="0" r2="-0" r3="0" r4="-0" r5="-1.19209e-007" r6="-1" r7="0" r8="0" r9="1" r10="-1.19209e-007" r11="0" r12="0" r13="0" r14="0" r15="1" id="103" color_r="1" color_g="1" color_b="1" type_file="Data/Objects/Environment/pots/bomb_pot.xml">
        <parameters />
    </EnvObject>
    <EnvObject t0="27.7507" t1="-17.8474" t2="118.154" s0="1" s1="1" s2="1" r0="1" r1="0" r2="0" r3="0" r4="0" r5="1" r6="0" r7="0" r8="0" r9="0" r10="1" r11="0" r12="0" r13="0" r14="0" r15="1" id="104" color_r="1" color_g="1" color_b="1" type_file="Data/Objects/Environment/pots/coffee_pot.xml">
        <parameters />
    </EnvObject>
    <EnvObject t0="27.4312" t1="-17.8474" t2="118.275" s0="1" s1="1" s2="1" r0="-0.814298" r1="-5.67701e-008" r2="-0.580447" r3="0" r4="-5.67701e-008" r5="1" r6="-1.81624e-008" r7="0" r8="0.580447" r9="1.81624e-008" r10="-0.814298" r11="0" r12="0" r13="0" r14="0" r15="1" id="105" color_r="1" color_g="1" color_b="1" type_file="Data/Objects/Environment/pots/coffee_pot.xml">
        <parameters />
    </EnvObject>
    <EnvObject t0="27.431" t1="-17.8346" t2="117.972" s0="1" s1="1" s2="1" r0="1" r1="0" r2="0" r3="0" r4="0" r5="1" r6="0" r7="0" r8="0" r9="0" r10="1" r11="0" r12="0" r13="0" r14="0" r15="1" id="106" color_r="1" color_g="1" color_b="1" type_file="Data/Objects/Environment/pots/fat_pitcher.xml">
        <parameters />
    </EnvObject>
    <EnvObject t0="26.5802" t1="-17.73" t2="120.136" s0="1" s1="1" s2="1" r0="-0.568488" r1="-1.31961e-008" r2="0.822692" r3="0" r4="-1.31961e-008" r5="1" r6="6.92152e-009" r7="0" r8="-0.822692" r9="-6.92152e-009" r10="-0.568488" r11="0" r12="0" r13="0" r14="0" r15="1" id="107" color_r="1" color_g="1" color_b="1" type_file="Data/Objects/Environment/pots/large_pot.xml">
        <parameters />
    </EnvObject>
    <EnvObject t0="27.6189" t1="-17.9261" t2="116.895" s0="1" s1="1" s2="1" r0="-0.395182" r1="0" r2="0.918603" r3="0" r4="-0" r5="1" r6="0" r7="0" r8="-0.918603" r9="-0" r10="-0.395182" r11="0" r12="0" r13="0" r14="0" r15="1" id="108" color_r="1" color_g="1" color_b="1" type_file="Data/Objects/Environment/baskets/basket_covered.xml">
        <parameters />
    </EnvObject>
    <EnvObject t0="28.8502" t1="-17.9261" t2="115.988" s0="1" s1="1" s2="1" r0="-0.755745" r1="0" r2="0.654866" r3="0" r4="0" r5="1" r6="0" r7="0" r8="-0.654866" r9="0" r10="-0.755745" r11="0" r12="0" r13="0" r14="0" r15="1" id="109" color_r="1" color_g="1" color_b="1" type_file="Data/Objects/Environment/baskets/basket_covered.xml">
        <parameters />
    </EnvObject>
    <EnvObject t0="28.3418" t1="-17.9261" t2="116.595" s0="1" s1="1" s2="1" r0="-0.715092" r1="5.51962e-008" r2="0.69903" r3="0" r4="5.51962e-008" r5="1" r6="-2.24966e-008" r7="0" r8="-0.69903" r9="2.24966e-008" r10="-0.715092" r11="0" r12="0" r13="0" r14="0" r15="1" id="110" color_r="1" color_g="1" color_b="1" type_file="Data/Objects/Environment/baskets/basket_covered.xml">
        <parameters />
    </EnvObject>
    <EnvObject t0="27.2003" t1="-17.2248" t2="117.29" s0="1" s1="1.42006" s2="1" r0="0.477984" r1="-4.33459e-008" r2="-0.878369" r3="0" r4="-2.00265e-007" r5="1" r6="-1.58327e-007" r7="0" r8="0.878369" r9="2.51584e-007" r10="0.477984" r11="0" r12="0" r13="0" r14="0" r15="1" id="111" color_r="1" color_g="1" color_b="1" type_file="Data/Objects/Buildings/Post1.xml">
        <parameters />
    </EnvObject>
    <EnvObject t0="26.8875" t1="-15.4248" t2="118.942" s0="1.24237" s1="1.71362" s2="1.9707" r0="0.878369" r1="4.61936e-007" r2="0.477984" r3="0" r4="-0.477984" r5="4.4331e-007" r6="0.878369" r7="0" r8="1.93715e-007" r9="-1" r10="6.10948e-007" r11="0" r12="0" r13="0" r14="0" r15="1" id="112" color_r="1" color_g="1" color_b="1" type_file="Data/Objects/Buildings/Fence1.xml">
        <parameters />
    </EnvObject>
    <EnvObject t0="25.675" t1="-17.2248" t2="120.093" s0="1" s1="1.42006" s2="1" r0="0.477984" r1="-4.33459e-008" r2="-0.878369" r3="0" r4="-2.00265e-007" r5="1" r6="-1.58327e-007" r7="0" r8="0.878369" r9="2.51584e-007" r10="0.477984" r11="0" r12="0" r13="0" r14="0" r15="1" id="113" color_r="1" color_g="1" color_b="1" type_file="Data/Objects/Buildings/Post1.xml">
        <parameters />
    </EnvObject>
    <EnvObject t0="28.1577" t1="-17.2248" t2="117.811" s0="1" s1="1.42006" s2="1" r0="0.477984" r1="-4.33459e-008" r2="-0.878369" r3="0" r4="-2.00265e-007" r5="1" r6="-1.58327e-007" r7="0" r8="0.878369" r9="2.51584e-007" r10="0.477984" r11="0" r12="0" r13="0" r14="0" r15="1" id="114" color_r="1" color_g="1" color_b="1" type_file="Data/Objects/Buildings/Post1.xml">
        <parameters />
    </EnvObject>
    <EnvObject t0="26.6324" t1="-17.2248" t2="120.614" s0="1" s1="1.42006" s2="1" r0="0.477984" r1="-4.33459e-008" r2="-0.878369" r3="0" r4="-2.00265e-007" r5="1" r6="-1.58327e-007" r7="0" r8="0.878369" r9="2.51584e-007" r10="0.477984" r11="0" r12="0" r13="0" r14="0" r15="1" id="115" color_r="1" color_g="1" color_b="1" type_file="Data/Objects/Buildings/Post1.xml">
        <parameters />
    </EnvObject>
    <EnvObject t0="29.6565" t1="-17.5907" t2="127.99" s0="1" s1="1" s2="1" r0="1" r1="0" r2="0" r3="0" r4="0" r5="1" r6="0" r7="0" r8="0" r9="0" r10="1" r11="0" r12="0" r13="0" r14="0" r15="1" id="116" color_r="1" color_g="1" color_b="1" type_file="Data/Objects/Environment/baskets/basket_bowl.xml">
        <parameters />
    </EnvObject>
    <EnvObject t0="25.9138" t1="-17.9435" t2="121.063" s0="1.47312" s1="1" s2="1.29154" r0="0.824065" r1="-1.13845e-007" r2="-0.566495" r3="0" r4="1.13845e-007" r5="1" r6="-3.53565e-008" r7="0" r8="0.566495" r9="-3.53565e-008" r10="0.824065" r11="0" r12="0" r13="0" r14="0" r15="1" id="117" color_r="1" color_g="1" color_b="1" type_file="Data/Objects/Buildings/shops/shop_bin.xml">
        <parameters />
    </EnvObject>
    <EnvObject t0="25.9174" t1="-17.689" t2="121.062" s0="1.42131" s1="1" s2="1.21478" r0="0.819499" r1="0" r2="-0.573081" r3="0" r4="0" r5="1" r6="0" r7="0" r8="0.573081" r9="0" r10="0.819499" r11="0" r12="0" r13="0" r14="0" r15="1" id="118" color_r="1" color_g="1" color_b="1" type_file="Data/Objects/Buildings/shops/bin_fillers/bin_grain_rice.xml">
        <parameters />
    </EnvObject>
    <Decal t0="31.7111" t1="-18.388" t2="121.963" s0="2.98841" s1="0.0519637" s2="2.3122" r0="0.456713" r1="0" r2="-0.889614" r3="0" r4="0" r5="1" r6="0" r7="0" r8="0.889614" r9="0" r10="0.456713" r11="0" r12="0" r13="0" r14="0" r15="1" id="119" type_file="Data/Objects/Decals/rugs/red_trim_rug.xml" i="0" color_r="1" color_g="1" color_b="1">
        <parameters />
    </Decal>
    <ActorObject t0="28.0222" t1="-17.3738" t2="123.609" s0="1" s1="1" s2="1" r0="-0.866025" r1="-5.75737e-008" r2="-0.5" r3="0" r4="-5.75737e-008" r5="1" r6="-1.54268e-008" r7="0" r8="0.5" r9="1.54268e-008" r10="-0.866025" r11="0" r12="0" r13="0" r14="0" r15="1" id="120" type_file="Data/Custom/timbles/therium-2/Objects/IGF_Characters/ghost.xml" is_player="0">
        <parameters>
            <parameter name="Aggression" type="float" val="0.5" />
            <parameter name="Attack Damage" type="float" val="1" />
            <parameter name="Attack Knockback" type="float" val="1" />
            <parameter name="Attack Speed" type="float" val="1" />
            <parameter name="Block Follow-up" type="float" val="0.5" />
            <parameter name="Block Skill" type="float" val="0.5" />
            <parameter name="Character Scale" type="float" val="1" />
            <parameter name="Damage Resistance" type="float" val="1" />
            <parameter name="Ear Size" type="float" val="1" />
            <parameter name="Fat" type="float" val="0.5" />
            <parameter name="Ground Aggression" type="float" val="0.5" />
            <parameter name="Left handed" type="int" val="0" />
            <parameter name="Lives" type="int" val="1" />
            <parameter name="Movement Speed" type="float" val="1" />
            <parameter name="Muscle" type="float" val="0.5" />
            <parameter name="Teams" type="string" val="guard" />
        </parameters>
        <Connections>
            <Connection id="120" />
        </Connections>
        <ItemConnections />
        <Palette>
            <Color label="Fur" channel="0" red="1" green="1" blue="1" />
            <Color label="Pants" channel="1" red="1" green="1" blue="1" />
            <Color label="Shirt" channel="2" red="1" green="1" blue="1" />
            <Color label="Leather" channel="3" red="1" green="1" blue="1" />
        </Palette>
    </ActorObject>
    <ActorObject t0="30.2595" t1="-17.3738" t2="120.133" s0="1" s1="1" s2="1" r0="0.866025" r1="0" r2="0.5" r3="0" r4="-0" r5="1" r6="0" r7="0" r8="-0.5" r9="-0" r10="0.866025" r11="0" r12="0" r13="0" r14="0" r15="1" id="121" type_file="Data/Objects/IGF_Characters/IGF_GuardActor.xml" is_player="0">
        <parameters>
            <parameter name="Aggression" type="string" val="0.5" />
            <parameter name="Attack Damage" type="string" val="1" />
            <parameter name="Attack Knockback" type="string" val="1" />
            <parameter name="Attack Speed" type="string" val="1" />
            <parameter name="Block Follow-up" type="string" val="0.5" />
            <parameter name="Block Skill" type="string" val="0.5" />
            <parameter name="Character Scale" type="string" val="1" />
            <parameter name="Damage Resistance" type="string" val="1" />
            <parameter name="Ear Size" type="string" val="1" />
            <parameter name="Fat" type="string" val="0.5" />
            <parameter name="Ground Aggression" type="string" val="0.5" />
            <parameter name="Left handed" type="string" val="0" />
            <parameter name="Lives" type="string" val="1" />
            <parameter name="Movement Speed" type="string" val="1" />
            <parameter name="Muscle" type="string" val="0.5" />
            <parameter name="Teams" type="string" val="guard, player" />
        </parameters>
        <Connections>
            <Connection id="-1" />
        </Connections>
        <ItemConnections />
        <Palette>
            <Color label="Clothes" channel="0" red="0.239216" green="0.239216" blue="0.239216" />
            <Color label="Fur" channel="1" red="0.537255" green="0.537255" blue="0.537255" />
            <Color label="Leather" channel="2" red="0.780392" green="0.980392" blue="1" />
            <Color label="Armor" channel="3" red="0.247059" green="0.192157" blue="0.192157" />
        </Palette>
        <EnvObjectAttachments>
            <EnvObjectAttachment>
                <BoneConnect bone_id="20" num_connections="1" m0="0.0404793" m1="-0.11856" m2="0.992122" m3="0" m4="0.860024" m5="0.509601" m6="0.0258082" m7="0" m8="-0.508646" m9="0.852203" m10="0.122592" m11="0" m12="-0.299301" m13="0.307796" m14="-0.0335236" m15="1" />
                <BoneConnect bone_id="19" num_connections="1" m0="0.106056" m1="-0.228475" m2="0.967756" m3="0" m4="0.863093" m5="0.50445" m6="0.0245081" m7="0" m8="-0.493784" m9="0.832664" m10="0.250695" m11="0" m12="-0.298649" m13="0.306236" m14="-0.0273056" m15="1" />
                <BoneConnect bone_id="-1" num_connections="0" m0="1" m1="0" m2="0" m3="0" m4="0" m5="1" m6="0" m7="0" m8="0" m9="0" m10="1" m11="0" m12="0" m13="0" m14="0" m15="1" />
                <BoneConnect bone_id="-1" num_connections="0" m0="1" m1="0" m2="0" m3="0" m4="0" m5="1" m6="0" m7="0" m8="0" m9="0" m10="1" m11="0" m12="0" m13="0" m14="0" m15="1" />
            </EnvObjectAttachment>
            <EnvObjectAttachment>
                <BoneConnect bone_id="6" num_connections="1" m0="0.0642356" m1="0.0455554" m2="-0.996894" m3="0" m4="-0.877052" m5="0.479147" m6="-0.0346177" m7="0" m8="0.476082" m9="0.876552" m10="0.0707327" m11="0" m12="0.318798" m13="0.296173" m14="-0.0273743" m15="1" />
                <BoneConnect bone_id="7" num_connections="1" m0="-0.0247219" m1="-0.103502" m2="-0.994322" m3="0" m4="-0.882265" m5="0.469978" m6="-0.0269856" m7="0" m8="0.470103" m9="0.876588" m10="-0.102935" m11="0" m12="0.31913" m13="0.298492" m14="-0.0360489" m15="1" />
                <BoneConnect bone_id="-1" num_connections="0" m0="1" m1="0" m2="0" m3="0" m4="0" m5="1" m6="0" m7="0" m8="0" m9="0" m10="1" m11="0" m12="0" m13="0" m14="0" m15="1" />
                <BoneConnect bone_id="-1" num_connections="0" m0="1" m1="0" m2="0" m3="0" m4="0" m5="1" m6="0" m7="0" m8="0" m9="0" m10="1" m11="0" m12="0" m13="0" m14="0" m15="1" />
            </EnvObjectAttachment>
            <EnvObjectAttachment>
                <BoneConnect bone_id="2" num_connections="1" m0="0.943142" m1="-0.0151336" m2="0.332044" m3="0" m4="0.0207529" m5="0.999695" m6="-0.0133838" m7="0" m8="-0.33174" m9="0.0195137" m10="0.943169" m11="0" m12="-0.0745087" m13="0.219215" m14="0.101845" m15="1" />
                <BoneConnect bone_id="-1" num_connections="0" m0="1" m1="0" m2="0" m3="0" m4="0" m5="1" m6="0" m7="0" m8="0" m9="0" m10="1" m11="0" m12="0" m13="0" m14="0" m15="1" />
                <BoneConnect bone_id="-1" num_connections="0" m0="1" m1="0" m2="0" m3="0" m4="0" m5="1" m6="0" m7="0" m8="0" m9="0" m10="1" m11="0" m12="0" m13="0" m14="0" m15="1" />
                <BoneConnect bone_id="-1" num_connections="0" m0="1" m1="0" m2="0" m3="0" m4="0" m5="1" m6="0" m7="0" m8="0" m9="0" m10="1" m11="0" m12="0" m13="0" m14="0" m15="1" />
            </EnvObjectAttachment>
        </EnvObjectAttachments>
        <EnvObject t0="28.7335" t1="-17.3899" t2="117.002" s0="0.999953" s1="0.999995" s2="1.39292" r0="-0.247305" r1="-0.155039" r2="0.956454" r3="0" r4="0.0760377" r5="0.980966" r6="0.178673" r7="0" r8="-0.96595" r9="0.116913" r10="-0.230809" r11="0" r12="0" r13="0" r14="0" r15="1" id="122" color_r="0.160784" color_g="0.215686" color_b="0.137255" type_file="Data/Objects/Gear/rabbit_gear/large_wood_plate.xml">
            <parameters />
        </EnvObject>
        <EnvObject t0="29.1219" t1="-17.4142" t2="117.225" s0="0.999953" s1="0.999995" s2="1.39292" r0="0.506473" r1="-0.0359746" r2="-0.861505" r3="0" r4="-0.143473" r5="0.981685" r6="-0.12534" r7="0" r8="0.850236" r9="0.187084" r10="0.492036" r11="0" r12="0" r13="0" r14="0" r15="1" id="123" color_r="0.160784" color_g="0.215686" color_b="0.137255" type_file="Data/Objects/Gear/rabbit_gear/large_wood_plate.xml">
            <parameters />
        </EnvObject>
        <EnvObject t0="28.7956" t1="-17.368" t2="117.197" s0="0.87774" s1="0.648001" s2="0.659315" r0="0.674345" r1="-0.0132001" r2="0.738299" r3="0" r4="0.0186838" r5="0.999825" r6="0.000810551" r7="0" r8="-0.73818" r9="0.0132476" r10="0.674473" r11="0" r12="0" r13="0" r14="0" r15="1" id="124" color_r="1" color_g="1" color_b="1" type_file="Data/Objects/Gear/rabbit_gear/medium_bags.xml">
            <parameters />
        </EnvObject>
    </ActorObject>
    <ActorObject t0="28.8933" t1="-17.3738" t2="119.64" s0="1" s1="1" s2="1" r0="1" r1="0" r2="0" r3="0" r4="0" r5="1" r6="0" r7="0" r8="0" r9="0" r10="1" r11="0" r12="0" r13="0" r14="0" r15="1" id="125" type_file="Data/Custom/timbles/therium-2/Objects/IGF_Characters/heavy.xml" is_player="0">
        <parameters>
            <parameter name="Aggression" type="string" val="0.5" />
            <parameter name="Attack Damage" type="string" val="1.8" />
            <parameter name="Attack Knockback" type="string" val="1.2000000000000002" />
            <parameter name="Attack Speed" type="string" val="1.2000000000000002" />
            <parameter name="Block Follow-up" type="string" val="0.5" />
            <parameter name="Block Skill" type="string" val="0.9" />
            <parameter name="Character Scale" type="string" val="1.12" />
            <parameter name="Damage Resistance" type="string" val="9999999999999999999999999999" />
            <parameter name="Ear Size" type="string" val="1" />
            <parameter name="Fat" type="string" val="0.5" />
            <parameter name="Ground Aggression" type="string" val="0.5" />
            <parameter name="Left handed" type="string" val="0" />
            <parameter name="Lives" type="string" val="1" />
            <parameter name="Movement Speed" type="string" val="0.8" />
            <parameter name="Muscle" type="string" val="0.6000000000000001" />
            <parameter name="Teams" type="string" val="guard" />
        </parameters>
        <Connections>
            <Connection id="-1" />
        </Connections>
        <ItemConnections />
        <Palette>
            <Color label="Clothes" channel="0" red="0.0745098" green="0.141176" blue="0.196078" />
            <Color label="Fur" channel="1" red="0.94902" green="0.776471" blue="0.776471" />
            <Color label="Leather" channel="2" red="0.0784314" green="0.0627451" blue="0.0627451" />
            <Color label="Armor" channel="3" red="0.239216" green="0.247059" blue="0.247059" />
        </Palette>
        <EnvObjectAttachments>
            <EnvObjectAttachment>
