<?xml version="2.0" ?>
<Type>saved</Type>
<Name></Name>
<Description></Description>
<Shader>post</Shader>
<Terrain>
    <Heightmap>Data/Custom/aaorris/debug/Textures/heightmap.png</Heightmap>
    <DetailMap></DetailMap>
    <ColorMap>Data/Custom/aaorris/debug/Textures/white.tga</ColorMap>
    <WeightMap>Data/Custom/aaorris/debug/Textures/black.tga</WeightMap>
    <ModelOverride>Data/Custom/aaorris/debug/Models/terrain.obj</ModelOverride>
    <DetailMaps>
        <DetailMap colorpath="Data/Textures/Terrain/DetailTextures/sandwaves.tga" normalpath="Data/Textures/Terrain/DetailTextures/sandwaves_normal.tga" materialpath="Data/Materials/sand.xml" />
        <DetailMap colorpath="Data/Textures/Terrain/DetailTextures/sandwaves.tga" normalpath="Data/Textures/Terrain/DetailTextures/sandwaves_normal.tga" materialpath="Data/Materials/sand.xml" />
        <DetailMap colorpath="Data/Textures/Terrain/DetailTextures/sandwaves.tga" normalpath="Data/Textures/Terrain/DetailTextures/sandwaves_normal.tga" materialpath="Data/Materials/sand.xml" />
        <DetailMap colorpath="Data/Textures/Terrain/DetailTextures/sandwaves.tga" normalpath="Data/Textures/Terrain/DetailTextures/sandwaves_normal.tga" materialpath="Data/Materials/sand.xml" />
    </DetailMaps>
    <DetailObjects />
</Terrain>
<OutOfDate Shadow="true" AO="true" NavMesh="true" />
<SpawnPoints>
    <SpawnPoint t0="-42" t1="28" t2="44" s0="1" s1="1" s2="1" r0="1" r1="0" r2="0" r3="0" r4="0" r5="1" r6="0" r7="0" r8="0" r9="0" r10="1" r11="0" r12="0" r13="0" r14="0" r15="1" />
</SpawnPoints>
<AmbientSounds>
    <Ambient path="Data/Sounds/ambient/amb_forest_loop" />
</AmbientSounds>
<Script></Script>
<LevelScriptParameters>
    <parameter name="Achievements" type="string" val="no_injuries" />
    <parameter name="Extra AO" type="string" val="0" />
    <parameter name="Level Boundaries" type="string" val="0" />
    <parameter name="Objectives" type="string" val="" />
    <parameter name="Sky Rotation" type="string" val="-71" />
</LevelScriptParameters>
<Sky>
    <DomeTexture>Data/Textures/skies/bright_dusk.tga</DomeTexture>
    <SunAngularRad>0.0939692</SunAngularRad>
    <SunColorAngle>353.589</SunColorAngle>
    <RayToSun r0="0.117845" r1="0.53812" r2="0.83459" />
    <ExtraAO>0</ExtraAO>
    <SkyRotation>-71</SkyRotation>
</Sky>
<ActorObjects>
    <EnvObject t0="-135.088" t1="128.679" t2="52.7966" s0="1" s1="2.57846" s2="3.76487" r0="1.78814e-007" r1="1" r2="0" r3="0" r4="-1" r5="1.78814e-007" r6="0" r7="0" r8="0" r9="0" r10="1" r11="0" r12="0" r13="0" r14="0" r15="1" id="1" color_r="1" color_g="1" color_b="1" type_file="Data/Objects/Crete/CreteBlockStandard.xml">
        <parameters />
    </EnvObject>
    <ActorObject t0="-134.33" t1="131.679" t2="53.7435" s0="1" s1="1" s2="1" r0="1" r1="0" r2="0" r3="0" r4="0" r5="1" r6="0" r7="0" r8="0" r9="0" r10="1" r11="0" r12="0" r13="0" r14="0" r15="1" id="2" type_file="Data/Custom/timbles/therium-2/Objects/IGF_Characters/ghost.xml" is_player="1">
        <parameters>
            <parameter name="Aggression" type="float" val="0.5" />
            <parameter name="Attack Damage" type="float" val="1" />
            <parameter name="Attack Knockback" type="float" val="1" />
            <parameter name="Attack Speed" type="float" val="1" />
            <parameter name="Block Follow-up" type="float" val="0.5" />
            <parameter name="Block Skill" type="float" val="0.5" />
            <parameter name="Character Scale" type="float" val="1" />
            <parameter name="Damage Resistance" type="float" val="1" />
            <parameter name="Ear Size" type="float" val="1" />
            <parameter name="Fat" type="float" val="0.5" />
            <parameter name="Ground Aggression" type="float" val="0.5" />
            <parameter name="Left handed" type="int" val="0" />
            <parameter name="Lives" type="int" val="1" />
            <parameter name="Movement Speed" type="float" val="1" />
            <parameter name="Muscle" type="float" val="0.5" />
            <parameter name="Teams" type="string" val="guard" />
        </parameters>
        <Connections>
            <Connection id="-1" />
        </Connections>
        <ItemConnections />
        <Palette>
            <Color label="Fur" channel="0" red="1" green="1" blue="1" />
            <Color label="Pants" channel="1" red="1" green="1" blue="1" />
            <Color label="Shirt" channel="2" red="1" green="1" blue="1" />
            <Color label="Leather" channel="3" red="1" green="1" blue="1" />
        </Palette>
    </ActorObject>
    <EnvObject t0="-135.129" t1="139.233" t2="47.9113" s0="3.81743" s1="0.58724" s2="1.1202" r0="1" r1="0" r2="0" r3="0" r4="0" r5="1" r6="0" r7="0" r8="0" r9="0" r10="1" r11="0" r12="0" r13="0" r14="0" r15="1" id="3" color_r="1" color_g="1" color_b="1" type_file="Data/Objects/Crete/CreteBlockStandard.xml">
        <parameters />
    </EnvObject>
    <EnvObject t0="-134.96" t1="132.18" t2="48.0504" s0="0.38676" s1="0.57456" s2="0.992103" r0="1" r1="0" r2="0" r3="0" r4="0" r5="1" r6="0" r7="0" r8="0" r9="0" r10="1" r11="0" r12="0" r13="0" r14="0" r15="1" id="4" color_r="1" color_g="1" color_b="1" type_file="Data/Objects/Crete/CreteBlockStandard.xml">
        <parameters />
    </EnvObject>
    <EnvObject t0="-141.348" t1="134.182" t2="47.9508" s0="0.635325" s1="1.1979" s2="1" r0="1" r1="0" r2="0" r3="0" r4="0" r5="1" r6="0" r7="0" r8="0" r9="0" r10="1" r11="0" r12="0" r13="0" r14="0" r15="1" id="5" color_r="1" color_g="1" color_b="1" type_file="Data/Objects/Crete/CreteBlockStandard.xml">
        <parameters />
    </EnvObject>
    <EnvObject t0="-128.763" t1="134.182" t2="47.9508" s0="0.569217" s1="1.1979" s2="1" r0="1" r1="0" r2="0" r3="0" r4="0" r5="1" r6="0" r7="0" r8="0" r9="0" r10="1" r11="0" r12="0" r13="0" r14="0" r15="1" id="6" color_r="1" color_g="1" color_b="1" type_file="Data/Objects/Crete/CreteBlockStandard.xml">
        <parameters />
    </EnvObject>
    <EnvObject t0="-134.96" t1="135.723" t2="48.0503" s0="0.38676" s1="0.603034" s2="0.992103" r0="1" r1="0" r2="0" r3="0" r4="0" r5="1" r6="0" r7="0" r8="0" r9="0" r10="1" r11="0" r12="0" r13="0" r14="0" r15="1" id="7" color_r="1" color_g="1" color_b="1" type_file="Data/Objects/Crete/CreteBlockStandard.xml">
        <parameters />
    </EnvObject>
    <EnvObject t0="-131.909" t1="128.453" t2="47.0839" s0="1.27428" s1="0.76877" s2="1.39319" r0="1" r1="0" r2="0" r3="0" r4="0" r5="1" r6="0" r7="0" r8="0" r9="0" r10="1" r11="0" r12="0" r13="0" r14="0" r15="1" id="8" color_r="1" color_g="1" color_b="1" type_file="Data/Objects/Crete/crete_block_marble_standard.xml">
        <parameters />
    </EnvObject>
    <EnvObject t0="-138.042" t1="128.453" t2="46.9702" s0="1.2682" s1="0.76877" s2="1.48251" r0="1" r1="0" r2="0" r3="0" r4="0" r5="1" r6="0" r7="0" r8="0" r9="0" r10="1" r11="0" r12="0" r13="0" r14="0" r15="1" id="9" color_r="1" color_g="1" color_b="1" type_file="Data/Objects/Crete/crete_block_marble_standard.xml">
        <parameters />
    </EnvObject>
    <EnvObject t0="-135.424" t1="133.266" t2="45.1008" s0="3.06203" s1="1.8624" s2="0.486887" r0="1" r1="0" r2="0" r3="0" r4="0" r5="1" r6="0" r7="0" r8="0" r9="0" r10="1" r11="0" r12="0" r13="0" r14="0" r15="1" id="10" color_r="1" color_g="1" color_b="1" type_file="Data/Objects/Crete/CreteBlockStandard.xml">
        <parameters />
    </EnvObject>
    <Decal t0="-137.979" t1="133.89" t2="46.093" s0="3.98968" s1="1" s2="4.75322" r0="-1" r1="8.74228e-008" r2="-8.11646e-008" r3="0" r4="-8.11646e-008" r5="-1.19209e-007" r6="1" r7="0" r8="8.74228e-008" r9="1" r10="-1.19209e-007" r11="0" r12="0" r13="0" r14="0" r15="1" id="11" type_file="Data/Custom/timbles/therium-2/Objects/Decals/Tutorial/intro.xml" i="0" color_r="1" color_g="1" color_b="1">
        <parameters />
    </Decal>
    <Decal t0="-132.06" t1="134.066" t2="46.1067" s0="4.13257" s1="1" s2="4.10378" r0="-1" r1="-8.74228e-008" r2="8.11646e-008" r3="0" r4="8.11646e-008" r5="-1.19209e-007" r6="1" r7="0" r8="-8.74228e-008" r9="1" r10="-1.19209e-007" r11="0" r12="0" r13="0" r14="0" r15="1" id="12" type_file="Data/Custom/timbles/therium-2/Objects/Decals/Tutorial/weapons.xml" i="0" color_r="1" color_g="1" color_b="1">
        <parameters />
    </Decal>
    <EnvObject t0="-128.827" t1="139.232" t2="59.26" s0="1.01509" s1="2.13277" s2="1" r0="1.78814e-007" r1="1" r2="0" r3="0" r4="-1" r5="1.78814e-007" r6="0" r7="0" r8="0" r9="0" r10="1" r11="0" r12="0" r13="0" r14="0" r15="1" id="21" color_r="1" color_g="1" color_b="1" type_file="Data/Objects/Crete/CreteBlockStandard.xml">
        <parameters />
    </EnvObject>
    <EnvObject t0="-139.262" t1="139.232" t2="59.26" s0="1.01509" s1="1.39283" s2="1" r0="-1.19209e-007" r1="1" r2="8.42937e-008" r3="0" r4="-1" r5="-1.19209e-007" r6="-8.42937e-008" r7="0" r8="-8.42937e-008" r9="-8.42937e-008" r10="1" r11="0" r12="0" r13="0" r14="0" r15="1" id="22" color_r="1" color_g="1" color_b="1" type_file="Data/Objects/Crete/CreteBlockStandard.xml">
        <parameters />
    </EnvObject>
    <EnvObject t0="-125.16" t1="135.712" t2="59.0935" s0="1.2845" s1="1.708" s2="0.38537" r0="1" r1="0" r2="0" r3="0" r4="0" r5="1" r6="0" r7="0" r8="0" r9="0" r10="1" r11="0" r12="0" r13="0" r14="0" r15="1" id="23" color_r="1" color_g="1" color_b="1" type_file="Data/Objects/Crete/crete_block_marble_standard.xml">
        <parameters />
    </EnvObject>
    <EnvObject t0="-134.948" t1="135.163" t2="59.1891" s0="1.33236" s1="1.92988" s2="0.367898" r0="1.78814e-007" r1="-1" r2="8.42937e-008" r3="0" r4="1" r5="1.78814e-007" r6="8.42937e-008" r7="0" r8="-8.42937e-008" r9="8.42937e-008" r10="1" r11="0" r12="0" r13="0" r14="0" r15="1" id="24" color_r="1" color_g="1" color_b="1" type_file="Data/Objects/Crete/CreteBlockStandard.xml">
        <parameters />
    </EnvObject>
    <EnvObject t0="-134.948" t1="129.624" t2="59.1891" s0="1" s1="1.92988" s2="0.367898" r0="-1.19209e-007" r1="-1" r2="-8.42937e-008" r3="0" r4="1" r5="-1.19209e-007" r6="-8.42937e-008" r7="0" r8="8.42937e-008" r9="-8.42937e-008" r10="1" r11="0" r12="0" r13="0" r14="0" r15="1" id="25" color_r="1" color_g="1" color_b="1" type_file="Data/Objects/Crete/CreteBlockStandard.xml">
        <parameters />
    </EnvObject>
    <EnvObject t0="-146.316" t1="135.665" t2="48.8161" s0="1.98447" s1="1.69234" s2="0.552684" r0="1" r1="0" r2="0" r3="0" r4="0" r5="1" r6="0" r7="0" r8="0" r9="0" r10="1" r11="0" r12="0" r13="0" r14="0" r15="1" id="32" color_r="1" color_g="1" color_b="1" type_file="Data/Objects/Crete/crete_block_marble_standard.xml">
        <parameters />
    </EnvObject>
    <EnvObject t0="-135.098" t1="139.845" t2="53.799" s0="3.83323" s1="0.383056" s2="1.84524" r0="1" r1="0" r2="0" r3="0" r4="0" r5="1" r6="0" r7="0" r8="0" r9="0" r10="1" r11="0" r12="0" r13="0" r14="0" r15="1" id="33" color_r="1" color_g="1" color_b="1" type_file="Data/Objects/Crete/CreteBlockStandard.xml">
        <parameters />
    </EnvObject>
    <EnvObject t0="-125.546" t1="135.612" t2="48.8161" s0="1.0915" s1="1.67456" s2="0.552684" r0="1" r1="0" r2="0" r3="0" r4="0" r5="1" r6="0" r7="0" r8="0" r9="0" r10="1" r11="0" r12="0" r13="0" r14="0" r15="1" id="34" color_r="1" color_g="1" color_b="1" type_file="Data/Objects/Crete/crete_block_marble_standard.xml">
        <parameters />
    </EnvObject>
    <EnvObject t0="-156.471" t1="130.965" t2="51.9969" s0="1" s1="2.03013" s2="1" r0="1.78814e-007" r1="1" r2="-1.68587e-007" r3="0" r4="-1" r5="1.78814e-007" r6="-2.13163e-014" r7="0" r8="2.13163e-014" r9="1.68587e-007" r10="1" r11="0" r12="0" r13="0" r14="0" r15="1" id="35" color_r="1" color_g="1" color_b="1" type_file="Data/Objects/Crete/CreteBlockStandard.xml">
        <parameters />
    </EnvObject>
    <PlaceholderObject t0="-136.664" t1="131.321" t2="50.7542" s0="1" s1="1" s2="1" r0="1" r1="0" r2="0" r3="0" r4="0" r5="1" r6="0" r7="0" r8="0" r9="0" r10="1" r11="0" r12="0" r13="0" r14="0" r15="1" id="36" type_file="" special_type="0">
        <parameters>
            <parameter name="Dialogue" type="string" val="C:\Program Files (x86)\Steam\steamapps\common\Overgrowth\Data\Custom\timbles\therium-2\Dialogues\Tutorial\tutorial.txt" />
            <parameter name="DisplayName" type="string" val="Tutorial" />
            <parameter name="NumParticipants" type="int" val="1" />
            <parameter name="Script" type="string" val='set_character_pos 1 -137.611 131.238 50.8126 -94&#x0A;send_character_message 1 &quot;set_animation \&quot;Data/Animations/r_actionidle.anm\&quot;&quot;&#x0A;set_cam -138.271 131.655 50.007 0 -160.49 0 67.2071&#x0A;#name &quot;Tutorial&quot;&#x0A;#participants 1&#x0A;&#x0A;say 0 &quot;Timbles&quot; &quot;Hello, and welcome to Therium-2.&quot;&#x0A;say 0 &quot;Timbles&quot; &quot;This is the tutorial.&quot;&#x0A;set_cam -190.377 133.666 25.6298 -9.95 -167.42 0 40.6837&#x0A;say 0 &quot;Timbles&quot; &quot;This level can also be used as training.&quot;&#x0A;set_cam -126.626 134.299 55.0532 -0.04 -58.63 0.12 40.6837&#x0A;say 0 &quot;Timbles&quot; &quot;To learn the ins and outs of Therium-2...&quot;&#x0A;set_cam -125.914 134.439 57.1977 -0.09 -28.24 0.08 40.6837&#x0A;say 0 &quot;Timbles&quot; &quot;Go through this hallway.&quot;&#x0A;set_cam -165.093 134.873 54.3475 -0.12 18.55 -0.01 40.6837&#x0A;say 0 &quot;Timbles&quot; &quot;To practice fighting other enemies...&quot;&#x0A;set_cam -163.843 135.125 40.1759 -0.06 71.84 -0.1 40.6837&#x0A;say 0 &quot;Timbles&quot; &quot;Go through this hallway.&quot;&#x0A;set_cam -165.338 134.285 50.0488 0.11 172.68 -0.05 40.6837&#x0A;set_cam -134.056 133.846 52.9364 -0.11 -12.56 0.06 40.6837&#x0A;say 0 &quot;Timbles&quot; &quot;To learn about the armory...&quot;&#x0A;say 0 &quot;Timbles&quot; &quot;Go ahead and walk into this.&quot;&#x0A;' />
            <parameter name="obj_1" type="int" val="211" />
        </parameters>
        <Connections>
            <Connection id="36" />
        </Connections>
    </PlaceholderObject>
    <EnvObject t0="-164.255" t1="130.94" t2="51.1901" s0="0.987381" s1="1.05713" s2="1" r0="-2.38419e-007" r1="1" r2="2.38419e-007" r3="0" r4="-7.15256e-007" r5="2.38419e-007" r6="-1" r7="0" r8="-1" r9="-2.38419e-007" r10="7.15256e-007" r11="0" r12="0" r13="0" r14="0" r15="1" id="37" color_r="1" color_g="1" color_b="1" type_file="Data/Objects/Crete/CreteBlockStandard.xml">
        <parameters />
    </EnvObject>
    <EnvObject t0="-112.971" t1="140.043" t2="64.3818" s0="3.49847" s1="0.38727" s2="1.63905" r0="5.96046e-008" r1="0" r2="1" r3="0" r4="-0" r5="1" r6="0" r7="0" r8="-1" r9="-0" r10="5.96046e-008" r11="0" r12="0" r13="0" r14="0" r15="1" id="38" color_r="1" color_g="1" color_b="1" type_file="Data/Objects/Crete/CreteBlockStandard.xml">
        <parameters />
    </EnvObject>
    <EnvObject t0="-117.395" t1="136.866" t2="52.1355" s0="0.738504" s1="1.4549" s2="1.37865" r0="1" r1="0" r2="0" r3="0" r4="0" r5="1" r6="0" r7="0" r8="0" r9="0" r10="1" r11="0" r12="0" r13="0" r14="0" r15="1" id="39" color_r="1" color_g="1" color_b="1" type_file="Data/Objects/Crete/CreteBlockStandard.xml">
        <parameters />
    </EnvObject>
    <EnvObject t0="-117.39" t1="136.85" t2="57.3577" s0="0.740766" s1="1.44954" s2="1.29302" r0="1" r1="0" r2="0" r3="0" r4="0" r5="1" r6="0" r7="0" r8="0" r9="0" r10="1" r11="0" r12="0" r13="0" r14="0" r15="1" id="40" color_r="1" color_g="1" color_b="1" type_file="Data/Objects/Crete/CreteBlockStandard.xml">
        <parameters />
    </EnvObject>
    <EnvObject t0="-120.574" t1="131.397" t2="62.6593" s0="1" s1="1" s2="1" r0="1" r1="0" r2="0" r3="0" r4="0" r5="-1.19209e-007" r6="1" r7="0" r8="0" r9="-1" r10="-1.19209e-007" r11="0" r12="0" r13="0" r14="0" r15="1" id="41" color_r="1" color_g="1" color_b="1" type_file="Data/Objects/Crete/CreteBlockStandard.xml">
        <parameters />
    </EnvObject>
    <EnvObject t0="-120.574" t1="131.397" t2="68.5694" s0="1" s1="1" s2="1" r0="1" r1="0" r2="0" r3="0" r4="0" r5="1.78814e-007" r6="1" r7="0" r8="0" r9="-1" r10="1.78814e-007" r11="0" r12="0" r13="0" r14="0" r15="1" id="42" color_r="1" color_g="1" color_b="1" type_file="Data/Objects/Crete/CreteBlockStandard.xml">
        <parameters />
    </EnvObject>
    <EnvObject t0="-115.559" t1="131.397" t2="69.5417" s0="1" s1="1" s2="1" r0="8.34465e-007" r1="-2.38419e-007" r2="-1" r3="0" r4="1" r5="5.96046e-007" r6="8.34465e-007" r7="0" r8="5.96046e-007" r9="-1" r10="2.38419e-007" r11="0" r12="0" r13="0" r14="0" r15="1" id="43" color_r="1" color_g="1" color_b="1" type_file="Data/Objects/Crete/CreteBlockStandard.xml">
        <parameters />
    </EnvObject>
    <EnvObject t0="-134.188" t1="129.939" t2="64.2361" s0="1" s1="0.159261" s2="1" r0="0.0371758" r1="0" r2="-0.999309" r3="0" r4="0" r5="1" r6="0" r7="0" r8="0.999309" r9="0" r10="0.0371758" r11="0" r12="0" r13="0" r14="0" r15="1" id="44" color_r="1" color_g="1" color_b="1" type_file="Data/Objects/environment/land/landchunk.xml">
        <parameters />
    </EnvObject>
    <EnvObject t0="-117.373" t1="136.559" t2="63.771" s0="0.749129" s1="1.3525" s2="1.91185" r0="1" r1="0" r2="0" r3="0" r4="0" r5="1" r6="0" r7="0" r8="0" r9="0" r10="1" r11="0" r12="0" r13="0" r14="0" r15="1" id="45" color_r="1" color_g="1" color_b="1" type_file="Data/Objects/Crete/CreteBlockStandard.xml">
        <parameters />
    </EnvObject>
    <EnvObject t0="-140.112" t1="131.999" t2="64.4799" s0="1" s1="1" s2="1" r0="1" r1="0" r2="0" r3="0" r4="0" r5="1" r6="0" r7="0" r8="0" r9="0" r10="1" r11="0" r12="0" r13="0" r14="0" r15="1" id="69" color_r="1" color_g="1" color_b="1" type_file="Data/Objects/Plants/Trees/Test/dense_test_tree.xml">
        <parameters />
    </EnvObject>
    <EnvObject t0="-128.361" t1="130.828" t2="69.7783" s0="1" s1="1" s2="1" r0="-0.471267" r1="0.0483044" r2="-0.880667" r3="0" r4="0.0858241" r5="0.996272" r6="0.00871865" r7="0" r8="0.877805" r9="-0.0714736" r10="-0.473656" r11="0" r12="0" r13="0" r14="0" r15="1" id="77" color_r="1" color_g="1" color_b="1" type_file="Data/Custom/markuss/river_fight/Nature/Grass_Patch_Large.xml">
        <parameters />
    </EnvObject>
    <EnvObject t0="-126.773" t1="130.587" t2="66.7652" s0="1" s1="1" s2="1" r0="-0.34163" r1="0.0180219" r2="-0.939662" r3="0" r4="0.115422" r5="0.993052" r6="-0.0229178" r7="0" r8="0.93272" r9="-0.116287" r10="-0.341337" r11="0" r12="0" r13="0" r14="0" r15="1" id="78" color_r="1" color_g="1" color_b="1" type_file="Data/Custom/markuss/river_fight/Nature/Grass_Patch_Large.xml">
        <parameters />
    </EnvObject>
    <EnvObject t0="-129.793" t1="130.869" t2="65.7563" s0="1" s1="1" s2="1" r0="-0.936332" r1="0.0696696" r2="0.344134" r3="0" r4="0.0744074" r5="0.997228" r6="0.000562588" r7="0" r8="-0.343141" r9="0.0261329" r10="-0.93892" r11="0" r12="0" r13="0" r14="0" r15="1" id="79" color_r="1" color_g="1" color_b="1" type_file="Data/Custom/markuss/river_fight/Nature/Grass_Patch_Large.xml">
        <parameters />
    </EnvObject>
    <EnvObject t0="-126.315" t1="130.611" t2="63.8755" s0="1" s1="1" s2="1" r0="-0.824983" r1="0.0618724" r2="-0.56176" r3="0" r4="0.0744074" r5="0.997228" r6="0.000562575" r7="0" r8="0.560238" r9="-0.041335" r10="-0.8273" r11="0" r12="0" r13="0" r14="0" r15="1" id="80" color_r="1" color_g="1" color_b="1" type_file="Data/Custom/markuss/river_fight/Nature/Grass_Patch_Large.xml">
        <parameters />
    </EnvObject>
    <EnvObject t0="-142.729" t1="130.299" t2="63.1338" s0="1" s1="1" s2="1" r0="-0.205948" r1="-0.00281591" r2="0.978559" r3="0" r4="-0.111166" r5="0.99359" r6="-0.0205369" r7="0" r8="-0.972228" r9="-0.113012" r10="-0.204941" r11="0" r12="0" r13="0" r14="0" r15="1" id="81" color_r="1" color_g="1" color_b="1" type_file="Data/Custom/markuss/river_fight/Nature/Grass_Patch_Large.xml">
        <parameters />
    </EnvObject>
    <EnvObject t0="-140.974" t1="130.535" t2="65.0578" s0="1" s1="1" s2="1" r0="-0.205948" r1="-0.00281591" r2="0.978559" r3="0" r4="-0.111166" r5="0.99359" r6="-0.0205369" r7="0" r8="-0.972228" r9="-0.113012" r10="-0.204941" r11="0" r12="0" r13="0" r14="0" r15="1" id="82" color_r="1" color_g="1" color_b="1" type_file="Data/Custom/markuss/river_fight/Nature/Grass_Patch_Large.xml">
        <parameters />
    </EnvObject>
    <EnvObject t0="-124.41" t1="131.356" t2="72.1441" s0="0.999999" s1="0.999998" s2="0.999998" r0="0.476701" r1="0.0346094" r2="0.878384" r3="0" r4="-0.248277" r5="0.963844" r6="0.0967639" r7="0" r8="-0.843276" r9="-0.26421" r10="0.468058" r11="0" r12="0" r13="0" r14="0" r15="1" id="83" color_r="1" color_g="1" color_b="1" type_file="Data/Objects/Environment/rocks/BlockyStone1.xml">
        <parameters />
    </EnvObject>
    <EnvObject t0="-135.731" t1="131.577" t2="62.2727" s0="1" s1="1" s2="1" r0="1" r1="0" r2="0" r3="0" r4="0" r5="1" r6="0" r7="0" r8="0" r9="0" r10="1" r11="0" r12="0" r13="0" r14="0" r15="1" id="142" color_r="1" color_g="1" color_b="1" type_file="Data/Objects/Plants/Trees/Test/TestTree4.xml">
        <parameters />
    </EnvObject>
    <EnvObject t0="-139.594" t1="129.685" t2="62.4766" s0="0.540268" s1="0.540268" s2="0.540268" r0="0.982108" r1="0.18832" r2="7.06127e-008" r3="0" r4="-0.18832" r5="0.982108" r6="1.13037e-007" r7="0" r8="-4.80621e-008" r9="-1.24313e-007" r10="1" r11="0" r12="0" r13="0" r14="0" r15="1" id="143" color_r="1" color_g="1" color_b="1" type_file="Data/Objects/Environment/rocks/BlockyStone1.xml">
        <parameters />
    </EnvObject>
    <EnvObject t0="-140.785" t1="130.58" t2="73.4738" s0="1" s1="1" s2="1" r0="0.10623" r1="-0.0492141" r2="0.993123" r3="0" r4="-0.117019" r5="0.991215" r6="0.0616366" r7="0" r8="-0.987432" r9="-0.122762" r10="0.0995377" r11="0" r12="0" r13="0" r14="0" r15="1" id="144" color_r="1" color_g="1" color_b="1" type_file="Data/Custom/markuss/river_fight/Nature/Grass_Patch_Large.xml">
        <parameters />
    </EnvObject>
    <Hotspot t0="-117.998" t1="139.974" t2="54.8082" s0="5.04711" s1="0.913733" s2="2.34146" r0="1" r1="0" r2="0" r3="0" r4="0" r5="1" r6="0" r7="0" r8="0" r9="0" r10="1" r11="0" r12="0" r13="0" r14="0" r15="1" id="145" type_file="Data/Custom/steelraven7/steelraven_hotspot_pack/Objects/Hotspots/wipeoutTrigger.xml">
        <parameters>
            <parameter name="Damage dealt" type="string" val="0.0" />
            <parameter name="Ragdoll type" type="string" val="0" />
            <parameter name="Recovery time" type="string" val="5.0" />
            <parameter name="Upward force" type="string" val="0.0" />
        </parameters>
    </Hotspot>
    <EnvObject t0="-135.009" t1="131.54" t2="58.985" s0="5.75203" s1="1" s2="0.468316" r0="1" r1="0" r2="0" r3="0" r4="0" r5="1" r6="0" r7="0" r8="0" r9="0" r10="1" r11="0" r12="0" r13="0" r14="0" r15="1" id="146" color_r="1" color_g="1" color_b="1" type_file="Data/Objects/invisibleblock.xml">
        <parameters />
    </EnvObject>
    <EnvObject t0="-142.735" t1="130.534" t2="70.5031" s0="1" s1="1" s2="1" r0="-0.688284" r1="-0.125683" r2="0.714471" r3="0" r4="-0.117019" r5="0.991215" r6="0.0616356" r7="0" r8="-0.715941" r9="-0.0411838" r10="-0.696945" r11="0" r12="0" r13="0" r14="0" r15="1" id="152" color_r="1" color_g="1" color_b="1" type_file="Data/Custom/markuss/river_fight/Nature/Grass_Patch_Large.xml">
        <parameters />
    </EnvObject>
    <EnvObject t0="-143.189" t1="130.458" t2="67.1555" s0="1" s1="1" s2="1" r0="-0.00279673" r1="0.0290812" r2="0.999573" r3="0" r4="-0.191417" r5="0.981078" r6="-0.0290787" r7="0" r8="-0.981505" r9="-0.191416" r10="0.00282282" r11="0" r12="0" r13="0" r14="0" r15="1" id="153" color_r="1" color_g="1" color_b="1" type_file="Data/Custom/markuss/river_fight/Nature/Grass_Patch_Large.xml">
        <parameters />
    </EnvObject>
    <EnvObject t0="-138.012" t1="130.572" t2="75.8062" s0="1" s1="1" s2="1" r0="0.997853" r1="0.0115272" r2="-0.0644785" r3="0" r4="-0.00728386" r5="0.997815" r6="0.0656622" r7="0" r8="0.0650945" r9="-0.0650516" r10="0.995757" r11="0" r12="0" r13="0" r14="0" r15="1" id="154" color_r="1" color_g="1" color_b="1" type_file="Data/Custom/markuss/river_fight/Nature/Grass_Patch_Large.xml">
        <parameters />
    </EnvObject>
    <EnvObject t0="-137.491" t1="130.778" t2="72.7303" s0="1" s1="1" s2="1" r0="0.997853" r1="0.0115272" r2="-0.0644785" r3="0" r4="-0.00728386" r5="0.997815" r6="0.0656622" r7="0" r8="0.0650945" r9="-0.0650516" r10="0.995757" r11="0" r12="0" r13="0" r14="0" r15="1" id="155" color_r="1" color_g="1" color_b="1" type_file="Data/Custom/markuss/river_fight/Nature/Grass_Patch_Large.xml">
        <parameters />
    </EnvObject>
    <EnvObject t0="-133.867" t1="130.99" t2="70.8195" s0="1" s1="1" s2="1" r0="0.977784" r1="0.0357876" r2="-0.206538" r3="0" r4="-0.0282268" r5="0.998823" r6="0.0394394" r7="0" r8="0.207706" r9="-0.0327333" r10="0.977643" r11="0" r12="0" r13="0" r14="0" r15="1" id="156" color_r="1" color_g="1" color_b="1" type_file="Data/Custom/markuss/river_fight/Nature/Grass_Patch_Large.xml">
        <parameters />
    </EnvObject>
    <EnvObject t0="-134.527" t1="130.847" t2="73.9882" s0="1" s1="1" s2="1" r0="0.562933" r1="0.0484877" r2="-0.825079" r3="0" r4="-0.0282269" r5="0.998823" r6="0.0394396" r7="0" r8="0.82602" r9="0.00108756" r10="0.56364" r11="0" r12="0" r13="0" r14="0" r15="1" id="157" color_r="1" color_g="1" color_b="1" type_file="Data/Custom/markuss/river_fight/Nature/Grass_Patch_Large.xml">
        <parameters />
    </EnvObject>
    <EnvObject t0="-131.392" t1="130.772" t2="73.2684" s0="1" s1="1" s2="1" r0="-0.0388444" r1="0.0739583" r2="-0.996505" r3="0" r4="-0.0232653" r5="0.99692" r6="0.074896" r7="0" r8="0.998975" r9="0.0260932" r10="-0.0370041" r11="0" r12="0" r13="0" r14="0" r15="1" id="158" color_r="1" color_g="1" color_b="1" type_file="Data/Custom/markuss/river_fight/Nature/Grass_Patch_Large.xml">
        <parameters />
    </EnvObject>
    <EnvObject t0="-131.36" t1="131.028" t2="68.3365" s0="1" s1="1" s2="1" r0="-0.591635" r1="-0.0259916" r2="-0.805787" r3="0" r4="0.0159496" r5="0.998907" r6="-0.0439316" r7="0" r8="0.806048" r9="-0.0388434" r10="-0.590574" r11="0" r12="0" r13="0" r14="0" r15="1" id="159" color_r="1" color_g="1" color_b="1" type_file="Data/Custom/markuss/river_fight/Nature/Grass_Patch_Large.xml">
        <parameters />
    </EnvObject>
    <EnvObject t0="-134.106" t1="131.082" t2="68.3341" s0="1" s1="1" s2="1" r0="-0.730963" r1="0.00628776" r2="-0.682388" r3="0" r4="-0.028227" r5="0.998823" r6="0.0394398" r7="0" r8="0.681833" r9="0.0480908" r10="-0.729925" r11="0" r12="0" r13="0" r14="0" r15="1" id="160" color_r="1" color_g="1" color_b="1" type_file="Data/Custom/markuss/river_fight/Nature/Grass_Patch_Large.xml">
        <parameters />
    </EnvObject>
    <EnvObject t0="-136.429" t1="130.98" t2="69.2539" s0="1" s1="1" s2="1" r0="0.0530102" r1="0.0408957" r2="-0.997756" r3="0" r4="-0.0282271" r5="0.998823" r6="0.0394398" r7="0" r8="0.998195" r9="0.0260731" r10="0.0541021" r11="0" r12="0" r13="0" r14="0" r15="1" id="161" color_r="1" color_g="1" color_b="1" type_file="Data/Custom/markuss/river_fight/Nature/Grass_Patch_Large.xml">
        <parameters />
    </EnvObject>
    <EnvObject t0="-138.939" t1="130.867" t2="70.3089" s0="1" s1="1" s2="1" r0="0.995197" r1="0.0243807" r2="0.0948108" r3="0" r4="-0.0282269" r5="0.998823" r6="0.0394397" r7="0" r8="-0.0937376" r9="-0.0419265" r10="0.994714" r11="0" r12="0" r13="0" r14="0" r15="1" id="162" color_r="1" color_g="1" color_b="1" type_file="Data/Custom/markuss/river_fight/Nature/Grass_Patch_Large.xml">
        <parameters />
    </EnvObject>
    <EnvObject t0="-139.399" t1="130.955" t2="67.7579" s0="1" s1="1" s2="1" r0="0.909076" r1="0.0420577" r2="-0.414502" r3="0" r4="-0.0282268" r5="0.998823" r6="0.0394398" r7="0" r8="0.415673" r9="-0.0241537" r10="0.909193" r11="0" r12="0" r13="0" r14="0" r15="1" id="163" color_r="1" color_g="1" color_b="1" type_file="Data/Custom/markuss/river_fight/Nature/Grass_Patch_Large.xml">
        <parameters />
    </EnvObject>
    <EnvObject t0="-137.377" t1="131.091" t2="65.7661" s0="1" s1="1" s2="1" r0="0.85093" r1="0.00330647" r2="0.525269" r3="0" r4="-0.0282268" r5="0.998823" r6="0.0394397" r7="0" r8="-0.52452" r9="-0.0483871" r10="0.850022" r11="0" r12="0" r13="0" r14="0" r15="1" id="164" color_r="1" color_g="1" color_b="1" type_file="Data/Custom/markuss/river_fight/Nature/Grass_Patch_Large.xml">
        <parameters />
    </EnvObject>
    <EnvObject t0="-134.256" t1="130.97" t2="65.1551" s0="1" s1="1" s2="1" r0="0.749461" r1="0.0190189" r2="-0.661776" r3="0" r4="-0.012956" r5="0.999817" r6="0.0140612" r7="0" r8="0.661922" r9="-0.00196433" r10="0.74957" r11="0" r12="0" r13="0" r14="0" r15="1" id="165" color_r="1" color_g="1" color_b="1" type_file="Data/Custom/markuss/river_fight/Nature/Grass_Patch_Large.xml">
        <parameters />
    </EnvObject>
    <EnvObject t0="-131.19" t1="130.985" t2="63.2917" s0="1" s1="1" s2="1" r0="0.516496" r1="-0.0210919" r2="-0.85603" r3="0" r4="0.019274" r5="0.99973" r6="-0.0130034" r7="0" r8="0.856073" r9="-0.0097829" r10="0.516763" r11="0" r12="0" r13="0" r14="0" r15="1" id="166" color_r="1" color_g="1" color_b="1" type_file="Data/Custom/markuss/river_fight/Nature/Grass_Patch_Large.xml">
        <parameters />
    </EnvObject>
    <EnvObject t0="-130.683" t1="130.325" t2="75.4268" s0="0.736916" s1="0.736916" s2="0.736916" r0="0.681535" r1="-1.56876e-007" r2="-0.731786" r3="0" r4="6.17377e-008" r5="1" r6="-1.56876e-007" r7="0" r8="0.731786" r9="6.17377e-008" r10="0.681535" r11="0" r12="0" r13="0" r14="0" r15="1" id="167" color_r="1" color_g="1" color_b="1" type_file="Data/Objects/rocks/RoundStone1.xml">
        <parameters />
    </EnvObject>
    <EnvObject t0="-134.881" t1="129.75" t2="76.8002" s0="0.663833" s1="0.663833" s2="0.663833" r0="-0.0759236" r1="-3.27826e-007" r2="-0.997114" r3="0" r4="-0.263946" r5="0.964328" r6="0.0200974" r7="0" r8="0.961545" r9="0.26471" r10="-0.0732153" r11="0" r12="0" r13="0" r14="0" r15="1" id="168" color_r="1" color_g="1" color_b="1" type_file="Data/Objects/Environment/rocks/BlockyStone1.xml">
        <parameters />
    </EnvObject>
    <EnvObject t0="-140.412" t1="129.085" t2="73.9971" s0="0.545028" s1="0.545028" s2="0.545028" r0="-0.964955" r1="0.169277" r2="-0.20052" r3="0" r4="0.207323" r5="0.960215" r6="-0.187092" r7="0" r8="0.160872" r9="-0.222107" r10="-0.961659" r11="0" r12="0" r13="0" r14="0" r15="1" id="169" color_r="1" color_g="1" color_b="1" type_file="Data/Objects/Environment/rocks/BlockyStone1.xml">
        <parameters />
    </EnvObject>
    <EnvObject t0="-138.514" t1="130.793" t2="76.7395" s0="0.545028" s1="0.545028" s2="0.545028" r0="-0.941613" r1="0.170127" r2="0.290554" r3="0" r4="0.185599" r5="0.982273" r6="0.0263314" r7="0" r8="-0.280924" r9="0.0787205" r10="-0.956496" r11="0" r12="0" r13="0" r14="0" r15="1" id="170" color_r="1" color_g="1" color_b="1" type_file="Data/Objects/Environment/rocks/BlockyStone1.xml">
        <parameters />
    </EnvObject>
    <EnvObject t0="-141.125" t1="130.284" t2="75.5146" s0="0.545028" s1="0.545028" s2="0.545028" r0="-0.35535" r1="-0.160722" r2="0.920812" r3="0" r4="0.574239" r5="0.739758" r6="0.350724" r7="0" r8="-0.737547" r9="0.653396" r10="-0.17058" r11="0" r12="0" r13="0" r14="0" r15="1" id="171" color_r="1" color_g="1" color_b="1" type_file="Data/Objects/Environment/rocks/BlockyStone1.xml">
        <parameters />
    </EnvObject>
    <EnvObject t0="-137.274" t1="130.265" t2="75.101" s0="0.306905" s1="0.306905" s2="0.306905" r0="1" r1="0" r2="0" r3="0" r4="0" r5="1" r6="0" r7="0" r8="0" r9="0" r10="1" r11="0" r12="0" r13="0" r14="0" r15="1" id="172" color_r="1" color_g="1" color_b="1" type_file="Data/Objects/rocks/RoundStone1.xml">
        <parameters />
    </EnvObject>
    <EnvObject t0="-138.634" t1="130.625" t2="74.7502" s0="0.165889" s1="0.165889" s2="0.165889" r0="-0.557172" r1="0" r2="-0.830397" r3="0" r4="0" r5="1" r6="0" r7="0" r8="0.830397" r9="0" r10="-0.557172" r11="0" r12="0" r13="0" r14="0" r15="1" id="173" color_r="1" color_g="1" color_b="1" type_file="Data/Objects/rocks/RoundStone1.xml">
        <parameters />
    </EnvObject>
    <EnvObject t0="-126.334" t1="131.457" t2="75.4135" s0="1" s1="1" s2="1" r0="0.531681" r1="-0.351556" r2="0.770535" r3="0" r4="0.555596" r5="0.831443" r6="-0.00402458" r7="0" r8="-0.639241" r9="0.430246" r10="0.637385" r11="0" r12="0" r13="0" r14="0" r15="1" id="174" color_r="1" color_g="1" color_b="1" type_file="Data/Objects/Environment/rocks/BlockyStone1.xml">
        <parameters />
    </EnvObject>
    <EnvObject t0="-132.032" t1="132.025" t2="78.291" s0="1" s1="1" s2="1" r0="-0.66048" r1="-0.126495" r2="0.740112" r3="0" r4="0.157943" r5="0.940245" r6="0.30165" r7="0" r8="-0.734044" r9="0.31613" r10="-0.601034" r11="0" r12="0" r13="0" r14="0" r15="1" id="175" color_r="1" color_g="1" color_b="1" type_file="Data/Objects/Environment/rocks/BlockyStone1.xml">
        <parameters />
    </EnvObject>
    <EnvObject t0="-136.191" t1="131.598" t2="79.214" s0="1" s1="1" s2="1" r0="0.07207" r1="0.284786" r2="-0.955878" r3="0" r4="0.176911" r5="0.939524" r6="0.293252" r7="0" r8="0.981585" r9="-0.19024" r10="0.0173298" r11="0" r12="0" r13="0" r14="0" r15="1" id="176" color_r="1" color_g="1" color_b="1" type_file="Data/Objects/rocks/RoundStone1.xml">
        <parameters />
    </EnvObject>
    <EnvObject t0="-143.37" t1="129.569" t2="75.5675" s0="0.957894" s1="0.957894" s2="0.957894" r0="0.624025" r1="0.020391" r2="-0.781138" r3="0" r4="0.0973094" r5="0.98985" r6="0.103577" r7="0" r8="0.775321" r9="-0.140646" r10="0.615707" r11="0" r12="0" r13="0" r14="0" r15="1" id="177" color_r="1" color_g="1" color_b="1" type_file="Data/Objects/rocks/RoundStone1.xml">
        <parameters />
    </EnvObject>
    <EnvObject t0="-127.444" t1="135.03" t2="78.5652" s0="1" s1="1" s2="1" r0="1" r1="0" r2="0" r3="0" r4="0" r5="1" r6="0" r7="0" r8="0" r9="0" r10="1" r11="0" r12="0" r13="0" r14="0" r15="1" id="178" color_r="1" color_g="1" color_b="1" type_file="Data/Custom/markuss/river_fight/Nature/Tree_2.xml">
        <parameters />
    </EnvObject>
    <EnvObject t0="-141.347" t1="133.949" t2="78.2682" s0="1" s1="1" s2="1" r0="0.245485" r1="-0.00516095" r2="-0.969387" r3="0" r4="-0.0115203" r5="0.9999" r6="-0.00824076" r7="0" r8="0.969332" r9="0.0131906" r10="0.2454" r11="0" r12="0" r13="0" r14="0" r15="1" id="179" color_r="1" color_g="1" color_b="1" type_file="Data/Custom/markuss/river_fight/Nature/Tree_2.xml">
        <parameters />
    </EnvObject>
    <EnvObject t0="-142.766" t1="133.881" t2="68.9346" s0="1" s1="1" s2="1" r0="-0.725073" r1="-0.0140284" r2="-0.688529" r3="0" r4="-0.0115201" r5="0.9999" r6="-0.00824081" r7="0" r8="0.688575" r9="0.00195675" r10="-0.725162" r11="0" r12="0" r13="0" r14="0" r15="1" id="180" color_r="1" color_g="1" color_b="1" type_file="Data/Custom/markuss/river_fight/Nature/Tree_2.xml">
        <parameters />
    </EnvObject>
    <EnvObject t0="-125.818" t1="131.55" t2="68.2574" s0="1" s1="1" s2="1" r0="0.875262" r1="0.0599886" r2="0.479914" r3="0" r4="0.0550763" r5="0.97346" r6="-0.222129" r7="0" r8="-0.480502" r9="0.220853" r10="0.848729" r11="0" r12="0" r13="0" r14="0" r15="1" id="181" color_r="1" color_g="1" color_b="1" type_file="Data/Objects/Environment/rocks/BlockyStone1.xml">
        <parameters />
    </EnvObject>
    <EnvObject t0="-124.633" t1="131.164" t2="62.9539" s0="0.628642" s1="0.725807" s2="1.30754" r0="-0.962719" r1="0.231412" r2="-0.140078" r3="0" r4="0.211702" r5="0.966908" r6="0.142379" r7="0" r8="0.168391" r9="0.107416" r10="-0.97985" r11="0" r12="0" r13="0" r14="0" r15="1" id="182" color_r="1" color_g="1" color_b="1" type_file="Data/Objects/Environment/rocks/BlockyStone1.xml">
        <parameters />
    </EnvObject>
    <EnvObject t0="-145.864" t1="130.809" t2="70.8045" s0="1.00008" s1="1.00008" s2="1.00008" r0="0.476701" r1="0.0346094" r2="0.878384" r3="0" r4="-0.248277" r5="0.963844" r6="0.0967639" r7="0" r8="-0.843276" r9="-0.26421" r10="0.468058" r11="0" r12="0" r13="0" r14="0" r15="1" id="185" color_r="1" color_g="1" color_b="1" type_file="Data/Objects/Environment/rocks/BlockyStone1.xml">
        <parameters />
    </EnvObject>
    <EnvObject t0="-146.732" t1="130.974" t2="66.9237" s0="1.00008" s1="1.00008" s2="1.00008" r0="0.875262" r1="0.0599886" r2="0.479914" r3="0" r4="0.0550763" r5="0.97346" r6="-0.222129" r7="0" r8="-0.480502" r9="0.220853" r10="0.848729" r11="0" r12="0" r13="0" r14="0" r15="1" id="186" color_r="1" color_g="1" color_b="1" type_file="Data/Objects/Environment/rocks/BlockyStone1.xml">
        <parameters />
    </EnvObject>
    <EnvObject t0="-145.606" t1="130.352" t2="62.6972" s0="0.628693" s1="0.725865" s2="1.30764" r0="-0.962719" r1="0.231412" r2="-0.140078" r3="0" r4="0.211702" r5="0.966908" r6="0.142379" r7="0" r8="0.168391" r9="0.107416" r10="-0.97985" r11="0" r12="0" r13="0" r14="0" r15="1" id="187" color_r="1" color_g="1" color_b="1" type_file="Data/Objects/Environment/rocks/BlockyStone1.xml">
        <parameters />
    </EnvObject>
    <EnvObject t0="-143.917" t1="132.425" t2="73.3309" s0="0.505601" s1="0.505601" s2="0.505601" r0="-0.422791" r1="0.655558" r2="-0.625693" r3="0" r4="0.619875" r5="0.712853" r6="0.328018" r7="0" r8="0.661062" r9="-0.249168" r10="-0.707751" r11="0" r12="0" r13="0" r14="0" r15="1" id="188" color_r="1" color_g="1" color_b="1" type_file="Data/Objects/rocks/RoundStone1.xml">
        <parameters />
    </EnvObject>
    <EnvObject t0="-122.602" t1="136.559" t2="62.2867" s0="0.0872244" s1="1.3525" s2="1.22826" r0="1" r1="0" r2="0" r3="0" r4="0" r5="1" r6="0" r7="0" r8="0" r9="0" r10="1" r11="0" r12="0" r13="0" r14="0" r15="1" id="190" color_r="1" color_g="1" color_b="1" type_file="Data/Objects/Crete/CreteBlockStandard.xml">
        <parameters />
    </EnvObject>
    <EnvObject t0="-122.601" t1="136.559" t2="68.0605" s0="0.0872244" s1="1.3525" s2="1.71986" r0="1" r1="0" r2="0" r3="0" r4="0" r5="1" r6="0" r7="0" r8="0" r9="0" r10="1" r11="0" r12="0" r13="0" r14="0" r15="1" id="191" color_r="1" color_g="1" color_b="1" type_file="Data/Objects/Crete/CreteBlockStandard.xml">
        <parameters />
    </EnvObject>
    <EnvObject t0="-119.227" t1="140.043" t2="64.3818" s0="3.49847" s1="0.38727" s2="1.63905" r0="5.96046e-008" r1="0" r2="1" r3="0" r4="-0" r5="1" r6="0" r7="0" r8="-1" r9="-0" r10="5.96046e-008" r11="0" r12="0" r13="0" r14="0" r15="1" id="194" color_r="1" color_g="1" color_b="1" type_file="Data/Objects/Crete/CreteBlockStandard.xml">
        <parameters />
    </EnvObject>
    <EnvObject t0="-110.543" t1="131.402" t2="63.3146" s0="2.87701" s1="2.61837" s2="1" r0="1" r1="0" r2="-0" r3="0" r4="-0" r5="-1.19209e-007" r6="-1" r7="0" r8="0" r9="1" r10="-1.19209e-007" r11="0" r12="0" r13="0" r14="0" r15="1" id="195" color_r="1" color_g="1" color_b="1" type_file="Data/Objects/Crete/CreteBlockStandard.xml">
        <parameters />
    </EnvObject>
    <EnvObject t0="-112.804" t1="140.043" t2="53.4786" s0="2.05534" s1="0.38727" s2="1.55575" r0="-1.19209e-007" r1="0" r2="1" r3="0" r4="-0" r5="1" r6="0" r7="0" r8="-1" r9="-0" r10="-1.19209e-007" r11="0" r12="0" r13="0" r14="0" r15="1" id="196" color_r="1" color_g="1" color_b="1" type_file="Data/Objects/Crete/CreteBlockStandard.xml">
        <parameters />
    </EnvObject>
    <EnvObject t0="-118.687" t1="139.427" t2="40.2682" s0="5.2413" s1="0.628659" s2="5.0081" r0="-1" r1="0" r2="0" r3="0" r4="0" r5="1" r6="0" r7="0" r8="0" r9="0" r10="-1" r11="0" r12="0" r13="0" r14="0" r15="1" id="197" color_r="1" color_g="1" color_b="1" type_file="Data/Objects/Crete/CreteBlockStandard.xml">
        <parameters />
    </EnvObject>
    <EnvObject t0="-118.003" t1="143.477" t2="64.2231" s0="1" s1="1" s2="1" r0="0.407345" r1="-6.48928e-008" r2="-0.913274" r3="0" r4="-6.48928e-008" r5="1" r6="-9.9999e-008" r7="0" r8="0.913274" r9="9.9999e-008" r10="0.407345" r11="0" r12="0" r13="0" r14="0" r15="1" id="205" color_r="1" color_g="1" color_b="1" type_file="Data/Custom/markuss/river_fight/Nature/Tree_1.xml">
        <parameters />
    </EnvObject>
