<?xml version="2.0" ?>
<Type>saved</Type>
<Name></Name>
<Description></Description>
<Shader>post</Shader>
<Terrain>
    <Heightmap>Data/Textures/Terrain/impressive_mountains/impressive_mountains_hm.png</Heightmap>
    <DetailMap></DetailMap>
    <ColorMap>Data/Textures/Terrain/impressive_mountains/impressive_mountains_c.tga</ColorMap>
    <DetailMaps>
        <DetailMap colorpath="Data/Textures/Terrain/DetailTextures/snow.tga" normalpath="Data/Textures/Terrain/DetailTextures/snow_normal.tga" materialpath="Data/Materials/snow.xml" />
        <DetailMap colorpath="Data/Textures/Terrain/DetailTextures/glacial.tga" normalpath="Data/Textures/Terrain/DetailTextures/glacial_normal.tga" materialpath="Data/Materials/ice.xml" />
        <DetailMap colorpath="Data/Textures/Terrain/DetailTextures/pebbles.tga" normalpath="Data/Textures/Terrain/DetailTextures/pebbles_normal.tga" materialpath="Data/Materials/gravel.xml" />
        <DetailMap colorpath="Data/Textures/Terrain/DetailTextures/dark_round_rocks.tga" normalpath="Data/Textures/Terrain/DetailTextures/dark_round_rocks_normal.tga" materialpath="Data/Materials/rocks.xml" />
    </DetailMaps>
    <DetailObjects />
</Terrain>
<OutOfDate Shadow="true" AO="true" NavMesh="true" />
<SpawnPoints>
    <SpawnPoint t0="0" t1="200" t2="0" s0="1" s1="1" s2="1" r0="1" r1="0" r2="0" r3="0" r4="0" r5="1" r6="0" r7="0" r8="0" r9="0" r10="1" r11="0" r12="0" r13="0" r14="0" r15="1" />
</SpawnPoints>
<AmbientSounds>
    <Ambient path="Data/Sounds/ambient/amb_ice_wind" />
</AmbientSounds>
<Script></Script>
<LevelScriptParameters>
    <parameter name="Achievements" type="string" val="flawless, no_injuries, no_kills" />
    <parameter name="Extra AO" type="string" val="0.1" />
    <parameter name="Level Boundaries" type="string" val="1" />
    <parameter name="Objectives" type="string" val="destroy_all" />
    <parameter name="Sky Rotation" type="string" val="0" />
</LevelScriptParameters>
<Sky>
    <DomeTexture>Data/Textures/skies/blue4.tga</DomeTexture>
    <SunAngularRad>0.111648</SunAngularRad>
    <SunColorAngle>292.729</SunColorAngle>
    <RayToSun r0="-0.433549" r1="0.634246" r2="-0.640131" />
    <ExtraAO>0.1</ExtraAO>
    <SkyRotation>0</SkyRotation>
</Sky>
<ActorObjects>
    <EnvObject t0="-158.916" t1="67.548" t2="-61.7977" s0="1" s1="1" s2="1" r0="0.993579" r1="0.0860404" r2="0.0734719" r3="0" r4="-0.0937656" r5="0.989595" r6="0.109135" r7="0" r8="-0.0633174" r9="-0.115324" r10="0.991308" r11="0" r12="0" r13="0" r14="0" r15="1" id="1" color_r="1" color_g="1" color_b="1" type_file="Data/Objects/Environment/Land/jagged_outcrop.xml">
        <parameters />
    </EnvObject>
    <EnvObject t0="119.48" t1="-6.47666" t2="14.0918" s0="1" s1="1" s2="1" r0="0.0800208" r1="-0.0141321" r2="0.996693" r3="0" r4="0.0210987" r5="0.9997" r6="0.0124808" r7="0" r8="-0.99657" r9="0.0200302" r10="0.0802949" r11="0" r12="0" r13="0" r14="0" r15="1" id="3" color_r="0.788235" color_g="0.788235" color_b="0.788235" type_file="Data/Objects/Buildings/Ruins/mysterious/tall_ruin_pillar.xml">
        <parameters />
    </EnvObject>
    <Decal t0="-133.344" t1="35.6556" t2="36.7471" s0="22.9072" s1="11.2436" s2="17.2032" r0="0.751076" r1="-0.508922" r2="0.420575" r3="0" r4="0.444812" r5="0.860812" r6="0.247276" r7="0" r8="-0.48788" r9="0.00135373" r10="0.87291" r11="0" r12="0" r13="0" r14="0" r15="1" id="5" type_file="Data/Objects/Decals/DarkStonyDirt.xml" i="0" color_r="0.423529" color_g="0.423529" color_b="0.423529">
        <parameters />
    </Decal>
    <AmbientSoundObject t0="82.5629" t1="-21.7187" t2="-48.8347" s0="1" s1="1" s2="1" r0="1" r1="0" r2="0" r3="0" r4="0" r5="1" r6="0" r7="0" r8="0" r9="0" r10="1" r11="0" r12="0" r13="0" r14="0" r15="1" id="6" type_file="Data/Objects/Sounds/icecrack.xml">
        <parameters />
    </AmbientSoundObject>
    <AmbientSoundObject t0="78.8911" t1="-20.9889" t2="-57.7398" s0="1" s1="1" s2="1" r0="1" r1="0" r2="0" r3="0" r4="0" r5="1" r6="0" r7="0" r8="0" r9="0" r10="1" r11="0" r12="0" r13="0" r14="0" r15="1" id="7" type_file="Data/Objects/Sounds/icecrack.xml">
        <parameters />
    </AmbientSoundObject>
    <AmbientSoundObject t0="73.1073" t1="-21.8058" t2="-45.3117" s0="1" s1="1" s2="1" r0="1" r1="0" r2="0" r3="0" r4="0" r5="1" r6="0" r7="0" r8="0" r9="0" r10="1" r11="0" r12="0" r13="0" r14="0" r15="1" id="8" type_file="Data/Objects/Sounds/icecrack.xml">
        <parameters />
    </AmbientSoundObject>
    <AmbientSoundObject t0="78.579" t1="-21.6627" t2="-63.8691" s0="1" s1="1" s2="1" r0="1" r1="0" r2="0" r3="0" r4="0" r5="1" r6="0" r7="0" r8="0" r9="0" r10="1" r11="0" r12="0" r13="0" r14="0" r15="1" id="9" type_file="Data/Objects/Sounds/icecrack.xml">
        <parameters />
    </AmbientSoundObject>
    <AmbientSoundObject t0="82.5964" t1="-21.9401" t2="-63.5106" s0="1" s1="1" s2="1" r0="1" r1="0" r2="0" r3="0" r4="0" r5="1" r6="0" r7="0" r8="0" r9="0" r10="1" r11="0" r12="0" r13="0" r14="0" r15="1" id="10" type_file="Data/Objects/Sounds/icecrack.xml">
        <parameters />
    </AmbientSoundObject>
    <AmbientSoundObject t0="85.5382" t1="-22.2965" t2="-55.979" s0="1" s1="1" s2="1" r0="1" r1="0" r2="0" r3="0" r4="0" r5="1" r6="0" r7="0" r8="0" r9="0" r10="1" r11="0" r12="0" r13="0" r14="0" r15="1" id="11" type_file="Data/Objects/Sounds/icecrack.xml">
        <parameters />
    </AmbientSoundObject>
    <AmbientSoundObject t0="69.8755" t1="-22.5927" t2="-47.3947" s0="1" s1="1" s2="1" r0="1" r1="0" r2="0" r3="0" r4="0" r5="1" r6="0" r7="0" r8="0" r9="0" r10="1" r11="0" r12="0" r13="0" r14="0" r15="1" id="12" type_file="Data/Objects/Sounds/icecrack.xml">
        <parameters />
    </AmbientSoundObject>
    <AmbientSoundObject t0="85.9566" t1="-22.1303" t2="-32.7811" s0="1" s1="1" s2="1" r0="1" r1="0" r2="0" r3="0" r4="0" r5="1" r6="0" r7="0" r8="0" r9="0" r10="1" r11="0" r12="0" r13="0" r14="0" r15="1" id="13" type_file="Data/Objects/Sounds/icecrack.xml">
        <parameters />
    </AmbientSoundObject>
    <AmbientSoundObject t0="74.3419" t1="-22.6674" t2="-26.2545" s0="1" s1="1" s2="1" r0="1" r1="0" r2="0" r3="0" r4="0" r5="1" r6="0" r7="0" r8="0" r9="0" r10="1" r11="0" r12="0" r13="0" r14="0" r15="1" id="14" type_file="Data/Objects/Sounds/icecrack.xml">
        <parameters />
    </AmbientSoundObject>
    <AmbientSoundObject t0="62.2677" t1="-22.5334" t2="-20.9058" s0="1" s1="1" s2="1" r0="1" r1="0" r2="0" r3="0" r4="0" r5="1" r6="0" r7="0" r8="0" r9="0" r10="1" r11="0" r12="0" r13="0" r14="0" r15="1" id="15" type_file="Data/Objects/Sounds/icecrack.xml">
        <parameters />
    </AmbientSoundObject>
    <AmbientSoundObject t0="69.2039" t1="-21.228" t2="-16.872" s0="1" s1="1" s2="1" r0="1" r1="0" r2="0" r3="0" r4="0" r5="1" r6="0" r7="0" r8="0" r9="0" r10="1" r11="0" r12="0" r13="0" r14="0" r15="1" id="16" type_file="Data/Objects/Sounds/icecrack.xml">
        <parameters />
    </AmbientSoundObject>
    <AmbientSoundObject t0="78.4161" t1="-21.0999" t2="-3.1761" s0="1" s1="1" s2="1" r0="1" r1="0" r2="0" r3="0" r4="0" r5="1" r6="0" r7="0" r8="0" r9="0" r10="1" r11="0" r12="0" r13="0" r14="0" r15="1" id="17" type_file="Data/Objects/Sounds/icecrack.xml">
        <parameters />
    </AmbientSoundObject>
    <AmbientSoundObject t0="78.0236" t1="-18.4887" t2="7.53207" s0="1" s1="1" s2="1" r0="1" r1="0" r2="0" r3="0" r4="0" r5="1" r6="0" r7="0" r8="0" r9="0" r10="1" r11="0" r12="0" r13="0" r14="0" r15="1" id="18" type_file="Data/Objects/Sounds/icecrack.xml">
        <parameters />
    </AmbientSoundObject>
    <AmbientSoundObject t0="71.9522" t1="-18.2539" t2="10.1254" s0="1" s1="1" s2="1" r0="1" r1="0" r2="0" r3="0" r4="0" r5="1" r6="0" r7="0" r8="0" r9="0" r10="1" r11="0" r12="0" r13="0" r14="0" r15="1" id="19" type_file="Data/Objects/Sounds/icecrack.xml">
        <parameters />
    </AmbientSoundObject>
    <AmbientSoundObject t0="65.3414" t1="-19.247" t2="-1.8628" s0="1" s1="1" s2="1" r0="1" r1="0" r2="0" r3="0" r4="0" r5="1" r6="0" r7="0" r8="0" r9="0" r10="1" r11="0" r12="0" r13="0" r14="0" r15="1" id="20" type_file="Data/Objects/Sounds/icecrack.xml">
        <parameters />
    </AmbientSoundObject>
    <AmbientSoundObject t0="55.4584" t1="-20.157" t2="2.20531" s0="1" s1="1" s2="1" r0="1" r1="0" r2="0" r3="0" r4="0" r5="1" r6="0" r7="0" r8="0" r9="0" r10="1" r11="0" r12="0" r13="0" r14="0" r15="1" id="21" type_file="Data/Objects/Sounds/icecrack.xml">
        <parameters />
    </AmbientSoundObject>
    <AmbientSoundObject t0="70.514" t1="-20.2359" t2="-7.11731" s0="1" s1="1" s2="1" r0="1" r1="0" r2="0" r3="0" r4="0" r5="1" r6="0" r7="0" r8="0" r9="0" r10="1" r11="0" r12="0" r13="0" r14="0" r15="1" id="22" type_file="Data/Objects/Sounds/icecrack.xml">
        <parameters />
    </AmbientSoundObject>
    <AmbientSoundObject t0="82.4645" t1="-21.6439" t2="-17.5303" s0="1" s1="1" s2="1" r0="1" r1="0" r2="0" r3="0" r4="0" r5="1" r6="0" r7="0" r8="0" r9="0" r10="1" r11="0" r12="0" r13="0" r14="0" r15="1" id="23" type_file="Data/Objects/Sounds/icecrack.xml">
        <parameters />
    </AmbientSoundObject>
    <AmbientSoundObject t0="41.6363" t1="-15.441" t2="12.2895" s0="1" s1="1" s2="1" r0="1" r1="0" r2="0" r3="0" r4="0" r5="1" r6="0" r7="0" r8="0" r9="0" r10="1" r11="0" r12="0" r13="0" r14="0" r15="1" id="24" type_file="Data/Objects/Sounds/icecrack.xml">
        <parameters />
    </AmbientSoundObject>
    <AmbientSoundObject t0="38.4823" t1="-14.3973" t2="16.1234" s0="1" s1="1" s2="1" r0="1" r1="0" r2="0" r3="0" r4="0" r5="1" r6="0" r7="0" r8="0" r9="0" r10="1" r11="0" r12="0" r13="0" r14="0" r15="1" id="25" type_file="Data/Objects/Sounds/icecrack.xml">
        <parameters />
    </AmbientSoundObject>
    <AmbientSoundObject t0="33.1508" t1="-12.8904" t2="21.0073" s0="1" s1="1" s2="1" r0="1" r1="0" r2="0" r3="0" r4="0" r5="1" r6="0" r7="0" r8="0" r9="0" r10="1" r11="0" r12="0" r13="0" r14="0" r15="1" id="26" type_file="Data/Objects/Sounds/icecrack.xml">
        <parameters />
    </AmbientSoundObject>
    <AmbientSoundObject t0="40.4356" t1="-14.0469" t2="32.1976" s0="1" s1="1" s2="1" r0="1" r1="0" r2="0" r3="0" r4="0" r5="1" r6="0" r7="0" r8="0" r9="0" r10="1" r11="0" r12="0" r13="0" r14="0" r15="1" id="27" type_file="Data/Objects/Sounds/icecrack.xml">
        <parameters />
    </AmbientSoundObject>
    <AmbientSoundObject t0="47.5305" t1="-16.7792" t2="22.0356" s0="1" s1="1" s2="1" r0="1" r1="0" r2="0" r3="0" r4="0" r5="1" r6="0" r7="0" r8="0" r9="0" r10="1" r11="0" r12="0" r13="0" r14="0" r15="1" id="28" type_file="Data/Objects/Sounds/icecrack.xml">
        <parameters />
    </AmbientSoundObject>
    <AmbientSoundObject t0="47.3106" t1="-17.4132" t2="5.25072" s0="1" s1="1" s2="1" r0="1" r1="0" r2="0" r3="0" r4="0" r5="1" r6="0" r7="0" r8="0" r9="0" r10="1" r11="0" r12="0" r13="0" r14="0" r15="1" id="29" type_file="Data/Objects/Sounds/icecrack.xml">
        <parameters />
    </AmbientSoundObject>
    <AmbientSoundObject t0="55.8529" t1="-17.9351" t2="12.9945" s0="1" s1="1" s2="1" r0="1" r1="0" r2="0" r3="0" r4="0" r5="1" r6="0" r7="0" r8="0" r9="0" r10="1" r11="0" r12="0" r13="0" r14="0" r15="1" id="30" type_file="Data/Objects/Sounds/icecrack.xml">
        <parameters />
    </AmbientSoundObject>
    <AmbientSoundObject t0="58.0957" t1="-21.5442" t2="-9.50957" s0="1" s1="1" s2="1" r0="1" r1="0" r2="0" r3="0" r4="0" r5="1" r6="0" r7="0" r8="0" r9="0" r10="1" r11="0" r12="0" r13="0" r14="0" r15="1" id="31" type_file="Data/Objects/Sounds/icecrack.xml">
        <parameters />
    </AmbientSoundObject>
    <AmbientSoundObject t0="62.1255" t1="-21.615" t2="-7.44624" s0="1" s1="1" s2="1" r0="1" r1="0" r2="0" r3="0" r4="0" r5="1" r6="0" r7="0" r8="0" r9="0" r10="1" r11="0" r12="0" r13="0" r14="0" r15="1" id="32" type_file="Data/Objects/Sounds/icecrack.xml">
        <parameters />
    </AmbientSoundObject>
    <AmbientSoundObject t0="64.9126" t1="-21.7614" t2="-13.1387" s0="1" s1="1" s2="1" r0="1" r1="0" r2="0" r3="0" r4="0" r5="1" r6="0" r7="0" r8="0" r9="0" r10="1" r11="0" r12="0" r13="0" r14="0" r15="1" id="33" type_file="Data/Objects/Sounds/icecrack.xml">
        <parameters />
    </AmbientSoundObject>
    <AmbientSoundObject t0="62.1289" t1="-22.2574" t2="-14.5102" s0="1" s1="1" s2="1" r0="1" r1="0" r2="0" r3="0" r4="0" r5="1" r6="0" r7="0" r8="0" r9="0" r10="1" r11="0" r12="0" r13="0" r14="0" r15="1" id="34" type_file="Data/Objects/Sounds/icecrack.xml">
        <parameters />
    </AmbientSoundObject>
    <AmbientSoundObject t0="73.7392" t1="-23.7139" t2="-33.8853" s0="1" s1="1" s2="1" r0="1" r1="0" r2="0" r3="0" r4="0" r5="1" r6="0" r7="0" r8="0" r9="0" r10="1" r11="0" r12="0" r13="0" r14="0" r15="1" id="35" type_file="Data/Objects/Sounds/icecrack.xml">
        <parameters />
    </AmbientSoundObject>
    <AmbientSoundObject t0="53.2297" t1="-19.8783" t2="-3.89179" s0="1" s1="1" s2="1" r0="1" r1="0" r2="0" r3="0" r4="0" r5="1" r6="0" r7="0" r8="0" r9="0" r10="1" r11="0" r12="0" r13="0" r14="0" r15="1" id="36" type_file="Data/Objects/Sounds/icecrack.xml">
        <parameters />
    </AmbientSoundObject>
    <AmbientSoundObject t0="81.1163" t1="-22.9036" t2="-38.9504" s0="1" s1="1" s2="1" r0="1" r1="0" r2="0" r3="0" r4="0" r5="1" r6="0" r7="0" r8="0" r9="0" r10="1" r11="0" r12="0" r13="0" r14="0" r15="1" id="37" type_file="Data/Objects/Sounds/icecrack.xml">
        <parameters />
    </AmbientSoundObject>
    <EnvObject t0="119.618" t1="-9.5046" t2="-3.79394" s0="1" s1="1" s2="1" r0="5.96046e-008" r1="0" r2="-1" r3="0" r4="0" r5="1" r6="0" r7="0" r8="1" r9="0" r10="5.96046e-008" r11="0" r12="0" r13="0" r14="0" r15="1" id="38" color_r="0.788235" color_g="0.788235" color_b="0.788235" type_file="Data/Objects/Buildings/Ruins/mysterious/ruin_arch.xml">
        <parameters />
    </EnvObject>
    <EnvObject t0="185.047" t1="58.4055" t2="155.299" s0="4.02678" s1="3.91726" s2="3.82427" r0="-0.802429" r1="0.219448" r2="0.554933" r3="0" r4="0.180491" r5="0.975624" r6="-0.124821" r7="0" r8="-0.568798" r9="6.03497e-007" r10="-0.822477" r11="0" r12="0" r13="0" r14="0" r15="1" id="39" color_r="0.670588" color_g="0.694118" color_b="0.717647" type_file="Data/Objects/Environment/Rocks/coast_rock_large.xml">
        <parameters />
    </EnvObject>
    <EnvObject t0="326.009" t1="43.0703" t2="-51.2483" s0="1.33286" s1="1.33087" s2="1.2849" r0="0.241124" r1="-0.338373" r2="0.909595" r3="0" r4="-0.966347" r5="0.00284345" r6="0.257226" r7="0" r8="-0.0896247" r9="-0.941008" r10="-0.3263" r11="0" r12="0" r13="0" r14="0" r15="1" id="40" color_r="0.670588" color_g="0.694118" color_b="0.717647" type_file="Data/Objects/Environment/Rocks/coast_rock_large.xml">
        <parameters />
    </EnvObject>
    <EnvObject t0="151.601" t1="62.4359" t2="158.423" s0="4.02678" s1="3.91726" s2="3.82427" r0="-0.749909" r1="0.410703" r2="0.518613" r3="0" r4="0.337794" r5="0.911769" r6="-0.233607" r7="0" r8="-0.568798" r9="2.45869e-007" r10="-0.822477" r11="0" r12="0" r13="0" r14="0" r15="1" id="41" color_r="0.670588" color_g="0.694118" color_b="0.717647" type_file="Data/Objects/Environment/Rocks/coast_rock_large.xml">
        <parameters />
    </EnvObject>
    <EnvObject t0="274.471" t1="39.6344" t2="173.155" s0="4.02678" s1="3.91726" s2="3.82427" r0="-0.973332" r1="0.0965907" r2="0.208074" r3="0" r4="0.0842332" r5="0.994159" r6="-0.067474" r7="0" r8="-0.213376" r9="-0.0481479" r10="-0.975783" r11="0" r12="0" r13="0" r14="0" r15="1" id="42" color_r="0.670588" color_g="0.694118" color_b="0.717647" type_file="Data/Objects/Environment/Rocks/coast_rock_large.xml">
        <parameters />
    </EnvObject>
    <EnvObject t0="202.123" t1="17.3081" t2="31.99" s0="4.02678" s1="3.91726" s2="3.82427" r0="0.965532" r1="-0.162781" r2="-0.203102" r3="0" r4="-0.14906" r5="-0.985487" r6="0.0812214" r7="0" r8="-0.213376" r9="-0.0481475" r10="-0.975783" r11="0" r12="0" r13="0" r14="0" r15="1" id="43" color_r="0.670588" color_g="0.694118" color_b="0.717647" type_file="Data/Objects/Environment/Rocks/coast_rock_large.xml">
        <parameters />
    </EnvObject>
    <EnvObject t0="134.632" t1="28.3814" t2="141.996" s0="5.24695" s1="5.10424" s2="4.98307" r0="-0.795219" r1="0.271363" r2="0.542207" r3="0" r4="0.325144" r5="0.945658" r6="0.00358483" r7="0" r8="-0.51177" r9="0.179146" r10="-0.840237" r11="0" r12="0" r13="0" r14="0" r15="1" id="44" color_r="0.670588" color_g="0.694118" color_b="0.717647" type_file="Data/Objects/Environment/Rocks/coast_rock_large.xml">
        <parameters />
    </EnvObject>
    <EnvObject t0="-7.51178" t1="13.2574" t2="-138.518" s0="1" s1="1" s2="1" r0="-0.897451" r1="0.174196" r2="0.405262" r3="0" r4="0.213268" r5="0.975558" r6="0.0529527" r7="0" r8="-0.386132" r9="0.133952" r10="-0.912666" r11="0" r12="0" r13="0" r14="0" r15="1" id="45" color_r="1" color_g="1" color_b="1" type_file="Data/Objects/Environment/Land/jagged_outcrop.xml">
        <parameters />
    </EnvObject>
    <EnvObject t0="56.6187" t1="37.3764" t2="-233.442" s0="4.77476" s1="4.77476" s2="4.77476" r0="-0.141873" r1="-0.989826" r2="-0.0107947" r3="0" r4="-0.981938" r5="0.142104" r6="-0.124918" r7="0" r8="0.125181" r9="-0.00712278" r10="-0.992109" r11="0" r12="0" r13="0" r14="0" r15="1" id="46" color_r="0.239216" color_g="0.239216" color_b="0.239216" type_file="Data/Objects/Crete/CreteBlockStandard.xml">
        <parameters />
    </EnvObject>
    <EnvObject t0="-26.104" t1="19.1007" t2="-44.492" s0="3.00762" s1="2.92581" s2="2.85636" r0="-0.830731" r1="0.414182" r2="-0.37194" r3="0" r4="0.177279" r5="0.830198" r6="0.52853" r7="0" r8="0.527691" r9="0.373129" r10="-0.763097" r11="0" r12="0" r13="0" r14="0" r15="1" id="47" color_r="0.670588" color_g="0.694118" color_b="0.717647" type_file="Data/Objects/Environment/Rocks/coast_rock_large.xml">
        <parameters />
    </EnvObject>
    <EnvObject t0="-14.1957" t1="35.5195" t2="-233.243" s0="4.77567" s1="4.77567" s2="4.77567" r0="-0.141873" r1="-0.989826" r2="-0.0107947" r3="0" r4="-0.981938" r5="0.142104" r6="-0.124918" r7="0" r8="0.125181" r9="-0.00712278" r10="-0.992109" r11="0" r12="0" r13="0" r14="0" r15="1" id="48" color_r="0.239216" color_g="0.239216" color_b="0.239216" type_file="Data/Objects/Crete/CreteBlockStandard.xml">
        <parameters />
    </EnvObject>
    <EnvObject t0="13.9401" t1="31.4474" t2="-229.663" s0="4.77567" s1="4.77567" s2="4.77567" r0="0.141873" r1="0.989826" r2="0.0107946" r3="0" r4="0.981938" r5="-0.142105" r6="0.124918" r7="0" r8="0.125181" r9="-0.00712287" r10="-0.992108" r11="0" r12="0" r13="0" r14="0" r15="1" id="49" color_r="0.239216" color_g="0.239216" color_b="0.239216" type_file="Data/Objects/Crete/CreteBlockStandard.xml">
        <parameters />
    </EnvObject>
    <EnvObject t0="98.3961" t1="14.8961" t2="-234.253" s0="4.77567" s1="4.77567" s2="4.77567" r0="-0.125182" r1="0.00712395" r2="0.992108" r3="0" r4="-0.981938" r5="0.142102" r6="-0.124919" r7="0" r8="-0.141871" r9="-0.989826" r10="-0.0107933" r11="0" r12="0" r13="0" r14="0" r15="1" id="50" color_r="0.239216" color_g="0.239216" color_b="0.239216" type_file="Data/Objects/Crete/CreteBlockStandard.xml">
        <parameters />
    </EnvObject>
    <EnvObject t0="-42.3437" t1="39.5942" t2="-236.836" s0="4.77567" s1="4.77567" s2="4.77567" r0="-0.125181" r1="0.00712019" r2="0.992108" r3="0" r4="0.981938" r5="-0.142103" r6="0.124918" r7="0" r8="0.141871" r9="0.989826" r10="0.010797" r11="0" r12="0" r13="0" r14="0" r15="1" id="51" color_r="0.239216" color_g="0.239216" color_b="0.239216" type_file="Data/Objects/Crete/CreteBlockStandard.xml">
        <parameters />
    </EnvObject>
    <EnvObject t0="-28.4415" t1="14.978" t2="-76.9036" s0="5.0806" s1="4.94241" s2="4.82508" r0="-0.934795" r1="0.300234" r2="0.189782" r3="0" r4="0.32515" r5="0.938392" r6="0.117037" r7="0" r8="-0.142952" r9="0.171113" r10="-0.974826" r11="0" r12="0" r13="0" r14="0" r15="1" id="52" color_r="0.670588" color_g="0.694118" color_b="0.717647" type_file="Data/Objects/Environment/Rocks/coast_rock_large.xml">
        <parameters />
    </EnvObject>
    <EnvObject t0="-65.4597" t1="29.3292" t2="-248.822" s0="4.77567" s1="4.77567" s2="4.77567" r0="-0.125182" r1="0.00712395" r2="0.992108" r3="0" r4="-0.981938" r5="0.142102" r6="-0.124919" r7="0" r8="-0.141871" r9="-0.989826" r10="-0.0107933" r11="0" r12="0" r13="0" r14="0" r15="1" id="53" color_r="0.239216" color_g="0.239216" color_b="0.239216" type_file="Data/Objects/Crete/CreteBlockStandard.xml">
        <parameters />
    </EnvObject>
    <EnvObject t0="286.197" t1="15.8072" t2="-60.4477" s0="3.67298" s1="3.66747" s2="3.5408" r0="0.232045" r1="0.967706" r2="-0.0984903" r3="0" r4="0.949013" r5="-0.247441" r6="-0.195312" r7="0" r8="-0.213375" r9="-0.0481474" r10="-0.975783" r11="0" r12="0" r13="0" r14="0" r15="1" id="54" color_r="0.670588" color_g="0.694118" color_b="0.717647" type_file="Data/Objects/Environment/Rocks/coast_rock_large.xml">
        <parameters />
    </EnvObject>
    <EnvObject t0="68.6847" t1="-11.3222" t2="38.9356" s0="1.49828" s1="1.49828" s2="1.49828" r0="0.601458" r1="0.656761" r2="0.454877" r3="0" r4="0.546125" r5="-0.753566" r6="0.365904" r7="0" r8="0.583091" r9="0.0283437" r10="-0.811912" r11="0" r12="0" r13="0" r14="0" r15="1" id="55" color_r="1" color_g="1" color_b="1" type_file="Data/Objects/Environment/LitterLoads/DogLitter.xml">
        <parameters />
    </EnvObject>
    <EnvObject t0="42.1233" t1="23.0397" t2="-241.412" s0="4.77567" s1="4.77567" s2="4.77567" r0="-0.125182" r1="0.00712395" r2="0.992108" r3="0" r4="-0.981938" r5="0.142102" r6="-0.124919" r7="0" r8="-0.141871" r9="-0.989826" r10="-0.0107933" r11="0" r12="0" r13="0" r14="0" r15="1" id="56" color_r="0.239216" color_g="0.239216" color_b="0.239216" type_file="Data/Objects/Crete/CreteBlockStandard.xml">
        <parameters />
    </EnvObject>
    <EnvObject t0="70.2589" t1="18.9682" t2="-237.833" s0="4.77567" s1="4.77567" s2="4.77567" r0="-0.125182" r1="0.00712395" r2="0.992108" r3="0" r4="-0.981938" r5="0.142102" r6="-0.124919" r7="0" r8="-0.141871" r9="-0.989826" r10="-0.0107933" r11="0" r12="0" r13="0" r14="0" r15="1" id="57" color_r="0.239216" color_g="0.239216" color_b="0.239216" type_file="Data/Objects/Crete/CreteBlockStandard.xml">
        <parameters />
    </EnvObject>
    <EnvObject t0="99.6317" t1="26.9533" t2="-207.018" s0="4.77567" s1="4.77567" s2="4.77567" r0="-0.141873" r1="-0.989826" r2="-0.0107947" r3="0" r4="-0.981938" r5="0.142104" r6="-0.124918" r7="0" r8="0.125181" r9="-0.00712278" r10="-0.992109" r11="0" r12="0" r13="0" r14="0" r15="1" id="58" color_r="0.239216" color_g="0.239216" color_b="0.239216" type_file="Data/Objects/Crete/CreteBlockStandard.xml">
        <parameters />
    </EnvObject>
    <EnvObject t0="68.1855" t1="-11.9819" t2="39.5567" s0="1.49828" s1="1.49828" s2="1.49828" r0="-0.458646" r1="0.098595" r2="0.883132" r3="0" r4="0.227122" r5="-0.947809" r6="0.223769" r7="0" r8="0.859104" r9="0.30321" r10="0.412316" r11="0" r12="0" r13="0" r14="0" r15="1" id="59" color_r="1" color_g="1" color_b="1" type_file="Data/Objects/Environment/LitterLoads/DogLitter.xml">
        <parameters />
    </EnvObject>
    <EnvObject t0="103.357" t1="4.89774" t2="-227.345" s0="4.77567" s1="4.77567" s2="4.77567" r0="-0.125182" r1="0.00712395" r2="0.992108" r3="0" r4="-0.981938" r5="0.142102" r6="-0.124919" r7="0" r8="-0.141871" r9="-0.989826" r10="-0.0107933" r11="0" r12="0" r13="0" r14="0" r15="1" id="60" color_r="0.239216" color_g="0.239216" color_b="0.239216" type_file="Data/Objects/Crete/CreteBlockStandard.xml">
        <parameters />
    </EnvObject>
    <EnvObject t0="343.56" t1="33.3371" t2="-29.5489" s0="1" s1="1" s2="1" r0="0.916144" r1="0" r2="-0.400849" r3="0" r4="0" r5="1" r6="0" r7="0" r8="0.400849" r9="0" r10="0.916144" r11="0" r12="0" r13="0" r14="0" r15="1" id="61" color_r="1" color_g="1" color_b="1" type_file="Data/Objects/Buildings/rabbit_village/rabbit_hut_whole.xml">
        <parameters />
    </EnvObject>
    <EnvObject t0="-9.18803" t1="21.1871" t2="-241.662" s0="4.77567" s1="4.77567" s2="4.77567" r0="-0.125182" r1="0.00712395" r2="0.992108" r3="0" r4="-0.981938" r5="0.142102" r6="-0.124919" r7="0" r8="-0.141871" r9="-0.989826" r10="-0.0107933" r11="0" r12="0" r13="0" r14="0" r15="1" id="62" color_r="0.239216" color_g="0.239216" color_b="0.239216" type_file="Data/Objects/Crete/CreteBlockStandard.xml">
        <parameters />
    </EnvObject>
    <EnvObject t0="18.9488" t1="17.1138" t2="-238.083" s0="4.77567" s1="4.77567" s2="4.77567" r0="-0.125182" r1="0.00712395" r2="0.992108" r3="0" r4="-0.981938" r5="0.142102" r6="-0.124919" r7="0" r8="-0.141871" r9="-0.989826" r10="-0.0107933" r11="0" r12="0" r13="0" r14="0" r15="1" id="63" color_r="0.239216" color_g="0.239216" color_b="0.239216" type_file="Data/Objects/Crete/CreteBlockStandard.xml">
        <parameters />
    </EnvObject>
    <EnvObject t0="168.639" t1="64.0138" t2="180.645" s0="2.35795" s1="2.35795" s2="2.35795" r0="5.96046e-008" r1="0" r2="-1" r3="0" r4="0" r5="1" r6="0" r7="0" r8="1" r9="0" r10="5.96046e-008" r11="0" r12="0" r13="0" r14="0" r15="1" id="64" color_r="0.545098" color_g="0.545098" color_b="0.545098" type_file="Data/Objects/Crete/CreteBlockStandard.xml">
        <parameters />
    </EnvObject>
    <EnvObject t0="-13.7756" t1="33.7905" t2="-248.542" s0="4.77567" s1="4.77567" s2="4.77567" r0="-0.125182" r1="0.00712395" r2="0.992108" r3="0" r4="-0.981938" r5="0.142102" r6="-0.124919" r7="0" r8="-0.141871" r9="-0.989826" r10="-0.0107933" r11="0" r12="0" r13="0" r14="0" r15="1" id="65" color_r="0.239216" color_g="0.239216" color_b="0.239216" type_file="Data/Objects/Crete/CreteBlockStandard.xml">
        <parameters />
    </EnvObject>
    <EnvObject t0="25.7608" t1="19.1318" t2="-217.509" s0="2.41941" s1="2.41941" s2="2.41941" r0="-0.125182" r1="0.00712395" r2="0.992108" r3="0" r4="-0.981938" r5="0.142102" r6="-0.124919" r7="0" r8="-0.141871" r9="-0.989826" r10="-0.0107933" r11="0" r12="0" r13="0" r14="0" r15="1" id="66" color_r="0.239216" color_g="0.239216" color_b="0.239216" type_file="Data/Objects/Crete/CreteBlockStandard.xml">
        <parameters />
    </EnvObject>
    <EnvObject t0="-21.9679" t1="24.1757" t2="-255.855" s0="2.14034" s1="2.14034" s2="2.14034" r0="0.125181" r1="-0.0071204" r2="-0.992108" r3="0" r4="-0.981938" r5="0.142104" r6="-0.124918" r7="0" r8="0.141872" r9="0.989826" r10="0.0107969" r11="0" r12="0" r13="0" r14="0" r15="1" id="68" color_r="0.239216" color_g="0.239216" color_b="0.239216" type_file="Data/Objects/Crete/CreteBlockStandard.xml">
        <parameters />
    </EnvObject>
    <EnvObject t0="344.205" t1="35.3062" t2="-37.5478" s0="1" s1="1" s2="1" r0="0.40165" r1="0" r2="-0.915793" r3="0" r4="0" r5="1" r6="0" r7="0" r8="0.915793" r9="0" r10="0.40165" r11="0" r12="0" r13="0" r14="0" r15="1" id="70" color_r="1" color_g="1" color_b="1" type_file="Data/Objects/Buildings/rabbit_village/rabbit_hut_whole.xml">
        <parameters />
    </EnvObject>
    <EnvObject t0="271.293" t1="39.529" t2="-54.6173" s0="3.67298" s1="3.66747" s2="3.5408" r0="0.863783" r1="0.503141" r2="0.0269923" r3="0" r4="-0.384525" r5="0.692869" r6="-0.609978" r7="0" r8="-0.325607" r9="0.516509" r10="0.791959" r11="0" r12="0" r13="0" r14="0" r15="1" id="71" color_r="0.670588" color_g="0.694118" color_b="0.717647" type_file="Data/Objects/Environment/Rocks/coast_rock_large.xml">
        <parameters />
    </EnvObject>
    <EnvObject t0="343.301" t1="26.9776" t2="-31.22" s0="1.33286" s1="1.33087" s2="1.2849" r0="-0.966326" r1="-0.207161" r2="0.152642" r3="0" r4="-0.181786" r5="0.129746" r6="-0.974741" r7="0" r8="0.182123" r9="-0.969665" r10="-0.163036" r11="0" r12="0" r13="0" r14="0" r15="1" id="77" color_r="0.670588" color_g="0.694118" color_b="0.717647" type_file="Data/Objects/Environment/Rocks/coast_rock_large.xml">
        <parameters />
    </EnvObject>
    <EnvObject t0="-20.7366" t1="30.7848" t2="-241.1" s0="4.77567" s1="4.77567" s2="4.77567" r0="-0.125182" r1="0.00712395" r2="0.992108" r3="0" r4="-0.981938" r5="0.142102" r6="-0.124919" r7="0" r8="-0.141871" r9="-0.989826" r10="-0.0107933" r11="0" r12="0" r13="0" r14="0" r15="1" id="80" color_r="0.239216" color_g="0.239216" color_b="0.239216" type_file="Data/Objects/Crete/CreteBlockStandard.xml">
        <parameters />
    </EnvObject>
    <EnvObject t0="340.657" t1="35.4993" t2="-47.5864" s0="1.33286" s1="1.33087" s2="1.2849" r0="-0.80294" r1="-0.125572" r2="0.582683" r3="0" r4="-0.589283" r5="0.314223" r6="-0.744318" r7="0" r8="-0.089627" r9="-0.941008" r10="-0.326299" r11="0" r12="0" r13="0" r14="0" r15="1" id="81" color_r="0.670588" color_g="0.694118" color_b="0.717647" type_file="Data/Objects/Environment/Rocks/coast_rock_large.xml">
        <parameters />
    </EnvObject>
    <EnvObject t0="362.809" t1="30.1126" t2="-27.9798" s0="1.06418" s1="1.06418" s2="1.06418" r0="0.854872" r1="0" r2="-0.518838" r3="0" r4="0" r5="1" r6="0" r7="0" r8="0.518838" r9="0" r10="0.854872" r11="0" r12="0" r13="0" r14="0" r15="1" id="82" color_r="0.741176" color_g="0.776471" color_b="0.807843" type_file="Data/Objects/Buildings/terraces/cat_stairs.xml">
        <parameters />
    </EnvObject>
    <EnvObject t0="-2.74758" t1="23.2576" t2="-221.136" s0="2.41941" s1="2.41941" s2="2.41941" r0="-0.125182" r1="0.00712395" r2="0.992108" r3="0" r4="-0.981938" r5="0.142102" r6="-0.124919" r7="0" r8="-0.141871" r9="-0.989826" r10="-0.0107933" r11="0" r12="0" r13="0" r14="0" r15="1" id="83" color_r="0.239216" color_g="0.239216" color_b="0.239216" type_file="Data/Objects/Crete/CreteBlockStandard.xml">
        <parameters />
    </EnvObject>
    <EnvObject t0="167.55" t1="56.5798" t2="166.96" s0="2.18032" s1="2.18032" s2="2.18032" r0="-0.606513" r1="0" r2="0.795074" r3="0" r4="0" r5="1" r6="0" r7="0" r8="-0.795074" r9="0" r10="-0.606513" r11="0" r12="0" r13="0" r14="0" r15="1" id="84" color_r="0.647059" color_g="0.666667" color_b="0.698039" type_file="Data/Objects/Environment/Rocks/coast_rock_large.xml">
        <parameters />
    </EnvObject>
    <EnvObject t0="90.5526" t1="-19.6964" t2="-236.282" s0="2.92364" s1="2.92364" s2="2.92364" r0="0.141872" r1="0.989826" r2="0.0107945" r3="0" r4="-0.981938" r5="0.142103" r6="-0.124918" r7="0" r8="-0.125181" r9="0.00712273" r10="0.992108" r11="0" r12="0" r13="0" r14="0" r15="1" id="88" color_r="0.239216" color_g="0.239216" color_b="0.239216" type_file="Data/Objects/Crete/CreteBlockStandard.xml">
        <parameters />
    </EnvObject>
    <EnvObject t0="75.2211" t1="8.96985" t2="-230.925" s0="4.77567" s1="4.77567" s2="4.77567" r0="-0.125182" r1="0.00712395" r2="0.992108" r3="0" r4="-0.981938" r5="0.142102" r6="-0.124919" r7="0" r8="-0.141871" r9="-0.989826" r10="-0.0107933" r11="0" r12="0" r13="0" r14="0" r15="1" id="89" color_r="0.239216" color_g="0.239216" color_b="0.239216" type_file="Data/Objects/Crete/CreteBlockStandard.xml">
        <parameters />
    </EnvObject>
    <EnvObject t0="350.402" t1="35.3975" t2="-39.8465" s0="0.87438" s1="0.87438" s2="0.87438" r0="0.605409" r1="0" r2="-0.795915" r3="0" r4="0" r5="1" r6="0" r7="0" r8="0.795915" r9="0" r10="0.605409" r11="0" r12="0" r13="0" r14="0" r15="1" id="90" color_r="0.741176" color_g="0.776471" color_b="0.807843" type_file="Data/Objects/Buildings/terraces/cat_stairs.xml">
        <parameters />
    </EnvObject>
    <EnvObject t0="74.903" t1="4.555" t2="-242.829" s0="2.92364" s1="2.92364" s2="2.92364" r0="0.141872" r1="0.989826" r2="0.0107945" r3="0" r4="-0.981938" r5="0.142103" r6="-0.124918" r7="0" r8="-0.125181" r9="0.00712273" r10="0.992108" r11="0" r12="0" r13="0" r14="0" r15="1" id="91" color_r="0.239216" color_g="0.239216" color_b="0.239216" type_file="Data/Objects/Crete/CreteBlockStandard.xml">
        <parameters />
    </EnvObject>
    <EnvObject t0="346.067" t1="29.0634" t2="-22.0812" s0="0.87438" s1="0.87438" s2="0.87438" r0="0.984384" r1="0" r2="-0.176034" r3="0" r4="0" r5="1" r6="0" r7="0" r8="0.176034" r9="0" r10="0.984384" r11="0" r12="0" r13="0" r14="0" r15="1" id="92" color_r="0.741176" color_g="0.776471" color_b="0.807843" type_file="Data/Objects/Buildings/terraces/cat_stairs.xml">
        <parameters />
    </EnvObject>
    <EnvObject t0="64.3799" t1="31.7048" t2="-256.139" s0="2.92363" s1="2.92364" s2="2.92364" r0="0.125181" r1="-0.0071204" r2="-0.992108" r3="0" r4="-0.981938" r5="0.142104" r6="-0.124918" r7="0" r8="0.141872" r9="0.989826" r10="0.0107969" r11="0" r12="0" r13="0" r14="0" r15="1" id="93" color_r="0.239216" color_g="0.239216" color_b="0.239216" type_file="Data/Objects/Crete/CreteBlockStandard.xml">
        <parameters />
    </EnvObject>
    <EnvObject t0="353.255" t1="31.4571" t2="-42.0115" s0="0.538655" s1="0.538655" s2="0.538655" r0="1" r1="0" r2="0" r3="0" r4="0" r5="1" r6="0" r7="0" r8="0" r9="0" r10="1" r11="0" r12="0" r13="0" r14="0" r15="1" id="96" color_r="0.8" color_g="0.823529" color_b="0.886275" type_file="Data/Objects/Buildings/terraces/cat_patio_box.xml">
        <parameters />
    </EnvObject>
    <EnvObject t0="80.9537" t1="23.0406" t2="-258.563" s0="2.20882" s1="2.20882" s2="2.20882" r0="-0.141873" r1="-0.989826" r2="-0.0107947" r3="0" r4="-0.981938" r5="0.142104" r6="-0.124918" r7="0" r8="0.125181" r9="-0.00712278" r10="-0.992109" r11="0" r12="0" r13="0" r14="0" r15="1" id="98" color_r="0.239216" color_g="0.239216" color_b="0.239216" type_file="Data/Objects/Crete/CreteBlockStandard.xml">
        <parameters />
    </EnvObject>
    <EnvObject t0="72.9828" t1="24.1943" t2="-259.577" s0="2.92364" s1="2.92363" s2="2.92364" r0="-0.141873" r1="-0.989826" r2="-0.0107947" r3="0" r4="-0.981938" r5="0.142104" r6="-0.124918" r7="0" r8="0.125181" r9="-0.00712278" r10="-0.992109" r11="0" r12="0" r13="0" r14="0" r15="1" id="99" color_r="0.239216" color_g="0.239216" color_b="0.239216" type_file="Data/Objects/Crete/CreteBlockStandard.xml">
        <parameters />
    </EnvObject>
    <EnvObject t0="22.919" t1="31.4397" t2="-265.946" s0="2.92364" s1="2.92363" s2="2.92364" r0="-0.141873" r1="-0.989826" r2="-0.0107947" r3="0" r4="-0.981938" r5="0.142104" r6="-0.124918" r7="0" r8="0.125181" r9="-0.00712278" r10="-0.992109" r11="0" r12="0" r13="0" r14="0" r15="1" id="100" color_r="0.239216" color_g="0.239216" color_b="0.239216" type_file="Data/Objects/Crete/CreteBlockStandard.xml">
        <parameters />
    </EnvObject>
    <EnvObject t0="0.183094" t1="11.0278" t2="-232.178" s0="2.92364" s1="2.92364" s2="2.92364" r0="-0.141875" r1="-0.989826" r2="-0.0108014" r3="0" r4="0.981937" r5="-0.142107" r6="0.124917" r7="0" r8="-0.125181" r9="0.00711631" r10="0.992108" r11="0" r12="0" r13="0" r14="0" r15="1" id="101" color_r="0.239216" color_g="0.239216" color_b="0.239216" type_file="Data/Objects/Crete/CreteBlockStandard.xml">
        <parameters />
    </EnvObject>
    <EnvObject t0="342.991" t1="40.4154" t2="-45.9606" s0="1" s1="1" s2="1" r0="0.678069" r1="0" r2="-0.734998" r3="0" r4="0" r5="1" r6="0" r7="0" r8="0.734998" r9="0" r10="0.678069" r11="0" r12="0" r13="0" r14="0" r15="1" id="102" color_r="1" color_g="1" color_b="1" type_file="Data/Objects/Buildings/rabbit_village/rabbit_hut_whole.xml">
        <parameters />
    </EnvObject>
    <EnvObject t0="114.181" t1="-9.63434" t2="-5.00914" s0="1" s1="1" s2="1" r0="-0.0235175" r1="0" r2="-0.999724" r3="0" r4="0" r5="1" r6="0" r7="0" r8="0.999724" r9="0" r10="-0.0235175" r11="0" r12="0" r13="0" r14="0" r15="1" id="103" color_r="0.788235" color_g="0.788235" color_b="0.788235" type_file="Data/Objects/Buildings/Ruins/mysterious/ruin_arch_half.xml">
        <parameters />
    </EnvObject>
    <EnvObject t0="78.3517" t1="-22.5903" t2="-231.301" s0="2.92364" s1="2.92364" s2="2.92364" r0="0.141872" r1="0.989826" r2="0.0107945" r3="0" r4="-0.981938" r5="0.142103" r6="-0.124918" r7="0" r8="-0.125181" r9="0.00712273" r10="0.992108" r11="0" r12="0" r13="0" r14="0" r15="1" id="105" color_r="0.239216" color_g="0.239216" color_b="0.239216" type_file="Data/Objects/Crete/CreteBlockStandard.xml">
        <parameters />
    </EnvObject>
    <EnvObject t0="155.661" t1="64.0002" t2="184.093" s0="1.44352" s1="1.44352" s2="1.44352" r0="-1" r1="0" r2="0" r3="0" r4="0" r5="1" r6="0" r7="0" r8="0" r9="0" r10="-1" r11="0" r12="0" r13="0" r14="0" r15="1" id="106" color_r="0.545098" color_g="0.545098" color_b="0.545098" type_file="Data/Objects/Crete/CreteBlockStandard.xml">
        <parameters />
    </EnvObject>
    <EnvObject t0="47.0848" t1="13.0417" t2="-234.504" s0="4.77567" s1="4.77567" s2="4.77567" r0="-0.125182" r1="0.00712395" r2="0.992108" r3="0" r4="-0.981938" r5="0.142102" r6="-0.124919" r7="0" r8="-0.141871" r9="-0.989826" r10="-0.0107933" r11="0" r12="0" r13="0" r14="0" r15="1" id="107" color_r="0.239216" color_g="0.239216" color_b="0.239216" type_file="Data/Objects/Crete/CreteBlockStandard.xml">
        <parameters />
    </EnvObject>
    <EnvObject t0="155.661" t1="72.6613" t2="184.093" s0="1.44352" s1="1.44352" s2="1.44352" r0="-1" r1="0" r2="0" r3="0" r4="0" r5="1" r6="0" r7="0" r8="0" r9="0" r10="-1" r11="0" r12="0" r13="0" r14="0" r15="1" id="109" color_r="0.545098" color_g="0.545098" color_b="0.545098" type_file="Data/Objects/Crete/CreteBlockStandard.xml">
        <parameters />
    </EnvObject>
    <EnvObject t0="356.499" t1="35.3062" t2="-45.4805" s0="1" s1="1" s2="1" r0="0.974193" r1="0" r2="-0.225715" r3="0" r4="0" r5="1" r6="0" r7="0" r8="0.225715" r9="0" r10="0.974193" r11="0" r12="0" r13="0" r14="0" r15="1" id="110" color_r="1" color_g="1" color_b="1" type_file="Data/Objects/Buildings/rabbit_village/rabbit_hut_whole.xml">
        <parameters />
    </EnvObject>
    <EnvObject t0="62.9157" t1="31.7875" t2="-244.537" s0="2.92364" s1="2.92364" s2="2.92364" r0="0.141872" r1="0.989826" r2="0.0107945" r3="0" r4="-0.981938" r5="0.142103" r6="-0.124918" r7="0" r8="-0.125181" r9="0.00712273" r10="0.992108" r11="0" r12="0" r13="0" r14="0" r15="1" id="111" color_r="0.239216" color_g="0.239216" color_b="0.239216" type_file="Data/Objects/Crete/CreteBlockStandard.xml">
        <parameters />
    </EnvObject>
    <EnvObject t0="6.34251" t1="43.8739" t2="-253.753" s0="2.92364" s1="2.92364" s2="2.92364" r0="0.141872" r1="0.989826" r2="0.0107945" r3="0" r4="-0.981938" r5="0.142103" r6="-0.124918" r7="0" r8="-0.125181" r9="0.00712273" r10="0.992108" r11="0" r12="0" r13="0" r14="0" r15="1" id="112" color_r="0.239216" color_g="0.239216" color_b="0.239216" type_file="Data/Objects/Crete/CreteBlockStandard.xml">
        <parameters />
    </EnvObject>
    <EnvObject t0="115.02" t1="-13.6468" t2="-1.26674" s0="1" s1="1" s2="1" r0="2.38419e-007" r1="2.38419e-007" r2="-1" r3="0" r4="-1" r5="2.38419e-007" r6="-2.38419e-007" r7="0" r8="2.38419e-007" r9="1" r10="2.38419e-007" r11="0" r12="0" r13="0" r14="0" r15="1" id="114" color_r="0.788235" color_g="0.788235" color_b="0.788235" type_file="Data/Objects/Buildings/Ruins/mysterious/ruin_block.xml">
        <parameters />
    </EnvObject>
    <EnvObject t0="120.195" t1="-9.25609" t2="4.03246" s0="1" s1="1" s2="1" r0="5.96046e-008" r1="0" r2="-1" r3="0" r4="0" r5="1" r6="0" r7="0" r8="1" r9="0" r10="5.96046e-008" r11="0" r12="0" r13="0" r14="0" r15="1" id="115" color_r="0.788235" color_g="0.788235" color_b="0.788235" type_file="Data/Objects/Buildings/Ruins/mysterious/ruin_brick.xml">
        <parameters />
    </EnvObject>
    <EnvObject t0="-5.89416" t1="21.7471" t2="-232.641" s0="2.41941" s1="2.41941" s2="2.41941" r0="-0.125182" r1="0.00712395" r2="0.992108" r3="0" r4="-0.981938" r5="0.142102" r6="-0.124919" r7="0" r8="-0.141871" r9="-0.989826" r10="-0.0107933" r11="0" r12="0" r13="0" r14="0" r15="1" id="116" color_r="0.239216" color_g="0.239216" color_b="0.239216" type_file="Data/Objects/Crete/CreteBlockStandard.xml">
        <parameters />
    </EnvObject>
    <EnvObject t0="-4.07508" t1="18.901" t2="-229.637" s0="2.92364" s1="2.92364" s2="2.92364" r0="0.141872" r1="0.989826" r2="0.0107945" r3="0" r4="-0.981938" r5="0.142103" r6="-0.124918" r7="0" r8="-0.125181" r9="0.00712273" r10="0.992108" r11="0" r12="0" r13="0" r14="0" r15="1" id="117" color_r="0.239216" color_g="0.239216" color_b="0.239216" type_file="Data/Objects/Crete/CreteBlockStandard.xml">
        <parameters />
