<?xml version="2.0" ?>
<Type>saved</Type>
<Name></Name>
<Description></Description>
<Shader>post</Shader>
<Terrain>
    <Heightmap>Data/Custom/timbles/therium-2/Textures/Terrain/deep_river/hm.png</Heightmap>
    <DetailMap></DetailMap>
    <ColorMap>Data/Custom/timbles/therium-2/Textures/Terrain/deep_river/cm.tga</ColorMap>
    <WeightMap>Data/Custom/timbles/therium-2/Textures/Terrain/deep_river/am.tga</WeightMap>
    <ModelOverride>Data/Custom/timbles/therium-2/Models/deepriverwithholes.obj</ModelOverride>
    <DetailMaps>
        <DetailMap colorpath="Data/Textures/Terrain/DetailTextures/grass.tga" normalpath="Data/Textures/Terrain/DetailTextures/grass_normal.png" materialpath="Data/Materials/grass.xml" />
        <DetailMap colorpath="Data/Textures/Terrain/DetailTextures/grass_stones_c.tga" normalpath="Data/Textures/Terrain/DetailTextures/grass_stones_n.tga" materialpath="Data/Materials/gravel.xml" />
        <DetailMap colorpath="Data/Textures/Terrain/DetailTextures/rubble_rocks_c.tga" normalpath="Data/Textures/Terrain/DetailTextures/rubble_rocks_n.tga" materialpath="Data/Materials/rocks.xml" />
        <DetailMap colorpath="Data/Textures/Terrain/DetailTextures/chipped_rock.tga" normalpath="Data/Textures/Terrain/DetailTextures/chipped_rock_normal.tga" materialpath="Data/Materials/rock.xml" />
    </DetailMaps>
    <DetailObjects />
</Terrain>
<OutOfDate Shadow="true" AO="true" NavMesh="true" />
<SpawnPoints>
    <SpawnPoint t0="0" t1="0" t2="0" s0="1" s1="1" s2="1" r0="1" r1="0" r2="0" r3="0" r4="0" r5="1" r6="0" r7="0" r8="0" r9="0" r10="1" r11="0" r12="0" r13="0" r14="0" r15="1" />
</SpawnPoints>
<AmbientSounds>
    <Ambient path="Data/Sounds/ambient/amb_ice_wind" />
</AmbientSounds>
<Script></Script>
<LevelScriptParameters>
    <parameter name="Achievements" type="string" val="flawless, no_injuries, no_kills" />
    <parameter name="Extra AO" type="string" val="0.2" />
    <parameter name="Level Boundaries" type="string" val="1" />
    <parameter name="Objectives" type="string" val="destroy_all" />
    <parameter name="Sky Rotation" type="string" val="-26" />
</LevelScriptParameters>
<Sky>
    <DomeTexture>Data/Textures/skies/blue4.tga</DomeTexture>
    <SunAngularRad>0.1261</SunAngularRad>
    <SunColorAngle>322.925</SunColorAngle>
    <RayToSun r0="-0.135123" r1="0.681827" r2="-0.718925" />
    <ExtraAO>0.2</ExtraAO>
    <SkyRotation>-26</SkyRotation>
</Sky>
<ActorObjects>
    <ActorObject t0="175.4" t1="35.8871" t2="73.6884" s0="1" s1="1" s2="1" r0="0.521943" r1="-1.03991e-007" r2="0.85298" r3="0" r4="1.03991e-007" r5="1" r6="5.82823e-008" r7="0" r8="-0.85298" r9="5.82823e-008" r10="0.521943" r11="0" r12="0" r13="0" r14="0" r15="1" id="1" type_file="Data/Custom/timbles/therium-2/Objects/IGF_Characters/ghost.xml" is_player="1">
        <parameters>
            <parameter name="Aggression" type="float" val="0.5" />
            <parameter name="Attack Damage" type="float" val="1" />
            <parameter name="Attack Knockback" type="float" val="1" />
            <parameter name="Attack Speed" type="float" val="1" />
            <parameter name="Block Follow-up" type="float" val="0.5" />
            <parameter name="Block Skill" type="float" val="0.5" />
            <parameter name="Character Scale" type="float" val="1" />
            <parameter name="Damage Resistance" type="float" val="1" />
            <parameter name="Ear Size" type="float" val="1" />
            <parameter name="Fat" type="float" val="0.5" />
            <parameter name="Ground Aggression" type="float" val="0.5" />
            <parameter name="Left handed" type="int" val="0" />
            <parameter name="Lives" type="int" val="1" />
            <parameter name="Movement Speed" type="float" val="1" />
            <parameter name="Muscle" type="float" val="0.5" />
            <parameter name="Teams" type="string" val="player, Ghost" />
        </parameters>
        <Connections>
            <Connection id="-1" />
        </Connections>
        <ItemConnections />
        <Palette />
    </ActorObject>
    <EnvObject t0="193.733" t1="54.7302" t2="116.84" s0="7.09027" s1="7.09027" s2="7.09027" r0="0.218282" r1="-0.414452" r2="0.883506" r3="0" r4="-0.0551289" r5="0.898655" r6="0.435179" r7="0" r8="-0.974327" r9="-0.143698" r10="0.173312" r11="0" r12="0" r13="0" r14="0" r15="1" id="24" color_r="1" color_g="1" color_b="1" type_file="Data/Objects/Environment/rocks/BlockyStone1.xml">
        <parameters />
    </EnvObject>
    <EnvObject t0="204.785" t1="48.6537" t2="102.936" s0="7.09027" s1="7.09027" s2="7.09027" r0="-0.477762" r1="-0.148127" r2="0.865911" r3="0" r4="-0.0438214" r5="0.988473" r6="0.144914" r7="0" r8="-0.877396" r9="0.0312892" r10="-0.478746" r11="0" r12="0" r13="0" r14="0" r15="1" id="25" color_r="1" color_g="1" color_b="1" type_file="Data/Objects/Environment/rocks/BlockyStone1.xml">
        <parameters />
    </EnvObject>
    <EnvObject t0="241.185" t1="85.2668" t2="46.3247" s0="8.19387" s1="8.19387" s2="8.19387" r0="-0.509857" r1="-0.104307" r2="0.853912" r3="0" r4="0.186848" r5="0.955498" r6="0.22828" r7="0" r8="-0.839722" r9="0.275942" r10="-0.467678" r11="0" r12="0" r13="0" r14="0" r15="1" id="26" color_r="1" color_g="1" color_b="1" type_file="Data/Objects/Environment/rocks/BlockyStone1.xml">
        <parameters />
    </EnvObject>
    <EnvObject t0="229.784" t1="66.2886" t2="28.9193" s0="8.19387" s1="8.19387" s2="8.19387" r0="0.780912" r1="-0.496071" r2="0.379592" r3="0" r4="0.452996" r5="0.868174" r6="0.202655" r7="0" r8="-0.430083" r9="0.0136978" r10="0.902685" r11="0" r12="0" r13="0" r14="0" r15="1" id="27" color_r="1" color_g="1" color_b="1" type_file="Data/Objects/Environment/rocks/BlockyStone1.xml">
        <parameters />
    </EnvObject>
    <EnvObject t0="217.97" t1="52.4507" t2="50.1234" s0="8.19387" s1="8.19387" s2="8.19387" r0="-0.839556" r1="0.54287" r2="0.0209064" r3="0" r4="0.541232" r5="0.832451" r6="0.118714" r7="0" r8="0.0470427" r9="0.110982" r10="-0.992708" r11="0" r12="0" r13="0" r14="0" r15="1" id="28" color_r="1" color_g="1" color_b="1" type_file="Data/Objects/Environment/rocks/BlockyStone1.xml">
        <parameters />
    </EnvObject>
    <EnvObject t0="219.526" t1="80.5458" t2="126.418" s0="8.19387" s1="8.19387" s2="8.19387" r0="-0.726583" r1="0.501665" r2="-0.469478" r3="0" r4="0.498452" r5="0.85515" r6="0.142355" r7="0" r8="0.472889" r9="-0.130579" r10="-0.871393" r11="0" r12="0" r13="0" r14="0" r15="1" id="29" color_r="1" color_g="1" color_b="1" type_file="Data/Objects/Environment/rocks/BlockyStone1.xml">
        <parameters />
    </EnvObject>
    <EnvObject t0="193.852" t1="96.3075" t2="157.966" s0="8.19387" s1="8.19387" s2="8.19387" r0="-0.999901" r1="0.012975" r2="0.00551643" r3="0" r4="0.0130279" r5="0.999869" r6="0.00965081" r7="0" r8="-0.00539049" r9="0.00972172" r10="-0.999938" r11="0" r12="0" r13="0" r14="0" r15="1" id="30" color_r="1" color_g="1" color_b="1" type_file="Data/Objects/Environment/rocks/BlockyStone1.xml">
        <parameters />
    </EnvObject>
    <EnvObject t0="188.235" t1="70.9115" t2="143.951" s0="8.19387" s1="8.19387" s2="8.19387" r0="0.0155632" r1="0.208556" r2="-0.977886" r3="0" r4="0.46328" r5="0.865187" r6="0.191894" r7="0" r8="0.886075" r9="-0.456021" r10="-0.0831549" r11="0" r12="0" r13="0" r14="0" r15="1" id="31" color_r="1" color_g="1" color_b="1" type_file="Data/Objects/Environment/rocks/BlockyStone1.xml">
        <parameters />
    </EnvObject>
    <EnvObject t0="166.541" t1="62.0684" t2="-55.9027" s0="10.2511" s1="10.2511" s2="10.2511" r0="0.67771" r1="-0.365124" r2="0.638274" r3="0" r4="0.463486" r5="0.885982" r6="0.0147023" r7="0" r8="-0.570867" r9="0.285867" r10="0.769669" r11="0" r12="0" r13="0" r14="0" r15="1" id="32" color_r="1" color_g="1" color_b="1" type_file="Data/Objects/Environment/rocks/BlockyStone1.xml">
        <parameters />
    </EnvObject>
    <EnvObject t0="174.456" t1="65.5012" t2="-42.3343" s0="10.2511" s1="10.2511" s2="10.2511" r0="0.921242" r1="-0.160761" r2="-0.354217" r3="0" r4="0.179856" r5="0.98346" r6="0.0214236" r7="0" r8="0.344914" r9="-0.0834443" r10="0.934918" r11="0" r12="0" r13="0" r14="0" r15="1" id="33" color_r="1" color_g="1" color_b="1" type_file="Data/Objects/Environment/rocks/BlockyStone1.xml">
        <parameters />
    </EnvObject>
    <EnvObject t0="176.971" t1="84.7006" t2="-62.3153" s0="10.2511" s1="10.2511" s2="10.2511" r0="-0.551886" r1="0.00926004" r2="0.833868" r3="0" r4="0.237955" r5="0.960114" r6="0.146826" r7="0" r8="-0.799249" r9="0.279454" r10="-0.532077" r11="0" r12="0" r13="0" r14="0" r15="1" id="34" color_r="1" color_g="1" color_b="1" type_file="Data/Objects/Environment/rocks/BlockyStone1.xml">
        <parameters />
    </EnvObject>
    <EnvObject t0="172.762" t1="100.578" t2="-77.656" s0="10.2511" s1="10.2511" s2="10.2511" r0="0.00506615" r1="0.0500657" r2="0.998733" r3="0" r4="0.455729" r5="0.888884" r6="-0.0468707" r7="0" r8="-0.890104" r9="0.455389" r10="-0.0183132" r11="0" r12="0" r13="0" r14="0" r15="1" id="35" color_r="1" color_g="1" color_b="1" type_file="Data/Objects/Environment/rocks/BlockyStone1.xml">
        <parameters />
    </EnvObject>
    <EnvObject t0="211.147" t1="131.156" t2="-59.4288" s0="10.2511" s1="10.2511" s2="10.2511" r0="0.268985" r1="0.144997" r2="0.952167" r3="0" r4="0.264869" r5="0.939349" r6="-0.21787" r7="0" r8="-0.926008" r9="0.310804" r10="0.214266" r11="0" r12="0" r13="0" r14="0" r15="1" id="36" color_r="1" color_g="1" color_b="1" type_file="Data/Objects/Environment/rocks/BlockyStone1.xml">
        <parameters />
    </EnvObject>
    <EnvObject t0="203.135" t1="86.8354" t2="-22.8269" s0="10.2511" s1="10.2511" s2="10.2511" r0="0.872882" r1="-0.336474" r2="-0.353358" r3="0" r4="0.326971" r5="0.940905" r6="-0.0882493" r7="0" r8="0.36217" r9="-0.0385065" r10="0.931316" r11="0" r12="0" r13="0" r14="0" r15="1" id="37" color_r="1" color_g="1" color_b="1" type_file="Data/Objects/Environment/rocks/BlockyStone1.xml">
        <parameters />
    </EnvObject>
    <EnvObject t0="78.2047" t1="48.728" t2="-121.818" s0="10.2511" s1="10.2511" s2="10.2511" r0="0.956186" r1="-0.292194" r2="-0.0181752" r3="0" r4="0.292438" r5="0.950389" r6="0.10602" r7="0" r8="-0.0137049" r9="-0.10669" r10="0.994198" r11="0" r12="0" r13="0" r14="0" r15="1" id="38" color_r="1" color_g="1" color_b="1" type_file="Data/Objects/Environment/rocks/BlockyStone1.xml">
        <parameters />
    </EnvObject>
    <EnvObject t0="81.2394" t1="24.6243" t2="-102.636" s0="10.2511" s1="10.2511" s2="10.2511" r0="0.61993" r1="-0.101429" r2="-0.778074" r3="0" r4="0.298048" r5="0.947728" r6="0.113925" r7="0" r8="0.725847" r9="-0.302529" r10="0.617756" r11="0" r12="0" r13="0" r14="0" r15="1" id="39" color_r="1" color_g="1" color_b="1" type_file="Data/Objects/Environment/rocks/BlockyStone1.xml">
        <parameters />
    </EnvObject>
    <EnvObject t0="137.415" t1="24.2289" t2="-45.9549" s0="7.43218" s1="7.43218" s2="7.43218" r0="0.741929" r1="0.0389523" r2="-0.669346" r3="0" r4="0.119852" r5="0.974527" r6="0.189561" r7="0" r8="0.659679" r9="-0.220863" r10="0.718361" r11="0" r12="0" r13="0" r14="0" r15="1" id="40" color_r="1" color_g="1" color_b="1" type_file="Data/Objects/Environment/rocks/BlockyStone1.xml">
        <parameters />
    </EnvObject>
    <EnvObject t0="-81.9342" t1="56.5665" t2="119.536" s0="1" s1="1" s2="1" r0="0.516603" r1="0.15155" r2="0.842706" r3="0" r4="0.110895" r5="0.964079" r6="-0.241359" r7="0" r8="-0.849013" r9="0.218139" r10="0.48124" r11="0" r12="0" r13="0" r14="0" r15="1" id="41" color_r="1" color_g="1" color_b="1" type_file="Data/Objects/Environment/Land/jagged_outcrop.xml">
        <parameters />
    </EnvObject>
    <EnvObject t0="-295.431" t1="72.129" t2="83.8089" s0="1" s1="1" s2="1" r0="-0.545477" r1="0.19123" r2="-0.816018" r3="0" r4="0.0967901" r5="0.981481" r6="0.165305" r7="0" r8="0.832518" r9="0.0111877" r10="-0.553885" r11="0" r12="0" r13="0" r14="0" r15="1" id="42" color_r="1" color_g="1" color_b="1" type_file="Data/Objects/Environment/Land/jagged_outcrop.xml">
        <parameters />
    </EnvObject>
    <EnvObject t0="-293.887" t1="52.8799" t2="138.737" s0="1" s1="1" s2="1" r0="-0.959913" r1="0.100695" r2="0.261585" r3="0" r4="0.0985421" r5="0.994903" r6="-0.0213698" r7="0" r8="-0.262403" r9="0.00526394" r10="-0.964944" r11="0" r12="0" r13="0" r14="0" r15="1" id="43" color_r="1" color_g="1" color_b="1" type_file="Data/Objects/Environment/Land/jagged_outcrop.xml">
        <parameters />
    </EnvObject>
    <EnvObject t0="-253.458" t1="86.6301" t2="-54.4711" s0="0.724138" s1="0.724138" s2="0.724138" r0="0.183444" r1="-0.100446" r2="-0.977885" r3="0" r4="-0.528311" r5="0.82882" r6="-0.184242" r7="0" r8="0.828997" r9="0.550425" r10="0.0989753" r11="0" r12="0" r13="0" r14="0" r15="1" id="44" color_r="1" color_g="1" color_b="1" type_file="Data/Objects/Environment/Land/jagged_outcrop.xml">
        <parameters />
    </EnvObject>
    <EnvObject t0="-156.855" t1="78.2885" t2="-57.8321" s0="0.724138" s1="0.724138" s2="0.724138" r0="0.500181" r1="-0.189281" r2="-0.84498" r3="0" r4="0.127486" r5="0.98128" r6="-0.144349" r7="0" r8="0.856485" r9="-0.0355223" r10="0.514948" r11="0" r12="0" r13="0" r14="0" r15="1" id="65" color_r="1" color_g="1" color_b="1" type_file="Data/Objects/Environment/Land/jagged_outcrop.xml">
        <parameters />
    </EnvObject>
    <EnvObject t0="-155.021" t1="81.5104" t2="-28.455" s0="0.724138" s1="0.724138" s2="0.724138" r0="0.238007" r1="-0.165062" r2="-0.957135" r3="0" r4="0.379194" r5="0.923039" r6="-0.0648892" r7="0" r8="0.894184" r9="-0.347496" r10="0.28228" r11="0" r12="0" r13="0" r14="0" r15="1" id="72" color_r="1" color_g="1" color_b="1" type_file="Data/Objects/Environment/Land/jagged_outcrop.xml">
        <parameters />
    </EnvObject>
    <EnvObject t0="-120.094" t1="48.3249" t2="-66.8099" s0="9.95527" s1="9.95527" s2="9.95527" r0="0.962236" r1="-0.120934" r2="0.243879" r3="0" r4="0.196655" r5="0.928293" r6="-0.315593" r7="0" r8="-0.188225" r9="0.351635" r10="0.917019" r11="0" r12="0" r13="0" r14="0" r15="1" id="73" color_r="1" color_g="1" color_b="1" type_file="Data/Objects/Environment/rocks/BlockyStone1.xml">
        <parameters />
    </EnvObject>
    <EnvObject t0="-110.547" t1="29.3663" t2="-56.4174" s0="9.95527" s1="9.95527" s2="9.95527" r0="0.895339" r1="-0.125529" r2="-0.42733" r3="0" r4="-0.0424855" r5="0.931014" r6="-0.362502" r7="0" r8="0.443355" r9="0.342718" r10="0.82824" r11="0" r12="0" r13="0" r14="0" r15="1" id="81" color_r="1" color_g="1" color_b="1" type_file="Data/Objects/Environment/rocks/BlockyStone1.xml">
        <parameters />
    </EnvObject>
    <EnvObject t0="-73.3635" t1="66.6715" t2="-77.3631" s0="6.3198" s1="7.49581" s2="7.28217" r0="-0.0631183" r1="-0.93933" r2="-0.337156" r3="0" r4="0.997983" r5="-0.0571084" r6="-0.0277239" r7="0" r8="0.00678743" r9="-0.338226" r10="0.94104" r11="0" r12="0" r13="0" r14="0" r15="1" id="82" color_r="1" color_g="1" color_b="1" type_file="Data/Objects/Environment/rocks/BlockyStone1.xml">
        <parameters />
    </EnvObject>
    <EnvObject t0="-84.1757" t1="92.9936" t2="-74.9059" s0="9.95527" s1="9.95527" s2="9.95527" r0="0.950448" r1="0.0681721" r2="-0.303317" r3="0" r4="-0.0843931" r5="0.995602" r6="-0.04068" r7="0" r8="0.29921" r9="0.064262" r10="0.952021" r11="0" r12="0" r13="0" r14="0" r15="1" id="83" color_r="1" color_g="1" color_b="1" type_file="Data/Objects/Environment/rocks/BlockyStone1.xml">
        <parameters />
    </EnvObject>
    <EnvObject t0="-26.5101" t1="54.0375" t2="-113.007" s0="10.2511" s1="10.2511" s2="10.2511" r0="-0.785345" r1="-0.0972695" r2="-0.611369" r3="0" r4="-0.308344" r5="0.917819" r6="0.250063" r7="0" r8="0.536803" r9="0.384897" r10="-0.750798" r11="0" r12="0" r13="0" r14="0" r15="1" id="84" color_r="1" color_g="1" color_b="1" type_file="Data/Objects/Environment/rocks/BlockyStone1.xml">
        <parameters />
    </EnvObject>
    <EnvObject t0="-39.7158" t1="35.0099" t2="-71.3745" s0="10.2511" s1="10.2511" s2="10.2511" r0="-0.0994266" r1="-0.705795" r2="-0.701405" r3="0" r4="0.0639859" r5="0.698903" r6="-0.712348" r7="0" r8="0.992985" r9="-0.115706" r10="-0.0243287" r11="0" r12="0" r13="0" r14="0" r15="1" id="85" color_r="1" color_g="1" color_b="1" type_file="Data/Objects/Environment/rocks/BlockyStone1.xml">
        <parameters />
    </EnvObject>
    <EnvObject t0="99.1353" t1="10.3477" t2="-74.8265" s0="10.2511" s1="10.2511" s2="10.2511" r0="0.681468" r1="0.111766" r2="0.723263" r3="0" r4="-0.0762766" r5="0.993734" r6="-0.0816932" r7="0" r8="-0.727862" r9="0.000503279" r10="0.685724" r11="0" r12="0" r13="0" r14="0" r15="1" id="86" color_r="1" color_g="1" color_b="1" type_file="Data/Objects/Environment/rocks/BlockyStone1.xml">
        <parameters />
    </EnvObject>
    <EnvObject t0="106.852" t1="74.6705" t2="-91.6396" s0="10.2511" s1="10.2511" s2="10.2511" r0="0.692771" r1="0.141149" r2="0.707209" r3="0" r4="-0.053175" r5="0.987987" r6="-0.145099" r7="0" r8="-0.719194" r9="0.0629146" r10="0.691955" r11="0" r12="0" r13="0" r14="0" r15="1" id="87" color_r="1" color_g="1" color_b="1" type_file="Data/Objects/Environment/rocks/BlockyStone1.xml">
        <parameters />
    </EnvObject>
    <EnvObject t0="176.925" t1="117.037" t2="-88.3237" s0="13.1025" s1="13.1025" s2="13.1025" r0="-0.605765" r1="-0.793079" r2="-0.063832" r3="0" r4="0.787201" r5="-0.585749" r6="-0.192906" r7="0" r8="0.1156" r9="-0.167104" r10="0.979139" r11="0" r12="0" r13="0" r14="0" r15="1" id="88" color_r="1" color_g="1" color_b="1" type_file="Data/Objects/Environment/rocks/BlockyStone1.xml">
        <parameters />
    </EnvObject>
    <EnvObject t0="-143.987" t1="71.3097" t2="101.943" s0="2.69712" s1="2.69711" s2="2.69711" r0="-0.5" r1="-5.16191e-008" r2="-0.866025" r3="0" r4="-5.16191e-008" r5="1" r6="-2.98023e-008" r7="0" r8="0.866025" r9="2.98023e-008" r10="-0.5" r11="0" r12="0" r13="0" r14="0" r15="1" id="89" color_r="0.505882" color_g="0.505882" color_b="0.505882" type_file="Data/Objects/Buildings/arena/arena_vip_gate.xml">
        <parameters />
    </EnvObject>
    <EnvObject t0="-143.805" t1="110.218" t2="102.288" s0="2.95188" s1="2.95188" s2="2.95188" r0="0.83518" r1="-0.264508" r2="-0.482192" r3="0" r4="0.229071" r5="0.964383" r6="-0.132254" r7="0" r8="0.5" r9="-2.16067e-007" r10="0.866025" r11="0" r12="0" r13="0" r14="0" r15="1" id="90" color_r="0.505882" color_g="0.505882" color_b="0.505882" type_file="Data/Objects/Buildings/arena/arena_vip_roof.xml">
        <parameters />
    </EnvObject>
    <EnvObject t0="-161.999" t1="71.0226" t2="71.2091" s0="2.69712" s1="2.69711" s2="2.69711" r0="-0.5" r1="-5.16191e-008" r2="-0.866025" r3="0" r4="-5.16191e-008" r5="1" r6="-2.98023e-008" r7="0" r8="0.866025" r9="2.98023e-008" r10="-0.5" r11="0" r12="0" r13="0" r14="0" r15="1" id="91" color_r="0.505882" color_g="0.505882" color_b="0.505882" type_file="Data/Objects/Buildings/arena/arena_vip_gate.xml">
        <parameters />
    </EnvObject>
    <EnvObject t0="-161.817" t1="110.218" t2="71.5545" s0="2.95188" s1="2.95188" s2="2.95188" r0="0.83518" r1="-0.264508" r2="-0.482192" r3="0" r4="0.229071" r5="0.964383" r6="-0.132254" r7="0" r8="0.5" r9="-1.93715e-007" r10="0.866025" r11="0" r12="0" r13="0" r14="0" r15="1" id="92" color_r="0.505882" color_g="0.505882" color_b="0.505882" type_file="Data/Objects/Buildings/arena/arena_vip_roof.xml">
        <parameters />
    </EnvObject>
    <EnvObject t0="-25.5681" t1="11.0559" t2="97.6842" s0="8.19387" s1="8.19387" s2="8.19387" r0="-0.832251" r1="-0.0416362" r2="-0.552833" r3="0" r4="-0.36801" r5="0.787287" r6="0.494719" r7="0" r8="0.41464" r9="0.615179" r10="-0.670544" r11="0" r12="0" r13="0" r14="0" r15="1" id="93" color_r="1" color_g="1" color_b="1" type_file="Data/Objects/Environment/rocks/BlockyStone1.xml">
        <parameters />
    </EnvObject>
    <EnvObject t0="-32.3919" t1="-2.96113" t2="76.7986" s0="8.19387" s1="8.19387" s2="8.19387" r0="-0.770043" r1="0.244918" r2="0.589109" r3="0" r4="0.476726" r5="0.834537" r6="0.27619" r7="0" r8="-0.423989" r9="0.493522" r10="-0.759388" r11="0" r12="0" r13="0" r14="0" r15="1" id="94" color_r="1" color_g="1" color_b="1" type_file="Data/Objects/Environment/rocks/BlockyStone1.xml">
        <parameters />
    </EnvObject>
    <EnvObject t0="-45.3975" t1="7.35027" t2="87.8926" s0="8.19387" s1="8.19387" s2="8.19387" r0="-0.159111" r1="-0.642804" r2="0.749324" r3="0" r4="0.581846" r5="0.552116" r6="0.597179" r7="0" r8="-0.797583" r9="0.531009" r10="0.286165" r11="0" r12="0" r13="0" r14="0" r15="1" id="95" color_r="1" color_g="1" color_b="1" type_file="Data/Objects/Environment/rocks/BlockyStone1.xml">
        <parameters />
    </EnvObject>
    <EnvObject t0="-30.0922" t1="57.1963" t2="147.562" s0="8.19387" s1="8.19387" s2="8.19387" r0="0.932858" r1="-0.105957" r2="0.344309" r3="0" r4="0.0809445" r5="0.992978" r6="0.0862691" r7="0" r8="-0.351032" r9="-0.0526069" r10="0.934884" r11="0" r12="0" r13="0" r14="0" r15="1" id="96" color_r="1" color_g="1" color_b="1" type_file="Data/Objects/Environment/rocks/BlockyStone1.xml">
        <parameters />
    </EnvObject>
    <EnvObject t0="-23.3202" t1="38.8009" t2="126.621" s0="8.19387" s1="8.19387" s2="8.19387" r0="0.899277" r1="0.199495" r2="-0.389234" r3="0" r4="-0.144428" r5="0.975447" r6="0.166266" r7="0" r8="0.412846" r9="-0.093303" r10="0.906009" r11="0" r12="0" r13="0" r14="0" r15="1" id="97" color_r="1" color_g="1" color_b="1" type_file="Data/Objects/Environment/rocks/BlockyStone1.xml">
        <parameters />
    </EnvObject>
    <EnvObject t0="-16.8471" t1="19.6254" t2="124.003" s0="8.19387" s1="8.19387" s2="8.19387" r0="0.277178" r1="0.0394044" r2="0.96001" r3="0" r4="-0.194186" r5="0.980837" r6="0.015807" r7="0" r8="-0.940991" r9="-0.190802" r10="0.279519" r11="0" r12="0" r13="0" r14="0" r15="1" id="98" color_r="1" color_g="1" color_b="1" type_file="Data/Objects/Environment/rocks/BlockyStone1.xml">
        <parameters />
    </EnvObject>
    <EnvObject t0="-14.0099" t1="32.359" t2="148.321" s0="8.19387" s1="8.19387" s2="8.19387" r0="-0.963436" r1="0.26559" r2="-0.0354114" r3="0" r4="0.258524" r5="0.956152" r6="0.13762" r7="0" r8="0.0704091" r9="0.123433" r10="-0.989852" r11="0" r12="0" r13="0" r14="0" r15="1" id="99" color_r="1" color_g="1" color_b="1" type_file="Data/Objects/Environment/rocks/BlockyStone1.xml">
        <parameters />
    </EnvObject>
    <EnvObject t0="-9.49401" t1="11.2755" t2="161.362" s0="8.19387" s1="8.19387" s2="8.19387" r0="-0.880925" r1="-0.301237" r2="-0.365004" r3="0" r4="-0.262281" r5="0.952739" r6="-0.153286" r7="0" r8="0.393929" r9="-0.0392997" r10="-0.9183" r11="0" r12="0" r13="0" r14="0" r15="1" id="100" color_r="1" color_g="1" color_b="1" type_file="Data/Objects/Environment/rocks/BlockyStone1.xml">
        <parameters />
    </EnvObject>
    <EnvObject t0="-97.9833" t1="4.845" t2="9.58255" s0="8.19387" s1="8.19387" s2="8.19387" r0="0.8092" r1="-0.18528" r2="0.557554" r3="0" r4="0.582713" r5="0.131786" r6="-0.801921" r7="0" r8="0.075102" r9="0.973809" r10="0.214606" r11="0" r12="0" r13="0" r14="0" r15="1" id="101" color_r="1" color_g="1" color_b="1" type_file="Data/Objects/Environment/rocks/BlockyStone1.xml">
        <parameters />
    </EnvObject>
    <EnvObject t0="-61.5325" t1="5.29438" t2="61.4094" s0="3.93809" s1="3.93809" s2="3.93809" r0="-0.196237" r1="0.0112193" r2="0.980492" r3="0" r4="0.957304" r5="0.21866" r6="0.189094" r7="0" r8="-0.212273" r9="0.975737" r10="-0.0536495" r11="0" r12="0" r13="0" r14="0" r15="1" id="102" color_r="1" color_g="1" color_b="1" type_file="Data/Objects/Environment/rocks/BlockyStone1.xml">
        <parameters />
    </EnvObject>
    <EnvObject t0="-159.337" t1="21.2956" t2="93.1262" s0="14.524" s1="14.524" s2="14.524" r0="0.866025" r1="-5.96046e-008" r2="-0.5" r3="0" r4="-0.5" r5="8.9407e-008" r6="-0.866025" r7="0" r8="8.9407e-008" r9="1" r10="4.47035e-008" r11="0" r12="0" r13="0" r14="0" r15="1" id="103" color_r="1" color_g="1" color_b="1" type_file="Data/Objects/Crete/CreteBlockStandard.xml">
        <parameters />
    </EnvObject>
    <Hotspot t0="52.3522" t1="-67.4672" t2="157.287" s0="75.9858" s1="37.0613" s2="132.127" r0="1" r1="0" r2="0" r3="0" r4="0" r5="1" r6="0" r7="0" r8="0" r9="0" r10="1" r11="0" r12="0" r13="0" r14="0" r15="1" id="104" type_file="Data/Custom/steelraven7/water_hotspot/Objects/waterhotspot.xml">
        <parameters>
            <parameter name="Drag" type="float" val="30" />
            <parameter name="Float Force" type="float" val="10000" />
        </parameters>
    </Hotspot>
    <EnvObject t0="140.04" t1="50.5885" t2="148.917" s0="11.8666" s1="11.8666" s2="11.8666" r0="0.899277" r1="0.199495" r2="-0.389234" r3="0" r4="-0.144428" r5="0.975447" r6="0.166266" r7="0" r8="0.412846" r9="-0.0933029" r10="0.906009" r11="0" r12="0" r13="0" r14="0" r15="1" id="105" color_r="1" color_g="1" color_b="1" type_file="Data/Objects/Environment/rocks/BlockyStone1.xml">
        <parameters />
    </EnvObject>
    <EnvObject t0="163.767" t1="38.6333" t2="138.484" s0="11.8666" s1="11.8666" s2="11.8666" r0="-0.235753" r1="-0.0131351" r2="0.971724" r3="0" r4="-0.336482" r5="0.939163" r6="-0.06894" r7="0" r8="-0.911702" r9="-0.343221" r10="-0.22583" r11="0" r12="0" r13="0" r14="0" r15="1" id="106" color_r="1" color_g="1" color_b="1" type_file="Data/Objects/Environment/rocks/BlockyStone1.xml">
        <parameters />
    </EnvObject>
    <EnvObject t0="135.889" t1="-19.2901" t2="133.733" s0="11.8666" s1="11.8666" s2="11.8666" r0="0.63678" r1="-0.130162" r2="-0.75998" r3="0" r4="0.361029" r5="0.921257" r6="0.144718" r7="0" r8="0.6813" r9="-0.366528" r10="0.63363" r11="0" r12="0" r13="0" r14="0" r15="1" id="107" color_r="1" color_g="1" color_b="1" type_file="Data/Objects/Environment/rocks/BlockyStone1.xml">
        <parameters />
    </EnvObject>
    <EnvObject t0="139.494" t1="-45.7555" t2="90.0613" s0="11.8666" s1="11.8666" s2="11.8666" r0="-0.434054" r1="-0.795066" r2="-0.423635" r3="0" r4="0.257269" r5="0.341266" r6="-0.904074" r7="0" r8="0.863371" r9="-0.501405" r10="0.0564175" r11="0" r12="0" r13="0" r14="0" r15="1" id="108" color_r="1" color_g="1" color_b="1" type_file="Data/Objects/Environment/rocks/BlockyStone1.xml">
        <parameters />
    </EnvObject>
    <EnvObject t0="-53.7553" t1="-13.4667" t2="-21.1624" s0="11.8666" s1="11.7421" s2="10.9285" r0="-0.65603" r1="-0.608091" r2="-0.447046" r3="0" r4="-0.752886" r5="0.5687" r6="0.331274" r7="0" r8="0.0527906" r9="0.5539" r10="-0.830907" r11="0" r12="0" r13="0" r14="0" r15="1" id="109" color_r="1" color_g="1" color_b="1" type_file="Data/Objects/Environment/rocks/BlockyStone1.xml">
        <parameters />
    </EnvObject>
    <EnvObject t0="-19.0893" t1="-38.4884" t2="-28.1731" s0="11.8666" s1="11.7421" s2="10.9285" r0="-0.86583" r1="-0.223056" r2="-0.447866" r3="0" r4="-0.282102" r5="0.956915" r6="0.068785" r7="0" r8="0.413227" r9="0.1859" r10="-0.891451" r11="0" r12="0" r13="0" r14="0" r15="1" id="110" color_r="1" color_g="1" color_b="1" type_file="Data/Objects/Environment/rocks/BlockyStone1.xml">
        <parameters />
    </EnvObject>
    <EnvObject t0="-17.9985" t1="28.7954" t2="177.053" s0="8.19387" s1="8.19387" s2="8.19387" r0="-0.235528" r1="0.231656" r2="-0.943855" r3="0" r4="0.317516" r5="0.936225" r6="0.150551" r7="0" r8="0.918537" r9="-0.26423" r10="-0.294061" r11="0" r12="0" r13="0" r14="0" r15="1" id="111" color_r="1" color_g="1" color_b="1" type_file="Data/Objects/Environment/rocks/BlockyStone1.xml">
        <parameters />
    </EnvObject>
    <EnvObject t0="-56.8558" t1="21.843" t2="230.951" s0="8.19387" s1="8.19387" s2="8.19387" r0="-0.859545" r1="-0.267313" r2="-0.435575" r3="0" r4="-0.321863" r5="0.945182" r6="0.0550924" r7="0" r8="0.396971" r9="0.18755" r10="-0.898465" r11="0" r12="0" r13="0" r14="0" r15="1" id="112" color_r="1" color_g="1" color_b="1" type_file="Data/Objects/Environment/rocks/BlockyStone1.xml">
        <parameters />
    </EnvObject>
    <EnvObject t0="-84.006" t1="32.0801" t2="231.775" s0="8.19387" s1="8.19387" s2="8.19387" r0="0.946911" r1="0.177194" r2="0.268257" r3="0" r4="-0.197555" r5="0.978981" r6="0.0506855" r7="0" r8="-0.253637" r9="-0.10099" r10="0.962013" r11="0" r12="0" r13="0" r14="0" r15="1" id="113" color_r="1" color_g="1" color_b="1" type_file="Data/Objects/Environment/rocks/BlockyStone1.xml">
        <parameters />
    </EnvObject>
    <EnvObject t0="-87.0089" t1="1.76894" t2="261.936" s0="8.19387" s1="8.19387" s2="8.19387" r0="-0.26891" r1="-0.689139" r2="-0.672886" r3="0" r4="0.835526" r5="0.180638" r6="-0.518908" r7="0" r8="0.479148" r9="-0.701753" r10="0.527218" r11="0" r12="0" r13="0" r14="0" r15="1" id="114" color_r="1" color_g="1" color_b="1" type_file="Data/Objects/Environment/rocks/BlockyStone1.xml">
        <parameters />
    </EnvObject>
    <EnvObject t0="117.532" t1="34.5289" t2="158.794" s0="12.9278" s1="13.3546" s2="6.90263" r0="0.238536" r1="0.180549" r2="0.954203" r3="0" r4="0.0539311" r5="0.978587" r6="-0.198645" r7="0" r8="-0.969635" r9="0.0988451" r10="0.223691" r11="0" r12="0" r13="0" r14="0" r15="1" id="115" color_r="1" color_g="1" color_b="1" type_file="Data/Objects/Environment/rocks/BlockyStone1.xml">
        <parameters />
    </EnvObject>
    <EnvObject t0="124.909" t1="27.2242" t2="160.378" s0="14.073" s1="12.977" s2="10.5553" r0="0.933304" r1="-0.101175" r2="-0.34454" r3="0" r4="0.0437786" r5="0.984388" r6="-0.170479" r7="0" r8="0.356409" r9="0.144025" r10="0.923163" r11="0" r12="0" r13="0" r14="0" r15="1" id="116" color_r="1" color_g="1" color_b="1" type_file="Data/Objects/Environment/rocks/BlockyStone1.xml">
        <parameters />
    </EnvObject>
    <EnvObject t0="160.985" t1="49.799" t2="-6.01294" s0="1.69377" s1="1.69377" s2="1.69377" r0="1" r1="0" r2="0" r3="0" r4="0" r5="1" r6="0" r7="0" r8="0" r9="0" r10="1" r11="0" r12="0" r13="0" r14="0" r15="1" id="117" color_r="0.529412" color_g="0.529412" color_b="0.529412" type_file="Data/Objects/Buildings/arena/arena_deck_left.xml">
        <parameters />
    </EnvObject>
    <EnvObject t0="142" t1="49.7689" t2="-6.06028" s0="1.68212" s1="1.68212" s2="1.68212" r0="1" r1="0" r2="0" r3="0" r4="0" r5="1" r6="0" r7="0" r8="0" r9="0" r10="1" r11="0" r12="0" r13="0" r14="0" r15="1" id="118" color_r="0.529412" color_g="0.529412" color_b="0.529412" type_file="Data/Objects/Buildings/arena/arena_deck_right.xml">
        <parameters />
    </EnvObject>
    <EnvObject t0="167.288" t1="54.4064" t2="-5.6695" s0="1.57067" s1="1.57067" s2="1.57067" r0="0.866025" r1="0" r2="0.5" r3="0" r4="-0" r5="1" r6="0" r7="0" r8="-0.5" r9="-0" r10="0.866025" r11="0" r12="0" r13="0" r14="0" r15="1" id="119" color_r="0.529412" color_g="0.529412" color_b="0.529412" type_file="Data/Objects/Buildings/arena/arena_staircase.xml">
        <parameters />
    </EnvObject>
    <EnvObject t0="164.853" t1="60.3429" t2="-4.68353" s0="0.999991" s1="1.84544" s2="1.04744" r0="-0.5" r1="5.16191e-008" r2="0.866025" r3="0" r4="5.16191e-008" r5="1" r6="-2.98023e-008" r7="0" r8="-0.866025" r9="2.98023e-008" r10="-0.5" r11="0" r12="0" r13="0" r14="0" r15="1" id="120" color_r="1" color_g="1" color_b="1" type_file="Data/Objects/Buildings/arena/arena_door.xml">
        <parameters />
    </EnvObject>
    <EnvObject t0="148.8" t1="47.153" t2="8.48277" s0="10.4512" s1="10.4512" s2="10.4512" r0="0.995178" r1="0.0918639" r2="-0.0343764" r3="0" r4="-0.0909384" r5="0.995474" r6="0.0275824" r7="0" r8="0.0367547" r9="-0.0243233" r10="0.999028" r11="0" r12="0" r13="0" r14="0" r15="1" id="121" color_r="0.529412" color_g="0.529412" color_b="0.529412" type_file="Data/Objects/Buildings/arena/arena_statue_standing.xml">
        <parameters />
    </EnvObject>
    <EnvObject t0="162.833" t1="48.6997" t2="8.15168" s0="10.4512" s1="10.4512" s2="10.4512" r0="0.991961" r1="0.0802208" r2="0.0978674" r3="0" r4="-0.0602823" r5="0.979557" r6="-0.191924" r7="0" r8="-0.111263" r9="0.184481" r10="0.976518" r11="0" r12="0" r13="0" r14="0" r15="1" id="122" color_r="0.529412" color_g="0.529412" color_b="0.529412" type_file="Data/Objects/Buildings/arena/arena_statue_standing.xml">
        <parameters />
    </EnvObject>
    <EnvObject t0="163.772" t1="41.4646" t2="9.68855" s0="0.656061" s1="0.656061" s2="0.656061" r0="0.924712" r1="0.178874" r2="0.336025" r3="0" r4="-0.167235" r5="0.983869" r6="-0.0635204" r7="0" r8="-0.341966" r9="0.00254299" r10="0.939709" r11="0" r12="0" r13="0" r14="0" r15="1" id="123" color_r="0.529412" color_g="0.529412" color_b="0.529412" type_file="Data/Objects/Crete/hex_crete_rubble.xml">
        <parameters />
    </EnvObject>
    <EnvObject t0="150.106" t1="39.3046" t2="8.9279" s0="0.656061" s1="0.656061" s2="0.656061" r0="-0.235101" r1="-0.155806" r2="-0.959402" r3="0" r4="-0.267952" r5="0.959209" r6="-0.0901131" r7="0" r8="0.934307" r9="0.235888" r10="-0.26726" r11="0" r12="0" r13="0" r14="0" r15="1" id="124" color_r="0.529412" color_g="0.529412" color_b="0.529412" type_file="Data/Objects/Crete/hex_crete_rubble.xml">
        <parameters />
    </EnvObject>
    <EnvObject t0="172.569" t1="32.9887" t2="33.861" s0="4.54655" s1="4.54655" s2="4.54655" r0="0.556226" r1="-0.829913" r2="0.0430916" r3="0" r4="0.821575" r5="0.556957" r6="0.121709" r7="0" r8="-0.125008" r9="-0.0322947" r10="0.99163" r11="0" r12="0" r13="0" r14="0" r15="1" id="125" color_r="1" color_g="1" color_b="1" type_file="Data/Objects/Environment/rocks/BlockyStone1.xml">
        <parameters />
    </EnvObject>
    <EnvObject t0="177.127" t1="29.5475" t2="44.9445" s0="4.54655" s1="4.54655" s2="4.54655" r0="-0.064784" r1="-0.363204" r2="-0.929455" r3="0" r4="0.966945" r5="0.20734" r6="-0.14842" r7="0" r8="0.24662" r9="-0.908346" r10="0.337766" r11="0" r12="0" r13="0" r14="0" r15="1" id="126" color_r="1" color_g="1" color_b="1" type_file="Data/Objects/Environment/rocks/BlockyStone1.xml">
        <parameters />
    </EnvObject>
    <EnvObject t0="146.322" t1="20.6313" t2="46.3371" s0="4.54655" s1="4.54655" s2="4.54655" r0="0.97036" r1="-0.0526686" r2="0.235855" r3="0" r4="0.14005" r5="0.917924" r6="-0.371216" r7="0" r8="-0.196945" r9="0.393245" r10="0.898093" r11="0" r12="0" r13="0" r14="0" r15="1" id="127" color_r="1" color_g="1" color_b="1" type_file="Data/Objects/Environment/rocks/BlockyStone1.xml">
        <parameters />
    </EnvObject>
    <EnvObject t0="134.645" t1="15.0747" t2="19.2796" s0="5.52663" s1="4.63168" s2="4.54655" r0="-0.100849" r1="-0.330322" r2="-0.938465" r3="0" r4="0.316702" r5="0.883548" r6="-0.345025" r7="0" r8="0.943149" r9="-0.332009" r10="0.0155086" r11="0" r12="0" r13="0" r14="0" r15="1" id="128" color_r="1" color_g="1" color_b="1" type_file="Data/Objects/Environment/rocks/BlockyStone1.xml">
        <parameters />
    </EnvObject>
    <EnvObject t0="154.952" t1="18.1777" t2="89.7993" s0="5.52663" s1="4.63168" s2="4.54655" r0="0.92798" r1="-0.0974718" r2="0.359655" r3="0" r4="0.0479937" r5="0.988407" r6="0.14404" r7="0" r8="-0.369526" r9="-0.116405" r10="0.921901" r11="0" r12="0" r13="0" r14="0" r15="1" id="129" color_r="1" color_g="1" color_b="1" type_file="Data/Objects/Environment/rocks/BlockyStone1.xml">
        <parameters />
    </EnvObject>
    <EnvObject t0="134.334" t1="41.0091" t2="63.2312" s0="1.61063" s1="1" s2="1" r0="5.96046e-008" r1="0" r2="-1" r3="0" r4="0" r5="1" r6="0" r7="0" r8="1" r9="0" r10="5.96046e-008" r11="0" r12="0" r13="0" r14="0" r15="1" id="130" color_r="1" color_g="1" color_b="1" type_file="Data/Objects/Buildings/terraces/cat_stairs.xml">
        <parameters />
    </EnvObject>
    <EnvObject t0="143.44" t1="33.1202" t2="75.1491" s0="3.49116" s1="3.49116" s2="3.49116" r0="1" r1="0" r2="0" r3="0" r4="0" r5="1" r6="0" r7="0" r8="0" r9="0" r10="1" r11="0" r12="0" r13="0" r14="0" r15="1" id="131" color_r="1" color_g="1" color_b="1" type_file="Data/Objects/Buildings/blocks/blockinterlockingstone.xml">
        <parameters />
    </EnvObject>
    <EnvObject t0="143.44" t1="33.1201" t2="68.1691" s0="3.49116" s1="3.49116" s2="3.49116" r0="1" r1="0" r2="0" r3="0" r4="0" r5="1" r6="0" r7="0" r8="0" r9="0" r10="1" r11="0" r12="0" r13="0" r14="0" r15="1" id="132" color_r="1" color_g="1" color_b="1" type_file="Data/Objects/Buildings/blocks/blockinterlockingstone.xml">
        <parameters />
    </EnvObject>
    <EnvObject t0="143.44" t1="33.1201" t2="61.2257" s0="3.49116" s1="3.49116" s2="3.49116" r0="1" r1="0" r2="0" r3="0" r4="0" r5="1" r6="0" r7="0" r8="0" r9="0" r10="1" r11="0" r12="0" r13="0" r14="0" r15="1" id="133" color_r="1" color_g="1" color_b="1" type_file="Data/Objects/Buildings/blocks/blockinterlockingstone.xml">
        <parameters />
    </EnvObject>
    <EnvObject t0="134.276" t1="41.0414" t2="73.1984" s0="1.60103" s1="1" s2="1" r0="5.96046e-008" r1="0" r2="-1" r3="0" r4="0" r5="1" r6="0" r7="0" r8="1" r9="0" r10="5.96046e-008" r11="0" r12="0" r13="0" r14="0" r15="1" id="134" color_r="1" color_g="1" color_b="1" type_file="Data/Objects/Buildings/terraces/cat_stairs.xml">
        <parameters />
    </EnvObject>
    <EnvObject t0="139.216" t1="10.8099" t2="68.3629" s0="10.6571" s1="25.3551" s2="10.4765" r0="1" r1="0" r2="0" r3="0" r4="0" r5="1" r6="0" r7="0" r8="0" r9="0" r10="1" r11="0" r12="0" r13="0" r14="0" r15="1" id="135" color_r="1" color_g="1" color_b="1" type_file="Data/Objects/Buildings/blockCatBrickWall.xml">
        <parameters />
    </EnvObject>
    <EnvObject t0="118.158" t1="42.073" t2="67.9234" s0="0.57142" s1="0.57142" s2="0.57142" r0="1" r1="0" r2="0" r3="0" r4="0" r5="1" r6="0" r7="0" r8="0" r9="0" r10="1" r11="0" r12="0" r13="0" r14="0" r15="1" id="136" color_r="1" color_g="1" color_b="1" type_file="Data/Objects/Buildings/terraces/cat_patio_box.xml">
        <parameters />
    </EnvObject>
    <EnvObject t0="105.414" t1="46.5287" t2="68.8845" s0="0.588541" s1="0.588541" s2="0.588541" r0="-0.99507" r1="-2.97656e-008" r2="-0.0991734" r3="0" r4="-2.97656e-008" r5="1" r6="-1.47963e-009" r7="0" r8="0.0991734" r9="1.47963e-009" r10="-0.99507" r11="0" r12="0" r13="0" r14="0" r15="1" id="137" color_r="1" color_g="1" color_b="1" type_file="Data/Objects/Buildings/terraces/cat_patio_ramp.xml">
        <parameters />
    </EnvObject>
    <EnvObject t0="111.419" t1="28.5937" t2="68.3614" s0="2.94759" s1="2.94759" s2="3.30721" r0="1" r1="0" r2="0" r3="0" r4="0" r5="1" r6="0" r7="0" r8="0" r9="0" r10="1" r11="0" r12="0" r13="0" r14="0" r15="1" id="138" color_r="0.247059" color_g="0.247059" color_b="0.247059" type_file="Data/Objects/Buildings/cat_town/medium_block.xml">
        <parameters />
    </EnvObject>
    <EnvObject t0="69.8265" t1="28.5937" t2="68.3614" s0="2.94759" s1="2.94759" s2="3.30721" r0="1" r1="0" r2="0" r3="0" r4="0" r5="1" r6="0" r7="0" r8="0" r9="0" r10="1" r11="0" r12="0" r13="0" r14="0" r15="1" id="139" color_r="0.247059" color_g="0.247059" color_b="0.247059" type_file="Data/Objects/Buildings/cat_town/medium_block.xml">
        <parameters />
    </EnvObject>
    <EnvObject t0="27.9514" t1="28.5937" t2="68.3614" s0="2.94759" s1="2.94759" s2="3.30721" r0="1" r1="0" r2="0" r3="0" r4="0" r5="1" r6="0" r7="0" r8="0" r9="0" r10="1" r11="0" r12="0" r13="0" r14="0" r15="1" id="140" color_r="0.247059" color_g="0.247059" color_b="0.247059" type_file="Data/Objects/Buildings/cat_town/medium_block.xml">
        <parameters />
    </EnvObject>
    <EnvObject t0="-14.9276" t1="28.5937" t2="68.3614" s0="2.94759" s1="2.94759" s2="3.30721" r0="1" r1="0" r2="0" r3="0" r4="0" r5="1" r6="0" r7="0" r8="0" r9="0" r10="1" r11="0" r12="0" r13="0" r14="0" r15="1" id="141" color_r="0.247059" color_g="0.247059" color_b="0.247059" type_file="Data/Objects/Buildings/cat_town/medium_block.xml">
        <parameters />
    </EnvObject>
    <EnvObject t0="96.8289" t1="-21.7119" t2="71.8087" s0="6.61447" s1="6.61447" s2="6.61447" r0="1" r1="0" r2="0" r3="0" r4="0" r5="1" r6="0" r7="0" r8="0" r9="0" r10="1" r11="0" r12="0" r13="0" r14="0" r15="1" id="142" color_r="0.239216" color_g="0.239216" color_b="0.239216" type_file="Data/Objects/Buildings/cat_town/high_tower.xml">
        <parameters />
    </EnvObject>
