<?xml version="2.0" ?>
<Type>saved</Type>
<Name></Name>
<Description></Description>
<Shader>post</Shader>
<Terrain>
    <Heightmap>Data/Textures/Terrain/ProcDesert/ProcDesert_hm.png</Heightmap>
    <DetailMap></DetailMap>
    <ColorMap>Data/Textures/Terrain/ProcDesert/ProcDesert_c.tga</ColorMap>
    <DetailMaps>
        <DetailMap colorpath="Data/Textures/Terrain/DetailTextures/snow.tga" normalpath="Data/Textures/Terrain/DetailTextures/snow_normal.tga" materialpath="Data/Materials/sand.xml" />
        <DetailMap colorpath="Data/Textures/Terrain/DetailTextures/dirt.tga" normalpath="Data/Textures/Terrain/DetailTextures/dirt_normal.png" materialpath="Data/Materials/sand.xml" />
        <DetailMap colorpath="Data/Textures/Terrain/DetailTextures/rubble_rocks_c.tga" normalpath="Data/Textures/Terrain/DetailTextures/rubble_rocks_n.tga" materialpath="Data/Materials/rocks.xml" />
        <DetailMap colorpath="Data/Textures/Terrain/DetailTextures/chipped_rock.tga" normalpath="Data/Textures/Terrain/DetailTextures/chipped_rock_normal.tga" materialpath="Data/Materials/rock.xml" />
    </DetailMaps>
    <DetailObjects>
        <DetailObject obj_path="Data/Objects/Environment/Rocks/lichen_rock_c.xml" weight_path="Data/Textures/Terrain/tree_canyon/tree_canyon_rocks.png" normal_conform="0.9" density="0.5" min_embed="0.4" max_embed="0.8" min_scale="0.2" max_scale="0.8" view_distance="30" jitter_degrees="10" overbright="0.05" collision_type="static" />
    </DetailObjects>
</Terrain>
<OutOfDate Shadow="true" AO="true" NavMesh="true" />
<SpawnPoints>
    <SpawnPoint t0="-31" t1="169" t2="58" s0="1" s1="1" s2="1" r0="1" r1="0" r2="0" r3="0" r4="0" r5="1" r6="0" r7="0" r8="0" r9="0" r10="1" r11="0" r12="0" r13="0" r14="0" r15="1" />
</SpawnPoints>
<AmbientSounds>
    <Ambient path="Data/Sounds/ambient/amb_loop_ice_wind" />
</AmbientSounds>
<Script></Script>
<LevelScriptParameters>
    <parameter name="Achievements" type="string" val="flawless, no_injuries, no_kills" />
    <parameter name="Level Boundaries" type="int" val="1" />
    <parameter name="Objectives" type="string" val="destroy_all" />
</LevelScriptParameters>
<Sky>
    <DomeTexture>Data/Textures/skies/blue3.tga</DomeTexture>
    <SunAngularRad>0.112145</SunAngularRad>
    <SunColorAngle>6.8534</SunColorAngle>
    <RayToSun r0="-0.018092" r1="0.749923" r2="0.661278" />
    <ExtraAO>0</ExtraAO>
    <SkyRotation>0</SkyRotation>
</Sky>
<ActorObjects>
    <EnvObject t0="216.114" t1="98.774" t2="-61.928" s0="1" s1="1" s2="1" r0="-0.940043" r1="-3.80642e-008" r2="0.341055" r3="0" r4="-7.93446e-008" r5="1" r6="-1.07089e-007" r7="0" r8="-0.341055" r9="-1.27729e-007" r10="-0.940043" r11="0" r12="0" r13="0" r14="0" r15="1" id="2" color_r="0.494118" color_g="0.498039" color_b="0.470588" type_file="Data/Objects/Buildings/arena/arena_buttress.xml">
        <parameters />
    </EnvObject>
    <EnvObject t0="269.636" t1="89.9279" t2="-51.9691" s0="1" s1="1" s2="1" r0="-0.674463" r1="-2.66248e-007" r2="-0.738309" r3="0" r4="-1.70059e-007" r5="1" r6="-2.05266e-007" r7="0" r8="0.738309" r9="-1.28879e-008" r10="-0.674463" r11="0" r12="0" r13="0" r14="0" r15="1" id="3" color_r="0.337255" color_g="0.341176" color_b="0.329412" type_file="Data/Objects/Buildings/arena/arena_buttress.xml">
        <parameters />
    </EnvObject>
    <EnvObject t0="227.43" t1="98.774" t2="-65.9105" s0="1" s1="1" s2="1" r0="-0.971196" r1="-1.00465e-007" r2="0.238281" r3="0" r4="-1.3623e-007" r5="1" r6="-1.33629e-007" r7="0" r8="-0.238281" r9="-1.62241e-007" r10="-0.971196" r11="0" r12="0" r13="0" r14="0" r15="1" id="4" color_r="0.494118" color_g="0.498039" color_b="0.470588" type_file="Data/Objects/Buildings/arena/arena_buttress.xml">
        <parameters />
    </EnvObject>
    <EnvObject t0="262.179" t1="89.9279" t2="-60.9269" s0="1" s1="1" s2="1" r0="-0.674463" r1="-2.66248e-007" r2="-0.738309" r3="0" r4="-1.70059e-007" r5="1" r6="-2.05266e-007" r7="0" r8="0.738309" r9="-1.28879e-008" r10="-0.674463" r11="0" r12="0" r13="0" r14="0" r15="1" id="5" color_r="0.337255" color_g="0.341176" color_b="0.329412" type_file="Data/Objects/Buildings/arena/arena_buttress.xml">
        <parameters />
    </EnvObject>
    <EnvObject t0="257.964" t1="89.3848" t2="-49.6828" s0="1" s1="1" s2="1" r0="0.652997" r1="1.33203e-007" r2="0.75736" r3="0" r4="8.35481e-008" r5="-1" r6="1.03843e-007" r7="0" r8="0.75736" r9="-4.53293e-009" r10="-0.652998" r11="0" r12="0" r13="0" r14="0" r15="1" id="6" color_r="0.207843" color_g="0.176471" color_b="0.133333" type_file="Data/Objects/Buildings/arena/arena_gate.xml">
        <parameters />
    </EnvObject>
    <EnvObject t0="257.992" t1="92.4784" t2="-13.6798" s0="0.579298" s1="0.579298" s2="0.579298" r0="-0.416506" r1="6.43893e-008" r2="0.909133" r3="0" r4="-6.43893e-008" r5="1" r6="-1.00324e-007" r7="0" r8="-0.909133" r9="-1.00324e-007" r10="-0.416506" r11="0" r12="0" r13="0" r14="0" r15="1" id="7" color_r="0.623529" color_g="0.623529" color_b="0.6" type_file="Data/Objects/Buildings/arena/arena_support.xml">
        <parameters />
    </EnvObject>
    <EnvObject t0="263.233" t1="92.6672" t2="-29.3009" s0="0.556983" s1="0.556983" s2="0.556983" r0="-0.176004" r1="7.6517e-008" r2="0.98439" r3="0" r4="-7.6517e-008" r5="1" r6="-9.14112e-008" r7="0" r8="-0.98439" r9="-9.14112e-008" r10="-0.176004" r11="0" r12="0" r13="0" r14="0" r15="1" id="8" color_r="0.623529" color_g="0.623529" color_b="0.6" type_file="Data/Objects/Buildings/arena/arena_support.xml">
        <parameters />
    </EnvObject>
    <EnvObject t0="261.013" t1="92.4427" t2="-21.0544" s0="0.579298" s1="0.579298" s2="0.579298" r0="-0.321407" r1="6.94384e-008" r2="0.946941" r3="0" r4="-6.94384e-008" r5="1" r6="-9.68977e-008" r7="0" r8="-0.946941" r9="-9.68977e-008" r10="-0.321407" r11="0" r12="0" r13="0" r14="0" r15="1" id="9" color_r="0.623529" color_g="0.623529" color_b="0.6" type_file="Data/Objects/Buildings/arena/arena_support.xml">
        <parameters />
    </EnvObject>
    <EnvObject t0="259.924" t1="111.528" t2="-43.8903" s0="0.389702" s1="0.389702" s2="0.389702" r0="0.667076" r1="1.57473e-007" r2="0.744989" r3="0" r4="-6.0199e-008" r5="1" r6="-1.57473e-007" r7="0" r8="-0.744989" r9="6.0199e-008" r10="0.667076" r11="0" r12="0" r13="0" r14="0" r15="1" id="10" color_r="0.4" color_g="0.4" color_b="0.380392" type_file="Data/Objects/Buildings/arena/arena_support.xml">
        <parameters />
    </EnvObject>
    <EnvObject t0="252.567" t1="111.499" t2="-52.2681" s0="0.389702" s1="0.389702" s2="0.389702" r0="0.667076" r1="1.57473e-007" r2="0.744989" r3="0" r4="-6.0199e-008" r5="1" r6="-1.57473e-007" r7="0" r8="-0.744989" r9="6.0199e-008" r10="0.667076" r11="0" r12="0" r13="0" r14="0" r15="1" id="11" color_r="0.4" color_g="0.4" color_b="0.380392" type_file="Data/Objects/Buildings/arena/arena_support.xml">
        <parameters />
    </EnvObject>
    <EnvObject t0="184.055" t1="111.593" t2="10.3514" s0="0.389702" s1="0.389702" s2="0.389702" r0="-0.667076" r1="-4.86371e-008" r2="-0.74499" r3="0" r4="4.86371e-008" r5="1" r6="-1.08836e-007" r7="0" r8="0.74499" r9="-1.08836e-007" r10="-0.667076" r11="0" r12="0" r13="0" r14="0" r15="1" id="12" color_r="0.4" color_g="0.4" color_b="0.380392" type_file="Data/Objects/Buildings/arena/arena_support.xml">
        <parameters />
    </EnvObject>
    <EnvObject t0="191.354" t1="111.593" t2="18.7797" s0="0.389702" s1="0.389702" s2="0.389702" r0="-0.667076" r1="-4.86371e-008" r2="-0.74499" r3="0" r4="4.86371e-008" r5="1" r6="-1.08836e-007" r7="0" r8="0.74499" r9="-1.08836e-007" r10="-0.667076" r11="0" r12="0" r13="0" r14="0" r15="1" id="13" color_r="0.4" color_g="0.4" color_b="0.380392" type_file="Data/Objects/Buildings/arena/arena_support.xml">
        <parameters />
    </EnvObject>
    <EnvObject t0="229.072" t1="101.002" t2="14.6818" s0="0.453556" s1="0.453556" s2="0.453556" r0="0.506865" r1="1.03474e-007" r2="0.862025" r3="0" r4="-1.03474e-007" r5="1" r6="-5.9194e-008" r7="0" r8="-0.862025" r9="-5.9194e-008" r10="0.506865" r11="0" r12="0" r13="0" r14="0" r15="1" id="14" color_r="0.494118" color_g="0.498039" color_b="0.466667" type_file="Data/Objects/Buildings/arena/arena_small_support.xml">
        <parameters />
    </EnvObject>
    <EnvObject t0="228.359" t1="101.003" t2="15.1008" s0="0.453556" s1="0.453556" s2="0.453556" r0="-0.506866" r1="-5.9194e-008" r2="-0.862025" r3="0" r4="5.9194e-008" r5="1" r6="-1.03474e-007" r7="0" r8="0.862025" r9="-1.03474e-007" r10="-0.506866" r11="0" r12="0" r13="0" r14="0" r15="1" id="15" color_r="0.494118" color_g="0.498039" color_b="0.466667" type_file="Data/Objects/Buildings/arena/arena_small_support.xml">
        <parameters />
    </EnvObject>
    <EnvObject t0="226.766" t1="102.002" t2="14.9652" s0="0.453556" s1="0.453556" s2="0.453556" r0="-0.847739" r1="3.2892e-008" r2="0.530415" r3="0" r4="-3.2892e-008" r5="1" r6="-1.14582e-007" r7="0" r8="-0.530415" r9="-1.14582e-007" r10="-0.847739" r11="0" r12="0" r13="0" r14="0" r15="1" id="16" color_r="0.976471" color_g="0.980392" color_b="0.945098" type_file="Data/Objects/Buildings/arena/arena_small_support.xml">
        <parameters />
    </EnvObject>
    <EnvObject t0="185.959" t1="88.9201" t2="16.0513" s0="1" s1="1" s2="1" r0="0.652997" r1="1.33203e-007" r2="0.75736" r3="0" r4="8.35481e-008" r5="-1" r6="1.03843e-007" r7="0" r8="0.75736" r9="-4.53293e-009" r10="-0.652998" r11="0" r12="0" r13="0" r14="0" r15="1" id="17" color_r="0.207843" color_g="0.176471" color_b="0.133333" type_file="Data/Objects/Buildings/arena/arena_gate.xml">
        <parameters />
    </EnvObject>
    <EnvObject t0="237.499" t1="98.5922" t2="-67.8276" s0="1" s1="1" s2="1" r0="-0.99382" r1="-5.45427e-008" r2="0.111" r3="0" r4="-6.44822e-008" r5="1" r6="-8.59556e-008" r7="0" r8="-0.111" r9="-9.25819e-008" r10="-0.99382" r11="0" r12="0" r13="0" r14="0" r15="1" id="18" color_r="0.494118" color_g="0.498039" color_b="0.470588" type_file="Data/Objects/Buildings/arena/arena_buttress.xml">
        <parameters />
    </EnvObject>
    <EnvObject t0="246.111" t1="101.6" t2="-66.4037" s0="0.94169" s1="0.860173" s2="0.949007" r0="0.99891" r1="-2.7825e-009" r2="-0.0466699" r3="0" r4="-2.7825e-009" r5="1" r6="-1.19177e-007" r7="0" r8="0.0466699" r9="1.19177e-007" r10="0.99891" r11="0" r12="0" r13="0" r14="0" r15="1" id="19" color_r="0.521569" color_g="0.52549" color_b="0.501961" type_file="Data/Objects/Buildings/arena/arena_pillar.xml">
        <parameters />
    </EnvObject>
    <EnvObject t0="237.62" t1="88.5573" t2="-66.0275" s0="1" s1="1" s2="1" r0="0.995345" r1="-5.75104e-009" r2="-0.0963742" r3="0" r4="-5.75104e-009" r5="1" r6="-1.1907e-007" r7="0" r8="0.0963742" r9="1.1907e-007" r10="0.995345" r11="0" r12="0" r13="0" r14="0" r15="1" id="20" color_r="0.384314" color_g="0.384314" color_b="0.372549" type_file="Data/Objects/Buildings/arena/arena_pillar.xml">
        <parameters />
    </EnvObject>
    <EnvObject t0="173.752" t1="98.1324" t2="-4.18879" s0="1" s1="1" s2="1" r0="-0.967346" r1="-1.52324e-008" r2="-0.253463" r3="0" r4="1.52324e-008" r5="1" r6="-1.18232e-007" r7="0" r8="0.253463" r9="-1.18232e-007" r10="-0.967346" r11="0" r12="0" r13="0" r14="0" r15="1" id="21" color_r="0.415686" color_g="0.419608" color_b="0.4" type_file="Data/Objects/Buildings/arena/arena_pillar.xml">
        <parameters />
    </EnvObject>
    <EnvObject t0="180.451" t1="98.1324" t2="-24.5157" s0="1" s1="1" s2="1" r0="-0.896719" r1="-1.29635e-007" r2="-0.442601" r3="0" r4="-1.02546e-007" r5="1" r6="-8.51351e-008" r7="0" r8="0.442601" r9="-3.09554e-008" r10="-0.896719" r11="0" r12="0" r13="0" r14="0" r15="1" id="22" color_r="0.415686" color_g="0.419608" color_b="0.4" type_file="Data/Objects/Buildings/arena/arena_pillar.xml">
        <parameters />
    </EnvObject>
    <EnvObject t0="176.498" t1="98.1318" t2="-14.7558" s0="1" s1="1" s2="1" r0="-0.940867" r1="0.00103369" r2="-0.338775" r3="0" r4="6.76016e-005" r5="0.999996" r6="0.0028635" r7="0" r8="0.338777" r9="0.00267127" r10="-0.940863" r11="0" r12="0" r13="0" r14="0" r15="1" id="23" color_r="0.415686" color_g="0.419608" color_b="0.4" type_file="Data/Objects/Buildings/arena/arena_pillar.xml">
        <parameters />
    </EnvObject>
    <EnvObject t0="172.14" t1="90.5193" t2="-4.90716" s0="1.00265" s1="1.0314" s2="0.999999" r0="-0.967346" r1="-1.52324e-008" r2="-0.253463" r3="0" r4="1.52324e-008" r5="1" r6="-1.18232e-007" r7="0" r8="0.253463" r9="-1.18232e-007" r10="-0.967346" r11="0" r12="0" r13="0" r14="0" r15="1" id="24" color_r="0.415686" color_g="0.419608" color_b="0.4" type_file="Data/Objects/Buildings/arena/arena_pillar.xml">
        <parameters />
    </EnvObject>
    <EnvObject t0="178.839" t1="90.5205" t2="-25.2335" s0="1.00265" s1="1.0314" s2="0.999999" r0="-0.896719" r1="-1.29635e-007" r2="-0.442601" r3="0" r4="-1.02546e-007" r5="1" r6="-8.51351e-008" r7="0" r8="0.442601" r9="-3.09554e-008" r10="-0.896719" r11="0" r12="0" r13="0" r14="0" r15="1" id="25" color_r="0.415686" color_g="0.419608" color_b="0.4" type_file="Data/Objects/Buildings/arena/arena_pillar.xml">
        <parameters />
    </EnvObject>
    <EnvObject t0="174.886" t1="90.5187" t2="-15.4742" s0="1.00265" s1="1.0314" s2="0.999999" r0="-0.940919" r1="-1.37924e-007" r2="-0.338631" r3="0" r4="-9.69465e-008" r5="1" r6="-1.37924e-007" r7="0" r8="0.338631" r9="-9.69465e-008" r10="-0.940919" r11="0" r12="0" r13="0" r14="0" r15="1" id="26" color_r="0.415686" color_g="0.419608" color_b="0.4" type_file="Data/Objects/Buildings/arena/arena_pillar.xml">
        <parameters />
    </EnvObject>
    <EnvObject t0="184.436" t1="90.1998" t2="-40.5764" s0="1" s1="1" s2="1" r0="-0.695697" r1="4.64995e-008" r2="0.718335" r3="0" r4="-4.64995e-008" r5="1" r6="-1.09766e-007" r7="0" r8="-0.718335" r9="-1.09766e-007" r10="-0.695697" r11="0" r12="0" r13="0" r14="0" r15="1" id="27" color_r="0.521569" color_g="0.52549" color_b="0.501961" type_file="Data/Objects/Buildings/arena/arena_buttress.xml">
        <parameters />
    </EnvObject>
    <EnvObject t0="201.179" t1="90.1998" t2="-55.3603" s0="1" s1="1" s2="1" r0="-0.844805" r1="3.32074e-008" r2="0.535075" r3="0" r4="-3.32074e-008" r5="1" r6="-1.14491e-007" r7="0" r8="-0.535075" r9="-1.14491e-007" r10="-0.844805" r11="0" r12="0" r13="0" r14="0" r15="1" id="28" color_r="0.521569" color_g="0.52549" color_b="0.501961" type_file="Data/Objects/Buildings/arena/arena_buttress.xml">
        <parameters />
    </EnvObject>
    <EnvObject t0="192.865" t1="90.1998" t2="-49.1127" s0="1" s1="1" s2="1" r0="-0.768718" r1="4.05384e-008" r2="0.639589" r3="0" r4="-4.05384e-008" r5="1" r6="-1.12105e-007" r7="0" r8="-0.639589" r9="-1.12105e-007" r10="-0.768718" r11="0" r12="0" r13="0" r14="0" r15="1" id="29" color_r="0.521569" color_g="0.52549" color_b="0.501961" type_file="Data/Objects/Buildings/arena/arena_buttress.xml">
        <parameters />
    </EnvObject>
    <EnvObject t0="237.283" t1="88.5573" t2="-69.5077" s0="1" s1="1" s2="1" r0="0.995345" r1="-5.75104e-009" r2="-0.0963742" r3="0" r4="-5.75104e-009" r5="1" r6="-1.1907e-007" r7="0" r8="0.0963742" r9="1.1907e-007" r10="0.995345" r11="0" r12="0" r13="0" r14="0" r15="1" id="30" color_r="0.596078" color_g="0.603922" color_b="0.584314" type_file="Data/Objects/Buildings/arena/arena_pillar.xml">
        <parameters />
    </EnvObject>
    <EnvObject t0="182.83" t1="101.439" t2="-32.2089" s0="1.02387" s1="0.870501" s2="0.997313" r0="0.5309" r1="-1.15467e-007" r2="-0.847434" r3="0" r4="-1.15467e-007" r5="1" r6="-2.08592e-007" r7="0" r8="0.847434" r9="2.08592e-007" r10="0.5309" r11="0" r12="0" r13="0" r14="0" r15="1" id="31" color_r="0.713726" color_g="0.717647" color_b="0.690196" type_file="Data/Objects/Buildings/arena/arena_pillar.xml">
        <parameters />
    </EnvObject>
    <EnvObject t0="264.956" t1="97.5495" t2="-12.572" s0="1" s1="1" s2="1" r0="-0.915187" r1="-0.00259301" r2="-0.403022" r3="0" r4="-0.00286291" r5="0.999996" r6="6.72503e-005" r7="0" r8="0.40302" r9="0.00121536" r10="-0.915191" r11="0" r12="0" r13="0" r14="0" r15="1" id="32" color_r="0.713726" color_g="0.717647" color_b="0.690196" type_file="Data/Objects/Buildings/arena/arena_pillar.xml">
        <parameters />
    </EnvObject>
    <EnvObject t0="266.472" t1="90.0617" t2="-12.0903" s0="1" s1="1" s2="1" r0="0.915187" r1="0.00259344" r2="0.40302" r3="0" r4="-0.00286318" r5="0.999996" r6="6.67709e-005" r7="0" r8="-0.403019" r9="-0.00121503" r10="0.915191" r11="0" r12="0" r13="0" r14="0" r15="1" id="33" color_r="0.713726" color_g="0.717647" color_b="0.690196" type_file="Data/Objects/Buildings/arena/arena_pillar.xml">
        <parameters />
    </EnvObject>
    <EnvObject t0="270.936" t1="90.0752" t2="-24.8202" s0="1" s1="1" s2="1" r0="0.973992" r1="0.00277352" r2="0.226566" r3="0" r4="-0.00286312" r5="0.999996" r6="6.68772e-005" r7="0" r8="-0.226565" r9="-0.000713824" r10="0.973996" r11="0" r12="0" r13="0" r14="0" r15="1" id="34" color_r="0.713726" color_g="0.717647" color_b="0.690196" type_file="Data/Objects/Buildings/arena/arena_pillar.xml">
        <parameters />
    </EnvObject>
    <EnvObject t0="229.606" t1="102.002" t2="13.1885" s0="0.453556" s1="0.453556" s2="0.453556" r0="-0.847739" r1="3.2892e-008" r2="0.530415" r3="0" r4="-3.2892e-008" r5="1" r6="-1.14582e-007" r7="0" r8="-0.530415" r9="-1.14582e-007" r10="-0.847739" r11="0" r12="0" r13="0" r14="0" r15="1" id="35" color_r="0.976471" color_g="0.980392" color_b="0.945098" type_file="Data/Objects/Buildings/arena/arena_small_support.xml">
        <parameters />
    </EnvObject>
    <EnvObject t0="269.42" t1="97.563" t2="-25.3019" s0="1" s1="1" s2="1" r0="-0.973992" r1="-0.00277309" r2="-0.226566" r3="0" r4="-0.00286284" r5="0.999996" r6="6.75702e-005" r7="0" r8="0.226565" r9="0.000714434" r10="-0.973996" r11="0" r12="0" r13="0" r14="0" r15="1" id="36" color_r="0.713726" color_g="0.717647" color_b="0.690196" type_file="Data/Objects/Buildings/arena/arena_pillar.xml">
        <parameters />
    </EnvObject>
    <EnvObject t0="205.366" t1="89.6584" t2="23.7938" s0="0.908825" s1="0.908825" s2="0.908825" r0="-0.994591" r1="-0.00285509" r2="0.103829" r3="0" r4="-0.00286362" r5="0.999996" r6="6.69686e-005" r7="0" r8="-0.103828" r9="-0.000230719" r10="-0.994595" r11="0" r12="0" r13="0" r14="0" r15="1" id="37" color_r="0.65098" color_g="0.658824" color_b="0.607843" type_file="Data/Objects/Buildings/arena/arena_pillar.xml">
        <parameters />
    </EnvObject>
    <EnvObject t0="213.253" t1="89.6811" t2="22.4101" s0="0.908825" s1="0.908825" s2="0.908825" r0="-0.976655" r1="-0.00281098" r2="0.214796" r3="0" r4="-0.00286335" r5="0.999996" r6="6.73697e-005" r7="0" r8="-0.214795" r9="-0.000549237" r10="-0.976659" r11="0" r12="0" r13="0" r14="0" r15="1" id="38" color_r="0.65098" color_g="0.658824" color_b="0.607843" type_file="Data/Objects/Buildings/arena/arena_pillar.xml">
        <parameters />
    </EnvObject>
    <EnvObject t0="221.622" t1="89.7051" t2="19.8724" s0="0.908825" s1="0.908825" s2="0.908825" r0="-0.935247" r1="-0.00270144" r2="0.353986" r3="0" r4="-0.00286318" r5="0.999996" r6="6.6813e-005" r7="0" r8="-0.353984" r9="-0.000951039" r10="-0.935251" r11="0" r12="0" r13="0" r14="0" r15="1" id="39" color_r="0.65098" color_g="0.658824" color_b="0.607843" type_file="Data/Objects/Buildings/arena/arena_pillar.xml">
        <parameters />
    </EnvObject>
    <EnvObject t0="197.731" t1="93.5859" t2="-36.4743" s0="0.334332" s1="0.334332" s2="0.334332" r0="-0.668931" r1="4.85014e-008" r2="0.743325" r3="0" r4="4.85014e-008" r5="-1" r6="1.08897e-007" r7="0" r8="0.743325" r9="1.08897e-007" r10="0.668931" r11="0" r12="0" r13="0" r14="0" r15="1" id="40" color_r="0.337255" color_g="0.341176" color_b="0.329412" type_file="Data/Objects/Buildings/arena/arena_buttress.xml">
        <parameters />
    </EnvObject>
    <EnvObject t0="203.879" t1="93.5859" t2="-42.1789" s0="0.334332" s1="0.334332" s2="0.334332" r0="-0.802467" r1="7.49281e-008" r2="0.596696" r3="0" r4="7.49281e-008" r5="-1" r6="2.26339e-007" r7="0" r8="0.596696" r9="2.26339e-007" r10="0.802467" r11="0" r12="0" r13="0" r14="0" r15="1" id="41" color_r="0.337255" color_g="0.341176" color_b="0.329412" type_file="Data/Objects/Buildings/arena/arena_buttress.xml">
        <parameters />
    </EnvObject>
    <EnvObject t0="221.273" t1="84.4911" t2="-16.7816" s0="0.920659" s1="0.847694" s2="0.864582" r0="0.673421" r1="1.09043e-007" r2="0.739259" r3="0" r4="-1.09043e-007" r5="1" r6="-4.81714e-008" r7="0" r8="-0.739259" r9="-4.81714e-008" r10="0.673421" r11="0" r12="0" r13="0" r14="0" r15="1" id="42" color_r="1" color_g="1" color_b="1" type_file="Data/Objects/Buildings/arena/arena_floor.xml">
        <parameters />
    </EnvObject>
    <EnvObject t0="176.864" t1="93.6224" t2="7.84966" s0="1" s1="1" s2="1" r0="-0.676278" r1="-1.57096e-007" r2="-0.736646" r3="0" r4="-6.11758e-008" r5="1" r6="-1.57096e-007" r7="0" r8="0.736646" r9="-6.11758e-008" r10="-0.676278" r11="0" r12="0" r13="0" r14="0" r15="1" id="43" color_r="1" color_g="1" color_b="1" type_file="Data/Objects/Buildings/arena/arena_deck_left.xml">
        <parameters />
    </EnvObject>
    <EnvObject t0="192.936" t1="93.5019" t2="26.1927" s0="1" s1="1" s2="1" r0="-0.685359" r1="-1.56714e-007" r2="-0.728205" r3="0" r4="-6.21485e-008" r5="1" r6="-1.56714e-007" r7="0" r8="0.728205" r9="-6.21485e-008" r10="-0.685359" r11="0" r12="0" r13="0" r14="0" r15="1" id="44" color_r="1" color_g="1" color_b="1" type_file="Data/Objects/Buildings/arena/arena_deck_right.xml">
        <parameters />
    </EnvObject>
    <EnvObject t0="179.656" t1="97.382" t2="10.9" s0="1" s1="1" s2="1" r0="-0.642181" r1="-1.83655e-007" r2="-0.766553" r3="0" r4="-3.23862e-008" r5="1" r6="-2.12453e-007" r7="0" r8="0.766553" r9="-1.11608e-007" r10="-0.642181" r11="0" r12="0" r13="0" r14="0" r15="1" id="45" color_r="1" color_g="1" color_b="1" type_file="Data/Objects/Buildings/arena/arena_steps_small.xml">
        <parameters />
    </EnvObject>
    <EnvObject t0="177.425" t1="100.583" t2="9.17774" s0="1" s1="1" s2="1" r0="0.668003" r1="1.08866e-007" r2="0.744159" r3="0" r4="-1.08866e-007" r5="1" r6="-4.85693e-008" r7="0" r8="-0.744159" r9="-4.85693e-008" r10="0.668003" r11="0" r12="0" r13="0" r14="0" r15="1" id="46" color_r="0.764706" color_g="0.203922" color_b="0.203922" type_file="Data/Objects/Buildings/arena/arena_umbrella_fine.xml">
        <parameters />
    </EnvObject>
    <EnvObject t0="191.637" t1="100.583" t2="25.3469" s0="1" s1="1" s2="1" r0="-0.764973" r1="4.08652e-008" r2="0.644062" r3="0" r4="-4.08652e-008" r5="1" r6="-1.11986e-007" r7="0" r8="-0.644062" r9="-1.11986e-007" r10="-0.764973" r11="0" r12="0" r13="0" r14="0" r15="1" id="47" color_r="0.545098" color_g="0.113725" color_b="0.113725" type_file="Data/Objects/Buildings/arena/arena_umbrella_fine.xml">
        <parameters />
    </EnvObject>
    <EnvObject t0="200.665" t1="96.7623" t2="24.414" s0="1" s1="1" s2="1" r0="0.999858" r1="2.00536e-009" r2="0.0168216" r3="0" r4="2.00536e-009" r5="1" r6="-2.3841e-007" r7="0" r8="-0.0168216" r9="2.3841e-007" r10="0.999858" r11="0" r12="0" r13="0" r14="0" r15="1" id="48" color_r="1" color_g="1" color_b="1" type_file="Data/Objects/Buildings/arena/arena_steps_small.xml">
        <parameters />
    </EnvObject>
    <EnvObject t0="228.807" t1="93.8974" t2="-59.022" s0="1" s1="1" s2="1" r0="-0.243602" r1="-9.40017e-008" r2="-0.969875" r3="0" r4="-9.40017e-008" r5="1" r6="-7.33112e-008" r7="0" r8="0.969875" r9="7.33112e-008" r10="-0.243602" r11="0" r12="0" r13="0" r14="0" r15="1" id="49" color_r="1" color_g="1" color_b="1" type_file="Data/Objects/Buildings/arena/arena_stands.xml">
        <parameters />
    </EnvObject>
    <EnvObject t0="216.972" t1="96.7391" t2="-52.0281" s0="1" s1="1" s2="1" r0="0.893395" r1="0" r2="-0.449273" r3="0" r4="0" r5="1" r6="0" r7="0" r8="0.449273" r9="0" r10="0.893395" r11="0" r12="0" r13="0" r14="0" r15="1" id="50" color_r="1" color_g="1" color_b="1" type_file="Data/Objects/Buildings/arena/arena_steps_small.xml">
        <parameters />
    </EnvObject>
    <EnvObject t0="218.043" t1="101.465" t2="-55.4648" s0="1" s1="1" s2="1" r0="-0.906015" r1="-3.23454e-008" r2="0.423245" r3="0" r4="-8.40292e-008" r5="1" r6="-1.03454e-007" r7="0" r8="-0.423245" r9="-1.29296e-007" r10="-0.906015" r11="0" r12="0" r13="0" r14="0" r15="1" id="51" color_r="0.545098" color_g="0.113725" color_b="0.113725" type_file="Data/Objects/Buildings/arena/arena_umbrella_fine.xml">
        <parameters />
    </EnvObject>
    <EnvObject t0="235.82" t1="100.187" t2="-58.3378" s0="1" s1="1" s2="1" r0="-0.994552" r1="-1.12825e-007" r2="0.104243" r3="0" r4="-1.25269e-007" r5="1" r6="-1.12825e-007" r7="0" r8="-0.104243" r9="-1.25269e-007" r10="-0.994552" r11="0" r12="0" r13="0" r14="0" r15="1" id="52" color_r="0.545098" color_g="0.113725" color_b="0.113725" type_file="Data/Objects/Buildings/arena/arena_umbrella_fine.xml">
        <parameters />
    </EnvObject>
    <EnvObject t0="239.268" t1="101.041" t2="-60.6091" s0="1" s1="1" s2="1" r0="-0.994552" r1="-1.12825e-007" r2="0.104243" r3="0" r4="-1.25269e-007" r5="1" r6="-1.12825e-007" r7="0" r8="-0.104243" r9="-1.25269e-007" r10="-0.994552" r11="0" r12="0" r13="0" r14="0" r15="1" id="53" color_r="0.921569" color_g="0.301961" color_b="0.113725" type_file="Data/Objects/Buildings/arena/arena_umbrella_fine.xml">
        <parameters />
    </EnvObject>
    <EnvObject t0="228.958" t1="99.9262" t2="-56.7445" s0="1" s1="1" s2="1" r0="-0.985709" r1="-4.6795e-008" r2="0.16846" r3="0" r4="-7.19877e-008" r5="1" r6="-1.4344e-007" r7="0" r8="-0.16846" r9="-1.53517e-007" r10="-0.985709" r11="0" r12="0" r13="0" r14="0" r15="1" id="54" color_r="0.545098" color_g="0.113725" color_b="0.113725" type_file="Data/Objects/Buildings/arena/arena_umbrella_fine.xml">
        <parameters />
    </EnvObject>
    <EnvObject t0="232.101" t1="101.391" t2="-59.8103" s0="1" s1="1" s2="1" r0="0.999967" r1="1.19208e-007" r2="-0.00816988" r3="0" r4="-1.19208e-007" r5="1" r6="4.86967e-010" r7="0" r8="0.00816988" r9="4.86967e-010" r10="0.999967" r11="0" r12="0" r13="0" r14="0" r15="1" id="55" color_r="0.764706" color_g="0.203922" color_b="0.203922" type_file="Data/Objects/Buildings/arena/arena_umbrella_fine.xml">
        <parameters />
    </EnvObject>
    <EnvObject t0="222.507" t1="100.093" t2="-55.0116" s0="1" s1="1" s2="1" r0="-0.856591" r1="0.063591" r2="0.512062" r3="0" r4="0.0701415" r5="0.997516" r6="-0.00654309" r7="0" r8="-0.511206" r9="0.030312" r10="-0.858924" r11="0" r12="0" r13="0" r14="0" r15="1" id="56" color_r="0.764706" color_g="0.203922" color_b="0.203922" type_file="Data/Objects/Buildings/arena/arena_umbrella_fine.xml">
        <parameters />
    </EnvObject>
    <EnvObject t0="225.232" t1="101.479" t2="-58.14" s0="1" s1="1" s2="1" r0="-0.973242" r1="-4.5416e-008" r2="0.229782" r3="0" r4="-7.29932e-008" r5="1" r6="-1.11515e-007" r7="0" r8="-0.229782" r9="-1.25303e-007" r10="-0.973242" r11="0" r12="0" r13="0" r14="0" r15="1" id="57" color_r="0.870588" color_g="0.070588" color_b="0.070588" type_file="Data/Objects/Buildings/arena/arena_umbrella_fine.xml">
        <parameters />
    </EnvObject>
    <EnvObject t0="212.544" t1="95.4523" t2="-52.9108" s0="1" s1="1" s2="1" r0="0.867795" r1="-3.06492e-008" r2="-0.496923" r3="0" r4="-3.06492e-008" r5="1" r6="-1.15202e-007" r7="0" r8="0.496923" r9="1.15202e-007" r10="0.867795" r11="0" r12="0" r13="0" r14="0" r15="1" id="58" color_r="1" color_g="1" color_b="1" type_file="Data/Objects/Buildings/arena/arena_staircase.xml">
        <parameters />
    </EnvObject>
    <EnvObject t0="212.723" t1="104.774" t2="-52.737" s0="1.16411" s1="1.16411" s2="1.16411" r0="0.86561" r1="-0.0243802" r2="-0.500125" r3="0" r4="0.142071" r5="0.969724" r6="0.198623" r7="0" r8="0.480141" r9="-0.242983" r10="0.842866" r11="0" r12="0" r13="0" r14="0" r15="1" id="59" color_r="0.027451" color_g="0.07451" color_b="0.133333" type_file="Data/Objects/Buildings/arena/arena_staircase_roof.xml">
        <parameters />
    </EnvObject>
    <EnvObject t0="267.049" t1="93.6651" t2="-41.4526" s0="1" s1="1" s2="1" r0="0.672469" r1="-0.000293838" r2="0.740125" r3="0" r4="-0.00012596" r5="1" r6="0.000511457" r7="0" r8="-0.740125" r9="-0.000437165" r10="0.672469" r11="0" r12="0" r13="0" r14="0" r15="1" id="60" color_r="1" color_g="1" color_b="1" type_file="Data/Objects/Buildings/arena/arena_deck_left.xml">
        <parameters />
    </EnvObject>
    <EnvObject t0="250.673" t1="93.5527" t2="-59.8405" s0="1" s1="1" s2="1" r0="0.690271" r1="-0.000283661" r2="0.723551" r3="0" r4="-0.00012607" r5="1" r6="0.000512312" r7="0" r8="-0.723551" r9="-0.000444852" r10="0.690271" r11="0" r12="0" r13="0" r14="0" r15="1" id="61" color_r="1" color_g="1" color_b="1" type_file="Data/Objects/Buildings/arena/arena_deck_right.xml">
        <parameters />
    </EnvObject>
    <EnvObject t0="264.477" t1="97.4258" t2="-44.3313" s0="1" s1="1" s2="1" r0="0.638217" r1="-0.000313509" r2="0.769856" r3="0" r4="-0.000125564" r5="1" r6="0.000511324" r7="0" r8="-0.769856" r9="-0.000423003" r10="0.638217" r11="0" r12="0" r13="0" r14="0" r15="1" id="62" color_r="1" color_g="1" color_b="1" type_file="Data/Objects/Buildings/arena/arena_steps_small.xml">
        <parameters />
    </EnvObject>
    <EnvObject t0="266.494" t1="100.626" t2="-42.7799" s0="1" s1="1" s2="1" r0="-0.664153" r1="0.000298751" r2="-0.747597" r3="0" r4="-0.000125854" r5="1" r6="0.000511422" r7="0" r8="0.747597" r9="0.000433751" r10="-0.664153" r11="0" r12="0" r13="0" r14="0" r15="1" id="63" color_r="0.921569" color_g="0.301961" color_b="0.113725" type_file="Data/Objects/Buildings/arena/arena_umbrella_fine.xml">
        <parameters />
    </EnvObject>
    <EnvObject t0="252.06" t1="100.633" t2="-60.7111" s0="1" s1="1" s2="1" r0="0.768287" r1="0.000424148" r2="-0.640105" r3="0" r4="-0.000125995" r5="1" r6="0.000511397" r7="0" r8="0.640106" r9="-0.000312249" r10="0.768287" r11="0" r12="0" r13="0" r14="0" r15="1" id="64" color_r="0.545098" color_g="0.113725" color_b="0.113725" type_file="Data/Objects/Buildings/arena/arena_umbrella_fine.xml">
        <parameters />
    </EnvObject>
    <EnvObject t0="187.676" t1="96.7987" t2="-24.9925" s0="1" s1="1" s2="1" r0="-0.496293" r1="-0.000506724" r2="0.868155" r3="0" r4="-0.000125757" r5="1" r6="0.000511788" r7="0" r8="-0.868155" r9="0.00014482" r10="-0.496293" r11="0" r12="0" r13="0" r14="0" r15="1" id="65" color_r="1" color_g="1" color_b="1" type_file="Data/Objects/Buildings/arena/arena_steps_small.xml">
        <parameters />
    </EnvObject>
    <EnvObject t0="214.759" t1="93.8994" t2="25.15" s0="1" s1="1" s2="1" r0="0.239889" r1="-0.000466829" r2="0.9708" r3="0" r4="-0.000125361" r5="1" r6="0.000511847" r7="0" r8="-0.9708" r9="-0.000244487" r10="0.239889" r11="0" r12="0" r13="0" r14="0" r15="1" id="66" color_r="1" color_g="1" color_b="1" type_file="Data/Objects/Buildings/arena/arena_stands.xml">
        <parameters />
    </EnvObject>
    <EnvObject t0="255.992" t1="96.7641" t2="-8.5932" s0="1" s1="1" s2="1" r0="0.517832" r1="0.000502295" r2="-0.855482" r3="0" r4="-0.000125583" r5="1" r6="0.000511132" r7="0" r8="0.855482" r9="-0.000157247" r10="0.517832" r11="0" r12="0" r13="0" r14="0" r15="1" id="67" color_r="1" color_g="1" color_b="1" type_file="Data/Objects/Buildings/arena/arena_steps_small.xml">
        <parameters />
    </EnvObject>
    <EnvObject t0="225.542" t1="101.47" t2="21.6529" s0="1" s1="1" s2="1" r0="0.908187" r1="0.000327968" r2="-0.418564" r3="0" r4="-0.00012522" r5="1" r6="0.000511858" r7="0" r8="0.418564" r9="-0.00041245" r10="0.908187" r11="0" r12="0" r13="0" r14="0" r15="1" id="68" color_r="0.921569" color_g="0.301961" color_b="0.113725" type_file="Data/Objects/Buildings/arena/arena_umbrella_fine.xml">
        <parameters />
    </EnvObject>
    <EnvObject t0="207.751" t1="100.189" t2="24.4343" s0="1" s1="1" s2="1" r0="0.995077" r1="0.000175293" r2="-0.0991066" r3="0" r4="-0.000125221" r5="1" r6="0.000511456" r7="0" r8="0.0991067" r9="-0.000496527" r10="0.995077" r11="0" r12="0" r13="0" r14="0" r15="1" id="69" color_r="1" color_g="0.180392" color_b="0.317647" type_file="Data/Objects/Buildings/arena/arena_umbrella_fine.xml">
        <parameters />
    </EnvObject>
    <EnvObject t0="204.291" t1="101.04" t2="26.688" s0="1" s1="1" s2="1" r0="0.995077" r1="0.000175293" r2="-0.0991066" r3="0" r4="-0.000125221" r5="1" r6="0.000511456" r7="0" r8="0.0991067" r9="-0.000496527" r10="0.995077" r11="0" r12="0" r13="0" r14="0" r15="1" id="70" color_r="0.764706" color_g="0.203922" color_b="0.203922" type_file="Data/Objects/Buildings/arena/arena_umbrella_fine.xml">
        <parameters />
    </EnvObject>
    <EnvObject t0="214.621" t1="99.9294" t2="22.8758" s0="1" s1="1" s2="1" r0="0.986565" r1="0.000207546" r2="-0.163369" r3="0" r4="-0.000125592" r5="1" r6="0.00051198" r7="0" r8="0.163369" r9="-0.000484584" r10="0.986565" r11="0" r12="0" r13="0" r14="0" r15="1" id="71" color_r="0.921569" color_g="0.301961" color_b="0.113725" type_file="Data/Objects/Buildings/arena/arena_umbrella_fine.xml">
        <parameters />
    </EnvObject>
    <EnvObject t0="211.462" t1="101.392" t2="25.9263" s0="1" s1="1" s2="1" r0="-0.999996" r1="-0.000127787" r2="0.00300934" r3="0" r4="-0.000126248" r5="1" r6="0.000511658" r7="0" r8="-0.00300941" r9="0.000511276" r10="-0.999996" r11="0" r12="0" r13="0" r14="0" r15="1" id="72" color_r="0.545098" color_g="0.113725" color_b="0.113725" type_file="Data/Objects/Buildings/arena/arena_umbrella_fine.xml">
        <parameters />
    </EnvObject>
    <EnvObject t0="221.08" t1="100.098" t2="21.1759" s0="1" s1="1" s2="1" r0="0.859215" r1="0.063958" r2="-0.507601" r3="0" r4="-0.0702991" r5="0.997504" r6="0.00669085" r7="0" r8="0.506762" r9="0.029935" r10="0.861566" r11="0" r12="0" r13="0" r14="0" r15="1" id="73" color_r="0.545098" color_g="0.113725" color_b="0.113725" type_file="Data/Objects/Buildings/arena/arena_umbrella_fine.xml">
        <parameters />
    </EnvObject>
    <EnvObject t0="218.339" t1="101.482" t2="24.2912" s0="1" s1="1" s2="1" r0="0.974415" r1="0.000237621" r2="-0.224755" r3="0" r4="-0.000125766" r5="1" r6="0.00051199" r7="0" r8="0.224755" r9="-0.000470624" r10="0.974415" r11="0" r12="0" r13="0" r14="0" r15="1" id="74" color_r="0.870588" color_g="0.070588" color_b="0.070588" type_file="Data/Objects/Buildings/arena/arena_umbrella_fine.xml">
        <parameters />
    </EnvObject>
    <EnvObject t0="231.054" t1="95.4594" t2="19.1243" s0="1" s1="1" s2="1" r0="-0.870348" r1="-0.000361083" r2="0.492437" r3="0" r4="-0.000125401" r5="1" r6="0.000511619" r7="0" r8="-0.492437" r9="0.000383535" r10="-0.870348" r11="0" r12="0" r13="0" r14="0" r15="1" id="75" color_r="1" color_g="1" color_b="1" type_file="Data/Objects/Buildings/arena/arena_staircase.xml">
        <parameters />
    </EnvObject>
    <EnvObject t0="230.875" t1="104.781" t2="18.9547" s0="1.16411" s1="1.16411" s2="1.16411" r0="-0.868177" r1="-0.0247433" r2="0.495638" r3="0" r4="-0.141166" r5="0.969808" r6="-0.198856" r7="0" r8="-0.475754" r9="-0.24261" r10="-0.845458" r11="0" r12="0" r13="0" r14="0" r15="1" id="76" color_r="0.027451" color_g="0.07451" color_b="0.133333" type_file="Data/Objects/Buildings/arena/arena_staircase_roof.xml">
        <parameters />
    </EnvObject>
    <EnvObject t0="253.763" t1="97.4305" t2="-56.6537" s0="1" s1="1" s2="1" r0="-0.653231" r1="0.000305753" r2="-0.757159" r3="0" r4="-0.000125404" r5="1" r6="0.000512007" r7="0" r8="0.757159" r9="0.000429409" r10="-0.653231" r11="0" r12="0" r13="0" r14="0" r15="1" id="77" color_r="1" color_g="1" color_b="1" type_file="Data/Objects/Buildings/arena/arena_steps_small.xml">
        <parameters />
    </EnvObject>
    <EnvObject t0="242.869" t1="96.7314" t2="-58.2376" s0="1" s1="1" s2="1" r0="-0.999999" r1="-0.000126086" r2="-0.00131038" r3="0" r4="-0.000126757" r5="1" r6="0.0005121" r7="0" r8="0.00131032" r9="0.000512265" r10="-0.999999" r11="0" r12="0" r13="0" r14="0" r15="1" id="78" color_r="1" color_g="1" color_b="1" type_file="Data/Objects/Buildings/arena/arena_steps_small.xml">
        <parameters />
    </EnvObject>
    <EnvObject t0="211.198" t1="96.7225" t2="-48.49" s0="1" s1="1" s2="1" r0="-0.879137" r1="-0.000354145" r2="0.47657" r3="0" r4="-0.000125565" r5="1" r6="0.00051148" r7="0" r8="-0.47657" r9="0.000389819" r10="-0.879137" r11="0" r12="0" r13="0" r14="0" r15="1" id="79" color_r="1" color_g="1" color_b="1" type_file="Data/Objects/Buildings/arena/arena_steps_small.xml">
        <parameters />
    </EnvObject>
    <EnvObject t0="190.241" t1="97.3819" t2="23.0288" s0="1" s1="1" s2="1" r0="0.657131" r1="1.57869e-007" r2="0.753776" r3="0" r4="-5.91528e-008" r5="1" r6="-1.57869e-007" r7="0" r8="-0.753776" r9="5.91528e-008" r10="0.657131" r11="0" r12="0" r13="0" r14="0" r15="1" id="80" color_r="1" color_g="1" color_b="1" type_file="Data/Objects/Buildings/arena/arena_steps_small.xml">
        <parameters />
    </EnvObject>
    <EnvObject t0="226.631" t1="96.7462" t2="18.2194" s0="1" s1="1" s2="1" r0="-0.895701" r1="-0.000340125" r2="0.444656" r3="0" r4="-0.000125853" r5="1" r6="0.000511401" r7="0" r8="-0.444656" r9="0.000402101" r10="-0.895701" r11="0" r12="0" r13="0" r14="0" r15="1" id="81" color_r="1" color_g="1" color_b="1" type_file="Data/Objects/Buildings/arena/arena_steps_small.xml">
        <parameters />
    </EnvObject>
    <EnvObject t0="232.38" t1="96.7487" t2="14.7845" s0="1" s1="1" s2="1" r0="0.842628" r1="0.000381219" r2="-0.538496" r3="0" r4="-0.000125675" r5="1" r6="0.000511279" r7="0" r8="0.538496" r9="-0.000363143" r10="0.842628" r11="0" r12="0" r13="0" r14="0" r15="1" id="82" color_r="1" color_g="1" color_b="1" type_file="Data/Objects/Buildings/arena/arena_steps_small.xml">
        <parameters />
    </EnvObject>
    <EnvObject t0="184.778" t1="100.321" t2="17.0851" s0="1" s1="1" s2="1" r0="-0.657131" r1="-1.3319e-007" r2="-0.753777" r3="0" r4="-8.38318e-008" r5="1" r6="-1.03614e-007" r7="0" r8="0.753777" r9="-4.89726e-009" r10="-0.657131" r11="0" r12="0" r13="0" r14="0" r15="1" id="83" color_r="1" color_g="1" color_b="1" type_file="Data/Objects/Buildings/arena/arena_vip_gate.xml">
        <parameters />
    </EnvObject>
    <EnvObject t0="184.852" t1="114.589" t2="16.9233" s0="1.05763" s1="1.05763" s2="1.05763" r0="-0.65713" r1="-2.01166e-007" r2="-0.753777" r3="0" r4="0.211761" r5="0.959727" r6="-0.18461" r7="0" r8="0.72342" r9="-0.280933" r10="-0.630666" r11="0" r12="0" r13="0" r14="0" r15="1" id="84" color_r="0.027451" color_g="0.07451" color_b="0.133333" type_file="Data/Objects/Buildings/arena/arena_vip_roof.xml">
        <parameters />
    </EnvObject>
    <EnvObject t0="183.94" t1="112.051" t2="12.364" s0="1.75635" s1="1.75635" s2="1.75635" r0="0.789371" r1="-3.8686e-008" r2="-0.613916" r3="0" r4="-3.8686e-008" r5="1" r6="-1.12757e-007" r7="0" r8="0.613916" r9="1.12757e-007" r10="0.789371" r11="0" r12="0" r13="0" r14="0" r15="1" id="85" color_r="1" color_g="0.835294" color_b="0.584314" type_file="Data/Objects/Buildings/window_boxes/box_base_squared.xml">
        <parameters />
    </EnvObject>
    <EnvObject t0="185.605" t1="113.403" t2="21.8117" s0="1.75635" s1="1.75635" s2="1.75635" r0="-0.789371" r1="3.8686e-008" r2="0.613916" r3="0" r4="-3.8686e-008" r5="1" r6="-1.12757e-007" r7="0" r8="-0.613916" r9="-1.12757e-007" r10="-0.789371" r11="0" r12="0" r13="0" r14="0" r15="1" id="86" color_r="1" color_g="0.835294" color_b="0.584314" type_file="Data/Objects/Buildings/window_boxes/box_base_squared.xml">
        <parameters />
    </EnvObject>
    <EnvObject t0="180.151" t1="113.502" t2="15.6634" s0="1.75635" s1="1.75635" s2="1.75635" r0="0.789371" r1="-3.8686e-008" r2="-0.613916" r3="0" r4="-3.8686e-008" r5="1" r6="-1.12757e-007" r7="0" r8="0.613916" r9="1.12757e-007" r10="0.789371" r11="0" r12="0" r13="0" r14="0" r15="1" id="87" color_r="1" color_g="0.835294" color_b="0.584314" type_file="Data/Objects/Buildings/window_boxes/box_base_squared.xml">
        <parameters />
    </EnvObject>
