<?xml version="2.0" ?>
<Type>saved</Type>
<Name></Name>
<Description></Description>
<Shader>post</Shader>
<Terrain>
    <Heightmap>Data/Textures/Terrain/red_hills/red_hills_hm.png</Heightmap>
    <DetailMap></DetailMap>
    <ColorMap>Data/Textures/Terrain/grass_beach/grass_beach_c.tga</ColorMap>
    <DetailMaps>
        <DetailMap colorpath="Data/Textures/Terrain/DetailTextures/grass.tga" normalpath="Data/Textures/Terrain/DetailTextures/grass_normal.png" materialpath="Data/Materials/grass.xml" />
        <DetailMap colorpath="Data/Textures/Terrain/DetailTextures/grass_stones_c.tga" normalpath="Data/Textures/Terrain/DetailTextures/grass_stones_n.tga" materialpath="Data/Materials/gravel.xml" />
        <DetailMap colorpath="Data/Textures/Terrain/DetailTextures/rubble_rocks_c.tga" normalpath="Data/Textures/Terrain/DetailTextures/rubble_rocks_n.tga" materialpath="Data/Materials/rocks.xml" />
        <DetailMap colorpath="Data/Textures/Terrain/DetailTextures/chipped_rock.tga" normalpath="Data/Textures/Terrain/DetailTextures/chipped_rock_normal.tga" materialpath="Data/Materials/rock.xml" />
    </DetailMaps>
    <DetailObjects>
        <DetailObject obj_path="Data/Objects/Plants/Groundcover/Grass/WildGrass.xml" weight_path="Data/Textures/Terrain/grass_beach/grass_beach_grass.png" normal_conform="0.5" density="10" min_embed="0" max_embed="0.4" min_scale="0.7" max_scale="1" view_distance="30" jitter_degrees="10" overbright="0" />
        <DetailObject obj_path="Data/Objects/Plants/Groundcover/ForkedWeed.xml" weight_path="Data/Textures/Terrain/grass_beach/grass_beach_weeds.png" normal_conform="0.5" density="0.08" min_embed="0" max_embed="0.2" min_scale="0.7" max_scale="1" view_distance="30" jitter_degrees="10" overbright="0" />
        <DetailObject obj_path="Data/Objects/Plants/Groundcover/Grass/tall_wild_grass.xml" weight_path="Data/Textures/Terrain/grass_beach/grass_beach_tallgrass.png" normal_conform="0.5" density="6" min_embed="0" max_embed="0.4" min_scale="0.7" max_scale="1" view_distance="30" jitter_degrees="10" overbright="0" />
        <DetailObject obj_path="Data/Objects/Environment/Rocks/lichen_rock_c.xml" weight_path="Data/Textures/Terrain/grass_beach/grass_beach_rocks.png" normal_conform="0" density="1.08" min_embed="0.3" max_embed="0.7" min_scale="0.2" max_scale="0.4" view_distance="20" jitter_degrees="30" overbright="0.3" collision_type="static" />
        <DetailObject obj_path="Data/Objects/Environment/Rocks/lichen_rock_e.xml" weight_path="Data/Textures/Terrain/grass_beach/grass_beach_rocks.png" normal_conform="0" density="1.08" min_embed="0.3" max_embed="0.7" min_scale="0.2" max_scale="0.4" view_distance="20" jitter_degrees="30" overbright="0.3" collision_type="static" />
    </DetailObjects>
</Terrain>
<OutOfDate Shadow="true" AO="true" NavMesh="true" />
<SpawnPoints>
    <SpawnPoint t0="0" t1="200" t2="0" s0="1" s1="1" s2="1" r0="1" r1="0" r2="0" r3="0" r4="0" r5="1" r6="0" r7="0" r8="0" r9="0" r10="1" r11="0" r12="0" r13="0" r14="0" r15="1" />
</SpawnPoints>
<AmbientSounds />
<Script>Data/Scripts/challengelevel.as</Script>
<LevelScriptParameters>
    <parameter name="Achievements" type="string" val="flawless, no_injuries, no_kills" />
    <parameter name="Extra AO" type="string" val="0" />
    <parameter name="Level Boundaries" type="string" val="1" />
    <parameter name="Objectives" type="string" val="destroy_all" />
    <parameter name="Sky Rotation" type="string" val="0" />
</LevelScriptParameters>
<Sky>
    <DomeTexture>Data/Textures/skies/blue3.tga</DomeTexture>
    <SunAngularRad>0.112145</SunAngularRad>
    <SunColorAngle>22.7359</SunColorAngle>
    <RayToSun r0="-0.0279914" r1="0.779925" r2="0.625247" />
    <ExtraAO>0</ExtraAO>
    <SkyRotation>0</SkyRotation>
</Sky>
<ActorObjects>
    <EnvObject t0="77.4709" t1="-14.0354" t2="-20.7909" s0="1" s1="1" s2="1" r0="0.75168" r1="0.655272" r2="-0.0748076" r3="0" r4="-0.533309" r5="0.670634" r6="0.515588" r7="0" r8="0.388019" r9="-0.347662" r10="0.853565" r11="0" r12="0" r13="0" r14="0" r15="1" id="1" color_r="1" color_g="1" color_b="1" type_file="Data/Objects/Crete/CreteBlockStandard.xml">
        <parameters />
    </EnvObject>
    <EnvObject t0="86.4179" t1="-16.6193" t2="-10.1373" s0="1" s1="1" s2="1" r0="1" r1="-5.96046e-008" r2="3.00008e-007" r3="0" r4="5.96046e-008" r5="1" r6="-2.38419e-007" r7="0" r8="-3.00008e-007" r9="2.38419e-007" r10="1" r11="0" r12="0" r13="0" r14="0" r15="1" id="2" color_r="1" color_g="1" color_b="1" type_file="Data/Objects/Buildings/stairs1.xml">
        <parameters />
    </EnvObject>
    <EnvObject t0="86.4357" t1="-17.4603" t2="-9.20329" s0="1" s1="1" s2="1" r0="1" r1="-5.96045e-008" r2="3.59613e-007" r3="0" r4="5.96047e-008" r5="1" r6="-4.76837e-007" r7="0" r8="-3.59613e-007" r9="4.76837e-007" r10="1" r11="0" r12="0" r13="0" r14="0" r15="1" id="3" color_r="1" color_g="1" color_b="1" type_file="Data/Objects/Buildings/stairs1.xml">
        <parameters />
    </EnvObject>
    <EnvObject t0="86.295" t1="-18.8005" t2="-13.4963" s0="1" s1="0.35557" s2="1" r0="-1" r1="1.47027e-007" r2="5.96048e-008" r3="0" r4="1.47027e-007" r5="1" r6="-4.38176e-015" r7="0" r8="-5.96048e-008" r9="4.38176e-015" r10="-1" r11="0" r12="0" r13="0" r14="0" r15="1" id="4" color_r="1" color_g="1" color_b="1" type_file="Data/Objects/Buildings/cat_town/babylon_tower.xml">
        <parameters />
    </EnvObject>
    <EnvObject t0="86.3833" t1="-17.635" t2="-9.85629" s0="0.332379" s1="0.37192" s2="0.281086" r0="-1" r1="6.38179e-007" r2="-4.47225e-008" r3="0" r4="4.29975e-007" r5="0.618697" r6="-0.78563" r7="0" r8="-4.73703e-007" r9="-0.78563" r10="-0.618697" r11="0" r12="0" r13="0" r14="0" r15="1" id="5" color_r="1" color_g="1" color_b="1" type_file="Data/Objects/Crete/CreteBlockStandard.xml">
        <parameters />
    </EnvObject>
    <EnvObject t0="86.3981" t1="-14.5134" t2="-13.4823" s0="1" s1="1" s2="1" r0="-1" r1="1.47027e-007" r2="5.96048e-008" r3="0" r4="1.47027e-007" r5="1" r6="-4.38176e-015" r7="0" r8="-5.96048e-008" r9="4.38176e-015" r10="-1" r11="0" r12="0" r13="0" r14="0" r15="1" id="6" color_r="1" color_g="1" color_b="1" type_file="Data/Custom/twowolves/landmark_lantern/jims_lantern.xml">
        <parameters />
    </EnvObject>
    <EnvObject t0="98.4703" t1="-15.1544" t2="-3.05718" s0="1" s1="1" s2="1" r0="0.564295" r1="-0.667551" r2="0.485744" r3="0" r4="0.498312" r5="-0.193693" r6="-0.845085" r7="0" r8="0.658222" r9="0.718929" r10="0.223348" r11="0" r12="0" r13="0" r14="0" r15="1" id="22" color_r="1" color_g="1" color_b="1" type_file="Data/Objects/Crete/CreteBlockBroken.xml">
        <parameters />
    </EnvObject>
    <EnvObject t0="100.23" t1="-16.2671" t2="1.45394" s0="0.728478" s1="0.728478" s2="0.728478" r0="-0.855531" r1="-0.117863" r2="-0.504157" r3="0" r4="-0.517641" r5="0.174684" r6="0.837576" r7="0" r8="-0.0106512" r9="0.977545" r10="-0.210458" r11="0" r12="0" r13="0" r14="0" r15="1" id="23" color_r="1" color_g="1" color_b="1" type_file="Data/Objects/Environment/rocks/BlockyStone1.xml">
        <parameters />
    </EnvObject>
    <EnvObject t0="89.4749" t1="-16.0357" t2="13.0265" s0="0.321861" s1="0.321861" s2="0.321861" r0="0.968302" r1="-0.240549" r2="-0.0672828" r3="0" r4="-0.0493691" r5="0.0797427" r6="-0.995592" r7="0" r8="0.244854" r9="0.967356" r10="0.0653394" r11="0" r12="0" r13="0" r14="0" r15="1" id="24" color_r="1" color_g="1" color_b="1" type_file="Data/Objects/Environment/rocks/BlockyStone1.xml">
        <parameters />
    </EnvObject>
    <EnvObject t0="80.3878" t1="-16.4994" t2="4.70782" s0="0.350123" s1="0.350123" s2="0.350123" r0="1" r1="0" r2="0" r3="0" r4="0" r5="1" r6="0" r7="0" r8="0" r9="0" r10="1" r11="0" r12="0" r13="0" r14="0" r15="1" id="25" color_r="1" color_g="1" color_b="1" type_file="Data/Objects/rocks/RoundStone1.xml">
        <parameters />
    </EnvObject>
    <EnvObject t0="133.941" t1="-19.1343" t2="14.1822" s0="0.325924" s1="0.325924" s2="0.325924" r0="-0.589528" r1="-0.803514" r2="0.0826" r3="0" r4="-0.0423679" r5="0.132878" r6="0.990227" r7="0" r8="-0.806636" r9="0.580266" r10="-0.112379" r11="0" r12="0" r13="0" r14="0" r15="1" id="51" color_r="1" color_g="1" color_b="1" type_file="Data/Objects/Environment/rocks/BlockyStone1.xml">
        <parameters />
    </EnvObject>
    <EnvObject t0="209.652" t1="-16.0821" t2="-1.87065" s0="1" s1="1" s2="1" r0="1" r1="0" r2="0" r3="0" r4="0" r5="1" r6="0" r7="0" r8="0" r9="0" r10="1" r11="0" r12="0" r13="0" r14="0" r15="1" id="52" color_r="1" color_g="1" color_b="1" type_file="Data/Objects/rocks/RoundStone1.xml">
        <parameters />
    </EnvObject>
    <EnvObject t0="-7.96857" t1="-13.2081" t2="4.89806" s0="1" s1="1" s2="1" r0="1" r1="0" r2="0" r3="0" r4="0" r5="1" r6="0" r7="0" r8="0" r9="0" r10="1" r11="0" r12="0" r13="0" r14="0" r15="1" id="53" color_r="1" color_g="1" color_b="1" type_file="Data/Objects/Environment/rocks/BlockyStone1.xml">
        <parameters />
    </EnvObject>
    <EnvObject t0="7.77006" t1="-18.6875" t2="121.91" s0="1" s1="1" s2="1" r0="1" r1="0" r2="0" r3="0" r4="0" r5="1" r6="0" r7="0" r8="0" r9="0" r10="1" r11="0" r12="0" r13="0" r14="0" r15="1" id="54" color_r="1" color_g="1" color_b="1" type_file="Data/Objects/Environment/rocks/DesertRock1a.xml">
        <parameters />
    </EnvObject>
    <EnvObject t0="126.551" t1="0.02005" t2="-137.068" s0="1" s1="1" s2="1" r0="1" r1="0" r2="0" r3="0" r4="0" r5="1" r6="0" r7="0" r8="0" r9="0" r10="1" r11="0" r12="0" r13="0" r14="0" r15="1" id="55" color_r="1" color_g="1" color_b="1" type_file="Data/Objects/Environment/rocks/BlockyStone1.xml">
        <parameters />
    </EnvObject>
    <ActorObject t0="86.4947" t1="-15.2063" t2="-12.0334" s0="1" s1="1" s2="1" r0="1" r1="0" r2="0" r3="0" r4="0" r5="1" r6="0" r7="0" r8="0" r9="0" r10="1" r11="0" r12="0" r13="0" r14="0" r15="1" id="56" type_file="Data/Custom/timbles/therium-2/Objects/IGF_Characters/ghost.xml" is_player="1">
        <parameters>
            <parameter name="Aggression" type="string" val="0.5" />
            <parameter name="Attack Damage" type="string" val="1" />
            <parameter name="Attack Knockback" type="string" val="1" />
            <parameter name="Attack Speed" type="string" val="1" />
            <parameter name="Block Follow-up" type="string" val="0.5" />
            <parameter name="Block Skill" type="string" val="0.5" />
            <parameter name="Character Scale" type="string" val="1" />
            <parameter name="Damage Resistance" type="string" val="1" />
            <parameter name="Ear Size" type="string" val="1" />
            <parameter name="Fat" type="string" val="0.5" />
            <parameter name="Ground Aggression" type="string" val="0.5" />
            <parameter name="Left handed" type="string" val="0" />
            <parameter name="Lives" type="string" val="1" />
            <parameter name="Movement Speed" type="string" val="1" />
            <parameter name="Muscle" type="string" val="0.5" />
            <parameter name="Teams" type="string" val="player, Ghost" />
        </parameters>
        <Connections>
            <Connection id="-1" />
        </Connections>
        <ItemConnections />
        <Palette />
    </ActorObject>
    <ActorObject t0="92.1608" t1="-17.3467" t2="-12.1737" s0="1" s1="1" s2="1" r0="1" r1="0" r2="0" r3="0" r4="0" r5="1" r6="0" r7="0" r8="0" r9="0" r10="1" r11="0" r12="0" r13="0" r14="0" r15="1" id="57" type_file="Data/Objects/IGF_Characters/IGF_RabbitCivActor.xml" is_player="0">
        <parameters>
            <parameter name="Aggression" type="string" val="0.5" />
            <parameter name="Attack Damage" type="string" val="1" />
            <parameter name="Attack Knockback" type="string" val="1" />
            <parameter name="Attack Speed" type="string" val="1" />
            <parameter name="Block Follow-up" type="string" val="0.5" />
            <parameter name="Block Skill" type="string" val="0.5" />
            <parameter name="Character Scale" type="string" val="1" />
            <parameter name="Damage Resistance" type="string" val="1" />
            <parameter name="Ear Size" type="string" val="1" />
            <parameter name="Fat" type="string" val="0.5" />
            <parameter name="Ground Aggression" type="string" val="0.5" />
            <parameter name="Left handed" type="string" val="0" />
            <parameter name="Lives" type="string" val="1" />
            <parameter name="Movement Speed" type="string" val="1" />
            <parameter name="Muscle" type="string" val="0.5" />
            <parameter name="Teams" type="string" val="player, guard" />
        </parameters>
        <Connections>
            <Connection id="58" />
        </Connections>
        <ItemConnections />
        <Palette />
    </ActorObject>
    <PathPointObject t0="92.163" t1="-17.2758" t2="-8.29374" s0="1" s1="1" s2="1" r0="1" r1="0" r2="0" r3="0" r4="0" r5="1" r6="0" r7="0" r8="0" r9="0" r10="1" r11="0" r12="0" r13="0" r14="0" r15="1" id="58" type_file="">
        <parameters>
            <parameter name="Type" type="string" val="Stand" />
            <parameter name="Wait" type="float" val="0" />
        </parameters>
        <Connections>
            <Connection id="59" />
        </Connections>
    </PathPointObject>
    <PathPointObject t0="88.6392" t1="-17.2758" t2="-8.29374" s0="1" s1="1" s2="1" r0="1" r1="0" r2="0" r3="0" r4="0" r5="1" r6="0" r7="0" r8="0" r9="0" r10="1" r11="0" r12="0" r13="0" r14="0" r15="1" id="59" type_file="">
        <parameters>
            <parameter name="Type" type="string" val="Stand there and look pretty" />
            <parameter name="Wait" type="string" val="9999999999999999999999999" />
        </parameters>
        <Connections>
            <Connection id="58" />
        </Connections>
    </PathPointObject>
    <EnvObject t0="84.0019" t1="-12.7969" t2="-21.294" s0="1.50076" s1="1.50076" s2="1.50076" r0="-0.00127596" r1="0.806084" r2="0.5918" r3="0" r4="-0.118842" r5="-0.587729" r6="0.800282" r7="0" r8="0.992912" r9="-0.0693093" r10="0.0965461" r11="0" r12="0" r13="0" r14="0" r15="1" id="60" color_r="1" color_g="1" color_b="1" type_file="Data/Objects/Crete/CreteBlockStandard.xml">
        <parameters />
    </EnvObject>
    <EnvObject t0="79.2581" t1="-14.5227" t2="-21.5239" s0="0.887843" s1="0.887843" s2="0.887843" r0="0.966413" r1="0.121912" r2="-0.226239" r3="0" r4="-0.0535313" r5="0.956506" r6="0.286759" r7="0" r8="0.251359" r9="-0.265017" r10="0.930905" r11="0" r12="0" r13="0" r14="0" r15="1" id="61" color_r="1" color_g="1" color_b="1" type_file="Data/Objects/Crete/hex_crete_rubble.xml">
        <parameters />
    </EnvObject>
    <EnvObject t0="73.7864" t1="-17.5765" t2="-6.05566" s0="0.772952" s1="0.772952" s2="0.772952" r0="0.783687" r1="-0.0443112" r2="-0.619573" r3="0" r4="0.0186843" r5="0.998683" r6="-0.0477912" r7="0" r8="0.620875" r9="0.0258771" r10="0.783483" r11="0" r12="0" r13="0" r14="0" r15="1" id="62" color_r="1" color_g="1" color_b="1" type_file="Data/Objects/Crete/hex_crete_rubble.xml">
        <parameters />
    </EnvObject>
    <EnvObject t0="73.9248" t1="-15.464" t2="-6.10376" s0="0.734026" s1="0.734026" s2="0.734026" r0="0.989096" r1="0.0575943" r2="0.135544" r3="0" r4="-0.0520042" r5="0.997658" r6="-0.0444306" r7="0" r8="-0.137786" r9="0.0368972" r10="0.989775" r11="0" r12="0" r13="0" r14="0" r15="1" id="63" color_r="1" color_g="1" color_b="1" type_file="Data/Objects/Crete/CreteBlockStandard.xml">
        <parameters />
    </EnvObject>
    <EnvObject t0="73.7173" t1="-11.119" t2="-6.41307" s0="0.734026" s1="0.734026" s2="0.734026" r0="0.986165" r1="0.00196195" r2="0.165753" r3="0" r4="0.00965285" r5="0.997553" r6="-0.0692383" r7="0" r8="-0.165483" r9="0.0698804" r10="0.983734" r11="0" r12="0" r13="0" r14="0" r15="1" id="64" color_r="1" color_g="1" color_b="1" type_file="Data/Objects/Crete/CreteBlockStandard.xml">
        <parameters />
    </EnvObject>
    <EnvObject t0="73.6537" t1="-6.9105" t2="-6.91662" s0="0.734026" s1="0.734026" s2="0.734026" r0="0.971779" r1="0.0295225" r2="0.23404" r3="0" r4="0.00844258" r5="0.987149" r6="-0.159577" r7="0" r8="-0.235743" r9="0.15705" r10="0.959041" r11="0" r12="0" r13="0" r14="0" r15="1" id="65" color_r="1" color_g="1" color_b="1" type_file="Data/Objects/Crete/CreteBlockStandard.xml">
        <parameters />
    </EnvObject>
    <EnvObject t0="73.7262" t1="-4.00462" t2="-7.37903" s0="0.717579" s1="0.717579" s2="0.717579" r0="0.974432" r1="0.0266583" r2="0.223094" r3="0" r4="0.00782325" r5="0.988308" r6="-0.152267" r7="0" r8="-0.224545" r9="0.150119" r10="0.962831" r11="0" r12="0" r13="0" r14="0" r15="1" id="66" color_r="1" color_g="1" color_b="1" type_file="Data/Objects/Crete/CreteBlockBase.xml">
        <parameters />
    </EnvObject>
    <EnvObject t0="100.944" t1="-16.7148" t2="11.229" s0="2.10985" s1="2.10985" s2="2.10985" r0="1" r1="0" r2="0" r3="0" r4="0" r5="1" r6="0" r7="0" r8="0" r9="0" r10="1" r11="0" r12="0" r13="0" r14="0" r15="1" id="67" color_r="1" color_g="1" color_b="1" type_file="Data/Objects/Crete/CreteBlockStandard.xml">
        <parameters />
    </EnvObject>
    <EnvObject t0="100.944" t1="-3.75558" t2="11.229" s0="2.10985" s1="1.09802" s2="2.10985" r0="1" r1="0" r2="0" r3="0" r4="0" r5="1" r6="0" r7="0" r8="0" r9="0" r10="1" r11="0" r12="0" r13="0" r14="0" r15="1" id="68" color_r="1" color_g="1" color_b="1" type_file="Data/Objects/Crete/CreteBlockStandard.xml">
        <parameters />
    </EnvObject>
    <EnvObject t0="100.887" t1="-16.9391" t2="6.50889" s0="0.772952" s1="0.772952" s2="0.772952" r0="0.482382" r1="-0.180905" r2="-0.857077" r3="0" r4="-0.0225231" r5="0.975557" r6="-0.218589" r7="0" r8="0.875671" r9="0.124748" r10="0.466517" r11="0" r12="0" r13="0" r14="0" r15="1" id="71" color_r="1" color_g="1" color_b="1" type_file="Data/Objects/Crete/hex_crete_rubble.xml">
        <parameters />
    </EnvObject>
    <Decal t0="100.897" t1="-13.4124" t2="7.15068" s0="5.94956" s1="0.385964" s2="5.94956" r0="1" r1="0" r2="-0" r3="0" r4="-0" r5="5.96046e-008" r6="-1" r7="0" r8="0" r9="1" r10="5.96046e-008" r11="0" r12="0" r13="0" r14="0" r15="1" id="72" type_file="Data/Objects/Decals/signs/glyph_rabbit.xml" i="0" color_r="1" color_g="1" color_b="1">
        <parameters />
    </Decal>
    <EnvObject t0="96.636" t1="-15.4159" t2="11.122" s0="1" s1="1" s2="1" r0="5.96046e-008" r1="0" r2="1" r3="0" r4="-0" r5="1" r6="0" r7="0" r8="-1" r9="-0" r10="5.96046e-008" r11="0" r12="0" r13="0" r14="0" r15="1" id="73" color_r="1" color_g="1" color_b="1" type_file="Data/Objects/Buildings/door1.xml">
        <parameters />
    </EnvObject>
    <EnvObject t0="96.6033" t1="-15.2776" t2="11.1606" s0="0.364696" s1="0.748534" s2="0.500565" r0="1.19209e-007" r1="-0.991307" r2="-0.131569" r3="0" r4="0" r5="-0.131569" r6="0.991307" r7="0" r8="-1" r9="-1.19209e-007" r10="0" r11="0" r12="0" r13="0" r14="0" r15="1" id="74" color_r="1" color_g="1" color_b="1" type_file="Data/Objects/Buildings/Fence1.xml">
        <parameters />
    </EnvObject>
    <EnvObject t0="96.6033" t1="-15.7664" t2="11.1339" s0="0.364696" s1="0.748534" s2="0.500565" r0="0" r1="-1" r2="-0.00086233" r3="0" r4="2.98023e-007" r5="-0.00086236" r6="1" r7="0" r8="-1" r9="-5.96046e-008" r10="2.68221e-007" r11="0" r12="0" r13="0" r14="0" r15="1" id="75" color_r="1" color_g="1" color_b="1" type_file="Data/Objects/Buildings/Fence1.xml">
        <parameters />
    </EnvObject>
    <EnvObject t0="96.6033" t1="-14.8002" t2="11.1166" s0="0.364696" s1="0.748534" s2="0.500565" r0="5.66244e-007" r1="-0.999841" r2="0.0178265" r3="0" r4="7.7486e-007" r5="0.0178265" r6="0.999841" r7="0" r8="-1" r9="-5.36442e-007" r10="8.34465e-007" r11="0" r12="0" r13="0" r14="0" r15="1" id="76" color_r="1" color_g="1" color_b="1" type_file="Data/Objects/Buildings/Fence1.xml">
        <parameters />
    </EnvObject>
    <EnvObject t0="96.634" t1="-15.3184" t2="11.638" s0="1" s1="0.999997" s2="0.684602" r0="0.0705563" r1="0.660332" r2="0.747652" r3="0" r4="-0.0384538" r5="-0.747162" r6="0.663528" r7="0" r8="0.996766" r9="-0.0755662" r10="-0.0273247" r11="0" r12="0" r13="0" r14="0" r15="1" id="77" color_r="1" color_g="1" color_b="1" type_file="Data/Objects/Buildings/LargeNail1.xml">
        <parameters />
    </EnvObject>
    <EnvObject t0="96.6106" t1="-15.7913" t2="11.668" s0="1" s1="0.999997" s2="0.684602" r0="0.0799484" r1="0.967028" r2="0.241795" r3="0" r4="0.0081411" r5="-0.243197" r6="0.969943" r7="0" r8="0.996766" r9="-0.0755769" r10="-0.0273159" r11="0" r12="0" r13="0" r14="0" r15="1" id="78" color_r="1" color_g="1" color_b="1" type_file="Data/Objects/Buildings/LargeNail1.xml">
        <parameters />
    </EnvObject>
    <EnvObject t0="96.6004" t1="-15.7635" t2="10.623" s0="1" s1="0.999997" s2="0.684602" r0="0.0765369" r1="0.996414" r2="0.0360696" r3="0" r4="0.0244978" r5="-0.038044" r6="0.998976" r7="0" r8="0.996766" r9="-0.0755748" r10="-0.0273217" r11="0" r12="0" r13="0" r14="0" r15="1" id="79" color_r="1" color_g="1" color_b="1" type_file="Data/Objects/Buildings/LargeNail1.xml">
        <parameters />
    </EnvObject>
    <EnvObject t0="96.6184" t1="-15.2289" t2="10.6102" s0="1" s1="0.999997" s2="0.684602" r0="0.0733461" r1="0.994484" r2="-0.0749779" r3="0" r4="0.0328372" r5="0.0727316" r6="0.996811" r7="0" r8="0.996766" r9="-0.0755742" r10="-0.0273215" r11="0" r12="0" r13="0" r14="0" r15="1" id="80" color_r="1" color_g="1" color_b="1" type_file="Data/Objects/Buildings/LargeNail1.xml">
        <parameters />
    </EnvObject>
    <EnvObject t0="96.6061" t1="-14.7806" t2="10.5994" s0="1" s1="0.999997" s2="0.684602" r0="0.0654913" r1="0.960955" r2="-0.268842" r3="0" r4="0.0465744" r5="0.266183" r6="0.962797" r7="0" r8="0.996765" r9="-0.0755759" r10="-0.0273232" r11="0" r12="0" r13="0" r14="0" r15="1" id="81" color_r="1" color_g="1" color_b="1" type_file="Data/Objects/Buildings/LargeNail1.xml">
        <parameters />
    </EnvObject>
    <EnvObject t0="96.6346" t1="-14.7781" t2="11.635" s0="1" s1="0.999997" s2="0.684602" r0="0.0765375" r1="0.996414" r2="0.0360694" r3="0" r4="0.0244976" r5="-0.0380438" r6="0.998976" r7="0" r8="0.996766" r9="-0.0755755" r10="-0.0273215" r11="0" r12="0" r13="0" r14="0" r15="1" id="82" color_r="1" color_g="1" color_b="1" type_file="Data/Objects/Buildings/LargeNail1.xml">
        <parameters />
    </EnvObject>
    <Decal t0="100.569" t1="-16.668" t2="16.8071" s0="8.9771" s1="1" s2="2.31985" r0="1" r1="0" r2="0" r3="0" r4="0" r5="1" r6="0" r7="0" r8="0" r9="0" r10="1" r11="0" r12="0" r13="0" r14="0" r15="1" id="83" type_file="Data/Objects/Decals/WhiteRocksAndDirt.xml" i="0" color_r="0.305882" color_g="0.352941" color_b="0.294118">
        <parameters />
    </Decal>
    <EnvObject t0="90.1684" t1="-15.4303" t2="2.95654" s0="1" s1="1" s2="1" r0="0.191035" r1="0.0613405" r2="0.979665" r3="0" r4="-0.0117403" r5="0.998117" r6="-0.0602065" r7="0" r8="-0.981513" r9="0" r10="0.191396" r11="0" r12="0" r13="0" r14="0" r15="1" id="84" color_r="1" color_g="1" color_b="1" type_file="Data/Objects/Buildings/shops/shop_umbrella.xml">
        <parameters />
    </EnvObject>
    <EnvObject t0="90.8687" t1="-15.1326" t2="7.7553" s0="1" s1="1" s2="1" r0="-0.313051" r1="0.0535149" r2="0.948227" r3="0" r4="-0.0117403" r5="0.998117" r6="-0.0602065" r7="0" r8="-0.949664" r9="-0.0299802" r10="-0.311833" r11="0" r12="0" r13="0" r14="0" r15="1" id="85" color_r="1" color_g="1" color_b="1" type_file="Data/Objects/Buildings/shops/shop_umbrella.xml">
        <parameters />
    </EnvObject>
    <EnvObject t0="91.4042" t1="-16.1169" t2="8.94906" s0="1" s1="1" s2="1" r0="-0.82708" r1="0" r2="0.562084" r3="0" r4="0" r5="1" r6="0" r7="0" r8="-0.562084" r9="0" r10="-0.82708" r11="0" r12="0" r13="0" r14="0" r15="1" id="86" color_r="1" color_g="1" color_b="1" type_file="Data/Objects/Buildings/shops/shop_bin_painted.xml">
        <parameters />
    </EnvObject>
    <EnvObject t0="76.2769" t1="-16.0713" t2="7.17318" s0="0.260472" s1="0.260472" s2="0.260472" r0="-0.568693" r1="-2.38831e-007" r2="0.82255" r3="0" r4="-1.83472e-007" r5="1" r6="1.63506e-007" r7="0" r8="-0.82255" r9="-5.79301e-008" r10="-0.568693" r11="0" r12="0" r13="0" r14="0" r15="1" id="87" color_r="1" color_g="1" color_b="1" type_file="Data/Objects/Buildings/terraces/cat_patio_ramp.xml">
        <parameters />
    </EnvObject>
    <EnvObject t0="75.4878" t1="-12.1936" t2="8.57066" s0="1" s1="1" s2="1" r0="0.872906" r1="0" r2="0.487888" r3="0" r4="-0" r5="1" r6="0" r7="0" r8="-0.487888" r9="-0" r10="0.872906" r11="0" r12="0" r13="0" r14="0" r15="1" id="88" color_r="1" color_g="1" color_b="1" type_file="Data/Objects/Buildings/cat_town/hut_small.xml">
        <parameters />
    </EnvObject>
    <EnvObject t0="76.2263" t1="-13.1147" t2="6.42895" s0="1" s1="1" s2="1" r0="-0.90318" r1="0" r2="-0.429261" r3="0" r4="0" r5="1" r6="0" r7="0" r8="0.429261" r9="0" r10="-0.90318" r11="0" r12="0" r13="0" r14="0" r15="1" id="89" color_r="1" color_g="1" color_b="1" type_file="Data/Objects/Buildings/Door1.xml">
        <parameters />
    </EnvObject>
    <EnvObject t0="76.4442" t1="-14.55" t2="5.93572" s0="0.813697" s1="1" s2="1" r0="-0.912445" r1="0" r2="-0.4092" r3="0" r4="0" r5="1" r6="0" r7="0" r8="0.4092" r9="0" r10="-0.912445" r11="0" r12="0" r13="0" r14="0" r15="1" id="90" color_r="1" color_g="1" color_b="1" type_file="Data/Objects/Buildings/stairs1.xml">
        <parameters />
    </EnvObject>
    <EnvObject t0="80.4846" t1="-14.6699" t2="14.3904" s0="1" s1="1" s2="1" r0="1" r1="0" r2="0" r3="0" r4="0" r5="1" r6="0" r7="0" r8="0" r9="0" r10="1" r11="0" r12="0" r13="0" r14="0" r15="1" id="91" color_r="1" color_g="1" color_b="1" type_file="Data/Objects/Environment/LitterLoads/StoneBlockPile.xml">
        <parameters />
    </EnvObject>
    <EnvObject t0="80.9438" t1="-14.8517" t2="14.0946" s0="1" s1="1" s2="1" r0="1" r1="0" r2="0" r3="0" r4="0" r5="1" r6="0" r7="0" r8="0" r9="0" r10="1" r11="0" r12="0" r13="0" r14="0" r15="1" id="92" color_r="1" color_g="1" color_b="1" type_file="Data/Objects/Environment/LitterLoads/StoneBlock.xml">
        <parameters />
    </EnvObject>
    <EnvObject t0="80.7081" t1="-14.8517" t2="13.9086" s0="1" s1="1" s2="1" r0="0.81886" r1="0" r2="-0.573993" r3="0" r4="0" r5="1" r6="0" r7="0" r8="0.573993" r9="0" r10="0.81886" r11="0" r12="0" r13="0" r14="0" r15="1" id="93" color_r="1" color_g="1" color_b="1" type_file="Data/Objects/Environment/LitterLoads/StoneBlock.xml">
        <parameters />
    </EnvObject>
    <EnvObject t0="77.1253" t1="-13.8461" t2="10.5817" s0="1" s1="1" s2="1" r0="0.413898" r1="-3.91529e-008" r2="-0.910323" r3="0" r4="3.91529e-008" r5="1" r6="-2.52082e-008" r7="0" r8="0.910323" r9="-2.52082e-008" r10="0.413898" r11="0" r12="0" r13="0" r14="0" r15="1" id="94" color_r="1" color_g="1" color_b="1" type_file="Data/Objects/testbackpack.xml">
        <parameters />
    </EnvObject>
    <EnvObject t0="77.2857" t1="-13.853" t2="10.2289" s0="1" s1="1" s2="1" r0="0.413898" r1="0" r2="-0.910323" r3="0" r4="0" r5="1" r6="0" r7="0" r8="0.910323" r9="0" r10="0.413898" r11="0" r12="0" r13="0" r14="0" r15="1" id="95" color_r="1" color_g="1" color_b="1" type_file="Data/Objects/testbackpack.xml">
        <parameters />
    </EnvObject>
    <EnvObject t0="77.4703" t1="-14.7595" t2="17.2105" s0="1" s1="1" s2="1" r0="1" r1="0" r2="0" r3="0" r4="0" r5="1" r6="0" r7="0" r8="0" r9="0" r10="1" r11="0" r12="0" r13="0" r14="0" r15="1" id="125" color_r="1" color_g="1" color_b="1" type_file="Data/Objects/Plants/Trees/Test/TestTree4.xml">
        <parameters />
    </EnvObject>
    <EnvObject t0="95.2201" t1="-16.3444" t2="2.1947" s0="1.18652" s1="0.820662" s2="1.18652" r0="1" r1="0" r2="0" r3="0" r4="0" r5="1" r6="0" r7="0" r8="0" r9="0" r10="1" r11="0" r12="0" r13="0" r14="0" r15="1" id="126" color_r="1" color_g="1" color_b="1" type_file="Data/Objects/Plants/Trees/temperate/green_bush.xml">
        <parameters />
    </EnvObject>
    <EnvObject t0="64.2006" t1="-16.5245" t2="0.32927" s0="0.999999" s1="0.999999" s2="0.999999" r0="-0.708291" r1="5.50866e-008" r2="-0.705921" r3="0" r4="5.50866e-008" r5="1" r6="2.27636e-008" r7="0" r8="0.705921" r9="-2.27636e-008" r10="-0.708291" r11="0" r12="0" r13="0" r14="0" r15="1" id="127" color_r="1" color_g="1" color_b="1" type_file="Data/Objects/Plants/Trees/temperate/dead_bough.xml">
        <parameters />
    </EnvObject>
    <EnvObject t0="114.085" t1="-14.8466" t2="14.9548" s0="1" s1="1" s2="1" r0="-0.296467" r1="-9.5979e-008" r2="0.955043" r3="0" r4="-9.5979e-008" r5="1" r6="7.0703e-008" r7="0" r8="-0.955043" r9="-7.0703e-008" r10="-0.296467" r11="0" r12="0" r13="0" r14="0" r15="1" id="128" color_r="1" color_g="1" color_b="1" type_file="Data/Objects/Plants/Trees/temperate/evergreen_stump_rotting.xml">
        <parameters />
    </EnvObject>
    <EnvObject t0="112.607" t1="-16.9717" t2="16.2077" s0="1" s1="1" s2="1" r0="0.0982997" r1="0.143468" r2="0.984761" r3="0" r4="0.995055" r5="-1.75834e-006" r6="-0.0993268" r7="0" r8="-0.0142484" r9="0.989655" r10="-0.142759" r11="0" r12="0" r13="0" r14="0" r15="1" id="129" color_r="1" color_g="1" color_b="1" type_file="Data/Objects/Plants/Trees/temperate/broken_branch_rotting.xml">
        <parameters />
    </EnvObject>
    <EnvObject t0="111.387" t1="-16.9454" t2="8.9053" s0="1" s1="1" s2="1" r0="-0.694924" r1="0.0078243" r2="-0.719041" r3="0" r4="0.0671359" r5="-0.994867" r6="-0.0757099" r7="0" r8="-0.715942" r9="-0.100886" r10="0.690832" r11="0" r12="0" r13="0" r14="0" r15="1" id="130" color_r="1" color_g="1" color_b="1" type_file="Data/Objects/Plants/Trees/temperate/evergreen_roots_rotting.xml">
        <parameters />
    </EnvObject>
    <EnvObject t0="68.8226" t1="-15.5196" t2="-3.19024" s0="1" s1="1" s2="1" r0="1" r1="0" r2="0" r3="0" r4="0" r5="1" r6="0" r7="0" r8="0" r9="0" r10="1" r11="0" r12="0" r13="0" r14="0" r15="1" id="131" color_r="1" color_g="1" color_b="1" type_file="Data/Objects/Plants/Trees/temperate/young_evergreen.xml">
        <parameters />
    </EnvObject>
    <EnvObject t0="70.3784" t1="-14.5939" t2="9.49699" s0="1" s1="1" s2="1" r0="1" r1="0" r2="0" r3="0" r4="0" r5="1" r6="0" r7="0" r8="0" r9="0" r10="1" r11="0" r12="0" r13="0" r14="0" r15="1" id="243" color_r="1" color_g="1" color_b="1" type_file="Data/Custom/twowolves/barrel_rope/Objects/Environments/jims_barrel_rope.xml">
        <parameters />
    </EnvObject>
    <EnvObject t0="72.2608" t1="-13.0398" t2="81.2224" s0="1" s1="1" s2="1" r0="1" r1="0" r2="0" r3="0" r4="0" r5="1" r6="0" r7="0" r8="0" r9="0" r10="1" r11="0" r12="0" r13="0" r14="0" r15="1" id="244" color_r="1" color_g="1" color_b="1" type_file="Data/Custom/twowolves/landmark_pillar/jims_pillar.xml">
        <parameters />
    </EnvObject>
    <EnvObject t0="-13.4921" t1="-6.96465" t2="36.4769" s0="1" s1="1" s2="1" r0="1" r1="0" r2="0" r3="0" r4="0" r5="1" r6="0" r7="0" r8="0" r9="0" r10="1" r11="0" r12="0" r13="0" r14="0" r15="1" id="245" color_r="1" color_g="1" color_b="1" type_file="Data/Custom/twowolves/landmark_pillar/jims_pillar.xml">
        <parameters />
    </EnvObject>
    <EnvObject t0="30.6457" t1="-12.1383" t2="83.5069" s0="1" s1="1" s2="1" r0="1" r1="0" r2="0" r3="0" r4="0" r5="1" r6="0" r7="0" r8="0" r9="0" r10="1" r11="0" r12="0" r13="0" r14="0" r15="1" id="246" color_r="1" color_g="1" color_b="1" type_file="Data/Custom/twowolves/landmark_pillar/jims_pillar.xml">
        <parameters />
    </EnvObject>
    <EnvObject t0="120.259" t1="-14.6345" t2="95.8564" s0="1" s1="1" s2="1" r0="1" r1="0" r2="0" r3="0" r4="0" r5="1" r6="0" r7="0" r8="0" r9="0" r10="1" r11="0" r12="0" r13="0" r14="0" r15="1" id="247" color_r="1" color_g="1" color_b="1" type_file="Data/Custom/twowolves/landmark_pillar/jims_pillar.xml">
        <parameters />
    </EnvObject>
    <EnvObject t0="201.267" t1="-1.43847" t2="-49.2553" s0="1" s1="1" s2="1" r0="1" r1="0" r2="0" r3="0" r4="0" r5="1" r6="0" r7="0" r8="0" r9="0" r10="1" r11="0" r12="0" r13="0" r14="0" r15="1" id="249" color_r="1" color_g="1" color_b="1" type_file="Data/Custom/twowolves/landmark_pillar/jims_pillar.xml">
        <parameters />
    </EnvObject>
    <EnvObject t0="70.5562" t1="0.605618" t2="-65.5495" s0="1" s1="1" s2="1" r0="1" r1="0" r2="0" r3="0" r4="0" r5="1" r6="0" r7="0" r8="0" r9="0" r10="1" r11="0" r12="0" r13="0" r14="0" r15="1" id="250" color_r="1" color_g="1" color_b="1" type_file="Data/Custom/twowolves/landmark_pillar/jims_pillar.xml">
        <parameters />
    </EnvObject>
    <EnvObject t0="36.911" t1="-6.15835" t2="185.463" s0="1" s1="1" s2="1" r0="1" r1="0" r2="0" r3="0" r4="0" r5="1" r6="0" r7="0" r8="0" r9="0" r10="1" r11="0" r12="0" r13="0" r14="0" r15="1" id="251" color_r="1" color_g="1" color_b="1" type_file="Data/Custom/twowolves/landmark_pillar/jims_pillar.xml">
        <parameters />
    </EnvObject>
    <EnvObject t0="184.579" t1="-6.7195" t2="130.351" s0="1" s1="1" s2="1" r0="1" r1="0" r2="0" r3="0" r4="0" r5="1" r6="0" r7="0" r8="0" r9="0" r10="1" r11="0" r12="0" r13="0" r14="0" r15="1" id="252" color_r="1" color_g="1" color_b="1" type_file="Data/Custom/twowolves/landmark_pillar/jims_pillar.xml">
        <parameters />
    </EnvObject>
    <EnvObject t0="85.8736" t1="-7.92462" t2="23.0659" s0="1" s1="1" s2="1" r0="0.988737" r1="0" r2="-0.149665" r3="0" r4="0" r5="1" r6="0" r7="0" r8="0.149665" r9="0" r10="0.988737" r11="0" r12="0" r13="0" r14="0" r15="1" id="253" color_r="1" color_g="1" color_b="1" type_file="Data/Custom/twowolves/jims_ruin_set/jims_arch_01.xml">
        <parameters />
    </EnvObject>
    <Decal t0="86.0566" t1="-17.3305" t2="-5.92594" s0="2.75156" s1="0.108875" s2="5.37981" r0="1" r1="0" r2="0" r3="0" r4="0" r5="1" r6="0" r7="0" r8="0" r9="0" r10="1" r11="0" r12="0" r13="0" r14="0" r15="1" id="254" type_file="Data/Objects/Decals/WhiteRocksAndDirt.xml" i="0" color_r="1" color_g="1" color_b="1">
        <parameters />
    </Decal>
    <Decal t0="85.8365" t1="-17.0788" t2="-1.60708" s0="2.75156" s1="0.612106" s2="5.37981" r0="0.99848" r1="0" r2="0.0551138" r3="0" r4="-0" r5="1" r6="0" r7="0" r8="-0.0551138" r9="-0" r10="0.99848" r11="0" r12="0" r13="0" r14="0" r15="1" id="255" type_file="Data/Objects/Decals/WhiteRocksAndDirt.xml" i="0" color_r="1" color_g="1" color_b="1">
        <parameters />
    </Decal>
    <Decal t0="85.815" t1="-16.9403" t2="2.64349" s0="2.75156" s1="0.889113" s2="5.37981" r0="0.99991" r1="-1.18406e-007" r2="-0.0134368" r3="0" r4="1.20008e-007" r5="1" r6="1.18406e-007" r7="0" r8="0.0134368" r9="-1.20008e-007" r10="0.99991" r11="0" r12="0" r13="0" r14="0" r15="1" id="256" type_file="Data/Objects/Decals/WhiteRocksAndDirt.xml" i="0" color_r="1" color_g="1" color_b="1">
        <parameters />
    </Decal>
    <Decal t0="86.061" t1="-16.912" t2="6.94866" s0="2.75156" s1="0.945894" s2="5.37981" r0="0.986706" r1="-1.09093e-007" r2="-0.162517" r3="0" r4="1.28532e-007" r5="1" r6="1.09093e-007" r7="0" r8="0.162517" r9="-1.28532e-007" r10="0.986706" r11="0" r12="0" r13="0" r14="0" r15="1" id="257" type_file="Data/Objects/Decals/WhiteRocksAndDirt.xml" i="0" color_r="1" color_g="1" color_b="1">
        <parameters />
    </Decal>
    <Decal t0="86.8749" t1="-16.3942" t2="11.8813" s0="2.75156" s1="1" s2="5.37981" r0="0.986706" r1="-1.09093e-007" r2="-0.162517" r3="0" r4="1.28532e-007" r5="1" r6="1.09093e-007" r7="0" r8="0.162517" r9="-1.28532e-007" r10="0.986706" r11="0" r12="0" r13="0" r14="0" r15="1" id="258" type_file="Data/Objects/Decals/WhiteRocksAndDirt.xml" i="0" color_r="1" color_g="1" color_b="1">
        <parameters />
    </Decal>
    <Decal t0="87.0633" t1="-16.3942" t2="16.3769" s0="2.75156" s1="1" s2="5.37981" r0="0.999902" r1="-1.20872e-007" r2="0.0139717" r3="0" r4="1.17541e-007" r5="1" r6="2.39246e-007" r7="0" r8="-0.0139717" r9="-2.3758e-007" r10="0.999902" r11="0" r12="0" r13="0" r14="0" r15="1" id="259" type_file="Data/Objects/Decals/WhiteRocksAndDirt.xml" i="0" color_r="1" color_g="1" color_b="1">
        <parameters />
    </Decal>
    <Decal t0="87.0759" t1="-16.3942" t2="21.7974" s0="4.64631" s1="0.999999" s2="8.12776" r0="0.999902" r1="-1.20872e-007" r2="0.0139717" r3="0" r4="1.17541e-007" r5="1" r6="2.39246e-007" r7="0" r8="-0.0139717" r9="-2.3758e-007" r10="0.999902" r11="0" r12="0" r13="0" r14="0" r15="1" id="260" type_file="Data/Objects/Decals/WhiteRocksAndDirt.xml" i="0" color_r="0.74902" color_g="0.74902" color_b="0.74902">
        <parameters />
    </Decal>
    <Decal t0="86.9952" t1="-16.3942" t2="29.8447" s0="7.04879" s1="0.999998" s2="10.7289" r0="0.999902" r1="-1.20872e-007" r2="0.0139717" r3="0" r4="1.17541e-007" r5="1" r6="2.39246e-007" r7="0" r8="-0.0139717" r9="-2.3758e-007" r10="0.999902" r11="0" r12="0" r13="0" r14="0" r15="1" id="261" type_file="Data/Objects/Decals/WhiteRocksAndDirt.xml" i="0" color_r="0.482353" color_g="0.541176" color_b="0.482353">
        <parameters />
    </Decal>
    <Hotspot t0="97.6923" t1="-15.4571" t2="11.1099" s0="0.910927" s1="0.596293" s2="0.276271" r0="1" r1="0" r2="0" r3="0" r4="0" r5="1" r6="0" r7="0" r8="0" r9="0" r10="1" r11="0" r12="0" r13="0" r14="0" r15="1" id="262" type_file="Data/Objects/Hotspots/displaytext.xml">
        <parameters>
            <parameter name="Display Text" type="string" val="The door is boarded up absolutely shut." />
        </parameters>
    </Hotspot>
    <EnvObject t0="96.171" t1="-18.1173" t2="-8.96026" s0="1" s1="1" s2="1" r0="0.167053" r1="-0.772852" r2="0.612203" r3="0" r4="-0.0354159" r5="0.615824" r6="0.787087" r7="0" r8="-0.985312" r9="-0.153167" r10="0.0755039" r11="0" r12="0" r13="0" r14="0" r15="1" id="263" color_r="1" color_g="1" color_b="1" type_file="Data/Objects/Environment/rocks/BlockyStone1.xml">
        <parameters />
    </EnvObject>
    <EnvObject t0="78.7819" t1="-17.1888" t2="-11.1029" s0="1" s1="1" s2="1" r0="-0.658326" r1="5.4275e-008" r2="-0.752733" r3="0" r4="5.4275e-008" r5="1" r6="2.4636e-008" r7="0" r8="0.752733" r9="-2.4636e-008" r10="-0.658326" r11="0" r12="0" r13="0" r14="0" r15="1" id="264" color_r="1" color_g="1" color_b="1" type_file="Data/Objects/rocks/RoundStone1.xml">
        <parameters />
    </EnvObject>
    <EnvObject t0="103.725" t1="-16.2237" t2="-1.95171" s0="0.728478" s1="0.728478" s2="0.728478" r0="-0.725425" r1="-5.53622e-008" r2="0.688301" r3="0" r4="-5.53622e-008" r5="1" r6="2.20849e-008" r7="0" r8="-0.688301" r9="-2.20849e-008" r10="-0.725425" r11="0" r12="0" r13="0" r14="0" r15="1" id="265" color_r="1" color_g="1" color_b="1" type_file="Data/Objects/Environment/rocks/BlockyStone1.xml">
        <parameters />
    </EnvObject>
    <EnvObject t0="101.729" t1="-18.5481" t2="-4.17008" s0="0.52437" s1="0.52437" s2="0.52437" r0="-0.383283" r1="-0.613949" r2="0.690044" r3="0" r4="-0.249886" r5="0.788166" r6="0.562452" r7="0" r8="-0.889186" r9="0.043146" r10="-0.455507" r11="0" r12="0" r13="0" r14="0" r15="1" id="266" color_r="1" color_g="1" color_b="1" type_file="Data/Objects/Environment/rocks/BlockyStone1.xml">
        <parameters />
    </EnvObject>
    <Hotspot t0="85.6792" t1="-16.1671" t2="1.38539" s0="1.3822" s1="0.896759" s2="0.746158" r0="1" r1="0" r2="0" r3="0" r4="0" r5="1" r6="0" r7="0" r8="0" r9="0" r10="1" r11="0" r12="0" r13="0" r14="0" r15="1" id="366" type_file="Data/Objects/Hotspots/displaytext.xml">
        <parameters>
            <parameter name="Display Text" type="string" val="Whenever you see the red symbol in front of you in a level, please go into the editor and calculate the Nav Mesh." />
        </parameters>
    </Hotspot>
    <EnvObject t0="103.855" t1="-14.9101" t2="28.458" s0="1" s1="1" s2="1" r0="0.066763" r1="0" r2="0.997769" r3="0" r4="-0" r5="1" r6="0" r7="0" r8="-0.997769" r9="-0" r10="0.066763" r11="0" r12="0" r13="0" r14="0" r15="1" id="367" color_r="1" color_g="1" color_b="1" type_file="Data/Objects/Buildings/rabbit_village/rabbit_hut_walls.xml">
        <parameters />
    </EnvObject>
