<?xml version="2.0" ?>
<Type>saved</Type>
<Name></Name>
<Description></Description>
<Shader>post</Shader>
<Terrain>
    <Heightmap>Data/Textures/Terrain/scrubby_hills/scrubby_hills_hm.png</Heightmap>
    <DetailMap></DetailMap>
    <ColorMap>Data/Textures/Terrain/scrubby_hills/scrubby_hills_c.tga</ColorMap>
    <WeightMap>Data/Textures/Terrain/scrubby_hills/scrubby_hills_w.tga</WeightMap>
    <DetailMaps>
        <DetailMap colorpath="Data/Textures/Terrain/DetailTextures/grass.tga" normalpath="Data/Textures/Terrain/DetailTextures/grass_normal.png" materialpath="Data/Materials/grass.xml" />
        <DetailMap colorpath="Data/Textures/Terrain/DetailTextures/grass_stones_c.tga" normalpath="Data/Textures/Terrain/DetailTextures/grass_stones_n.tga" materialpath="Data/Materials/gravel.xml" />
        <DetailMap colorpath="Data/Textures/Terrain/DetailTextures/rubble_rocks_c.tga" normalpath="Data/Textures/Terrain/DetailTextures/rubble_rocks_n.tga" materialpath="Data/Materials/rocks.xml" />
        <DetailMap colorpath="Data/Textures/Terrain/DetailTextures/gray_rock.tga" normalpath="Data/Textures/Terrain/DetailTextures/gray_rock_normal.tga" materialpath="Data/Materials/rock.xml" />
    </DetailMaps>
    <DetailObjects>
        <DetailObject obj_path="Data/Objects/Plants/Groundcover/Grass/WildGrass.xml" weight_path="Data/Textures/Terrain/scrubby_hills/scrubby_hills_grass.png" normal_conform="0.5" density="7" min_embed="0" max_embed="0.4" min_scale="0.7" max_scale="2" view_distance="30" jitter_degrees="10" overbright="0" />
        <DetailObject obj_path="Data/Objects/Plants/Groundcover/Groundcover1.xml" weight_path="Data/Textures/Terrain/scrubby_hills/scrubby_hills_groundcover.png" normal_conform="0.8" density="3" min_embed="0" max_embed="0" min_scale="0.5" max_scale="1.5" view_distance="40" jitter_degrees="10" overbright="0.2" />
        <DetailObject obj_path="Data/Objects/Environment/Rocks/lichen_rock_c.xml" weight_path="Data/Textures/Terrain/scrubby_hills/scrubby_hills_rocks.png" normal_conform="0.9" density="0.6" min_embed="0.4" max_embed="0.6" min_scale="0.2" max_scale="0.8" view_distance="30" jitter_degrees="30" overbright="0.3" collision_type="static" />
    </DetailObjects>
</Terrain>
<OutOfDate Shadow="true" AO="true" NavMesh="true" />
<SpawnPoints>
    <SpawnPoint t0="0" t1="0" t2="0" s0="1" s1="1" s2="1" r0="1" r1="0" r2="0" r3="0" r4="0" r5="1" r6="0" r7="0" r8="0" r9="0" r10="1" r11="0" r12="0" r13="0" r14="0" r15="1" />
</SpawnPoints>
<AmbientSounds>
    <Ambient path="Data/Sounds/ambient/amb_grassfield_loop" />
</AmbientSounds>
<Objectives>destroy_all</Objectives>
<Achievements>flawless, no_injuries, no_kills</Achievements>
<Script></Script>
<Sky>
    <DomeTexture>Data/Textures/skies/deep_blue.tga</DomeTexture>
    <SunAngularRad>0.290701</SunAngularRad>
    <SunColorAngle>325.411</SunColorAngle>
    <RayToSun r0="-0.677266" r1="0.231329" r2="0.698425" />
    <ExtraAO>0.4</ExtraAO>
</Sky>
<ActorObjects>
    <Group t0="-109.231" t1="148.99" t2="-78.953" s0="0.473968" s1="0.473968" s2="0.473968" r0="1" r1="0" r2="0" r3="0" r4="0" r5="1" r6="0" r7="0" r8="0" r9="0" r10="1" r11="0" r12="0" r13="0" r14="0" r15="1" id="8" d0="16.2673" d1="73.2031" d2="16.2673" uses_imposter="0">
        <parameters />
        <EnvObject t0="-109.231" t1="160.556" t2="-78.953" s0="1.92755" s1="1.92755" s2="1.92755" r0="-1.19209e-007" r1="0" r2="-1" r3="0" r4="0" r5="1" r6="0" r7="0" r8="1" r9="0" r10="-1.19209e-007" r11="0" r12="0" r13="0" r14="0" r15="1" id="20" color_r="0.692941" color_g="1.03333" color_b="2.77176" type_file="Data/Objects/Crete/CreteBlockStandard.xml">
            <parameters />
        </EnvObject>
        <EnvObject t0="-109.231" t1="137.425" t2="-78.953" s0="1.92755" s1="1.92755" s2="1.92755" r0="-1.19209e-007" r1="0" r2="1" r3="0" r4="-0" r5="1" r6="0" r7="0" r8="-1" r9="-0" r10="-1.19209e-007" r11="0" r12="0" r13="0" r14="0" r15="1" id="43" color_r="0.692941" color_g="1.03333" color_b="2.77176" type_file="Data/Objects/Crete/CreteBlockStandard.xml">
            <parameters />
        </EnvObject>
        <EnvObject t0="-109.231" t1="148.99" t2="-78.953" s0="1.92755" s1="1.92755" s2="1.92755" r0="-1.19209e-007" r1="0" r2="1" r3="0" r4="-0" r5="1" r6="0" r7="0" r8="-1" r9="-0" r10="-1.19209e-007" r11="0" r12="0" r13="0" r14="0" r15="1" id="32" color_r="0.692941" color_g="1.03333" color_b="2.77176" type_file="Data/Objects/Crete/CreteBlockStandard.xml">
            <parameters />
        </EnvObject>
        <EnvObject t0="-109.231" t1="137.425" t2="-78.953" s0="1.92755" s1="1.92755" s2="1.92755" r0="-1.19209e-007" r1="0" r2="1" r3="0" r4="-0" r5="1" r6="0" r7="0" r8="-1" r9="-0" r10="-1.19209e-007" r11="0" r12="0" r13="0" r14="0" r15="1" id="33" color_r="0.692941" color_g="1.03333" color_b="2.77176" type_file="Data/Objects/Crete/CreteBlockStandard.xml">
            <parameters />
        </EnvObject>
        <EnvObject t0="-109.231" t1="148.99" t2="-78.953" s0="1.92755" s1="1.92755" s2="1.92755" r0="-1.19209e-007" r1="0" r2="1" r3="0" r4="-0" r5="1" r6="0" r7="0" r8="-1" r9="-0" r10="-1.19209e-007" r11="0" r12="0" r13="0" r14="0" r15="1" id="34" color_r="0.692941" color_g="1.03333" color_b="2.77176" type_file="Data/Objects/Crete/CreteBlockStandard.xml">
            <parameters />
        </EnvObject>
    </Group>
    <Group t0="-174.117" t1="158.713" t2="-151.874" s0="1" s1="1" s2="1" r0="-1.19209e-007" r1="0" r2="1" r3="0" r4="-0" r5="1" r6="0" r7="0" r8="-1" r9="-0" r10="-1.19209e-007" r11="0" r12="0" r13="0" r14="0" r15="1" id="3" d0="16.2673" d1="97.6041" d2="16.2673" uses_imposter="0">
        <parameters />
        <EnvObject t0="-174.117" t1="170.914" t2="-151.874" s0="4.06684" s1="4.06684" s2="4.06684" r0="-1" r1="0" r2="0" r3="0" r4="0" r5="1" r6="0" r7="0" r8="0" r9="0" r10="-1" r11="0" r12="0" r13="0" r14="0" r15="1" id="95" color_r="0.692941" color_g="1.03333" color_b="2.77176" type_file="Data/Objects/Crete/CreteBlockStandard.xml">
            <parameters />
        </EnvObject>
        <EnvObject t0="-174.117" t1="122.112" t2="-151.874" s0="4.06684" s1="4.06684" s2="4.06684" r0="-1.19209e-007" r1="0" r2="1" r3="0" r4="-0" r5="1" r6="0" r7="0" r8="-1" r9="-0" r10="-1.19209e-007" r11="0" r12="0" r13="0" r14="0" r15="1" id="96" color_r="0.692941" color_g="1.03333" color_b="2.77176" type_file="Data/Objects/Crete/CreteBlockStandard.xml">
            <parameters />
        </EnvObject>
        <EnvObject t0="-174.117" t1="195.315" t2="-151.874" s0="4.06684" s1="4.06684" s2="4.06684" r0="-1" r1="0" r2="0" r3="0" r4="0" r5="1" r6="0" r7="0" r8="0" r9="0" r10="-1" r11="0" r12="0" r13="0" r14="0" r15="1" id="111" color_r="0.692941" color_g="1.03333" color_b="2.77176" type_file="Data/Objects/Crete/CreteBlockStandard.xml">
            <parameters />
        </EnvObject>
        <EnvObject t0="-174.117" t1="146.513" t2="-151.874" s0="4.06684" s1="4.06684" s2="4.06684" r0="-1.19209e-007" r1="0" r2="1" r3="0" r4="-0" r5="1" r6="0" r7="0" r8="-1" r9="-0" r10="-1.19209e-007" r11="0" r12="0" r13="0" r14="0" r15="1" id="129" color_r="0.692941" color_g="1.03333" color_b="2.77176" type_file="Data/Objects/Crete/CreteBlockStandard.xml">
            <parameters />
        </EnvObject>
    </Group>
    <Group t0="-180.541" t1="144.503" t2="-157.749" s0="1" s1="1" s2="1" r0="1" r1="0" r2="0" r3="0" r4="0" r5="1" r6="0" r7="0" r8="0" r9="0" r10="1" r11="0" r12="0" r13="0" r14="0" r15="1" id="5" d0="16.2673" d1="97.6041" d2="16.2673" uses_imposter="0">
        <parameters />
        <EnvObject t0="-180.541" t1="156.704" t2="-157.749" s0="4.06684" s1="4.06684" s2="4.06684" r0="-1.19209e-007" r1="0" r2="1" r3="0" r4="-0" r5="1" r6="0" r7="0" r8="-1" r9="-0" r10="-1.19209e-007" r11="0" r12="0" r13="0" r14="0" r15="1" id="119" color_r="0.692941" color_g="1.03333" color_b="2.77176" type_file="Data/Objects/Crete/CreteBlockStandard.xml">
            <parameters />
        </EnvObject>
        <EnvObject t0="-180.541" t1="107.902" t2="-157.749" s0="4.06684" s1="4.06684" s2="4.06684" r0="1" r1="0" r2="0" r3="0" r4="0" r5="1" r6="0" r7="0" r8="0" r9="0" r10="1" r11="0" r12="0" r13="0" r14="0" r15="1" id="131" color_r="0.692941" color_g="1.03333" color_b="2.77176" type_file="Data/Objects/Crete/CreteBlockStandard.xml">
            <parameters />
        </EnvObject>
        <EnvObject t0="-180.541" t1="181.105" t2="-157.749" s0="4.06684" s1="4.06684" s2="4.06684" r0="-1.19209e-007" r1="0" r2="1" r3="0" r4="-0" r5="1" r6="0" r7="0" r8="-1" r9="-0" r10="-1.19209e-007" r11="0" r12="0" r13="0" r14="0" r15="1" id="151" color_r="0.692941" color_g="1.03333" color_b="2.77176" type_file="Data/Objects/Crete/CreteBlockStandard.xml">
            <parameters />
        </EnvObject>
        <EnvObject t0="-180.541" t1="132.303" t2="-157.749" s0="4.06684" s1="4.06684" s2="4.06684" r0="1" r1="0" r2="0" r3="0" r4="0" r5="1" r6="0" r7="0" r8="0" r9="0" r10="1" r11="0" r12="0" r13="0" r14="0" r15="1" id="152" color_r="0.692941" color_g="1.03333" color_b="2.77176" type_file="Data/Objects/Crete/CreteBlockStandard.xml">
            <parameters />
        </EnvObject>
    </Group>
    <Group t0="-174.117" t1="61.109" t2="-151.874" s0="1" s1="1" s2="1" r0="1" r1="0" r2="0" r3="0" r4="0" r5="1" r6="0" r7="0" r8="0" r9="0" r10="1" r11="0" r12="0" r13="0" r14="0" r15="1" id="6" d0="16.2673" d1="97.6041" d2="16.2673" uses_imposter="0">
        <parameters />
        <EnvObject t0="-174.117" t1="73.3095" t2="-151.874" s0="4.06684" s1="4.06684" s2="4.06684" r0="-1.19209e-007" r1="0" r2="1" r3="0" r4="-0" r5="1" r6="0" r7="0" r8="-1" r9="-0" r10="-1.19209e-007" r11="0" r12="0" r13="0" r14="0" r15="1" id="159" color_r="0.692941" color_g="1.03333" color_b="2.77176" type_file="Data/Objects/Crete/CreteBlockStandard.xml">
            <parameters />
        </EnvObject>
        <EnvObject t0="-174.117" t1="24.5075" t2="-151.874" s0="4.06684" s1="4.06684" s2="4.06684" r0="1" r1="0" r2="0" r3="0" r4="0" r5="1" r6="0" r7="0" r8="0" r9="0" r10="1" r11="0" r12="0" r13="0" r14="0" r15="1" id="160" color_r="0.692941" color_g="1.03333" color_b="2.77176" type_file="Data/Objects/Crete/CreteBlockStandard.xml">
            <parameters />
        </EnvObject>
        <EnvObject t0="-174.117" t1="97.7106" t2="-151.874" s0="4.06684" s1="4.06684" s2="4.06684" r0="-1.19209e-007" r1="0" r2="1" r3="0" r4="-0" r5="1" r6="0" r7="0" r8="-1" r9="-0" r10="-1.19209e-007" r11="0" r12="0" r13="0" r14="0" r15="1" id="161" color_r="0.692941" color_g="1.03333" color_b="2.77176" type_file="Data/Objects/Crete/CreteBlockStandard.xml">
            <parameters />
        </EnvObject>
        <EnvObject t0="-174.117" t1="48.9085" t2="-151.874" s0="4.06684" s1="4.06684" s2="4.06684" r0="1" r1="0" r2="0" r3="0" r4="0" r5="1" r6="0" r7="0" r8="0" r9="0" r10="1" r11="0" r12="0" r13="0" r14="0" r15="1" id="162" color_r="0.692941" color_g="1.03333" color_b="2.77176" type_file="Data/Objects/Crete/CreteBlockStandard.xml">
            <parameters />
        </EnvObject>
    </Group>
    <Group t0="-44.1385" t1="79.5859" t2="-47.2234" s0="1" s1="1" s2="1" r0="1" r1="0" r2="0" r3="0" r4="0" r5="1" r6="0" r7="0" r8="0" r9="0" r10="1" r11="0" r12="0" r13="0" r14="0" r15="1" id="12" d0="16.2673" d1="146.406" d2="16.2673" uses_imposter="0">
        <parameters />
        <EnvObject t0="-44.1385" t1="140.588" t2="-47.2234" s0="4.06684" s1="4.06684" s2="4.06684" r0="-1" r1="0" r2="0" r3="0" r4="0" r5="1" r6="0" r7="0" r8="0" r9="0" r10="-1" r11="0" r12="0" r13="0" r14="0" r15="1" id="29" color_r="0.692941" color_g="1.03333" color_b="2.77176" type_file="Data/Objects/Crete/CreteBlockStandard.xml">
            <parameters />
        </EnvObject>
        <EnvObject t0="-44.1385" t1="116.187" t2="-47.2234" s0="4.06684" s1="4.06684" s2="4.06684" r0="-1" r1="0" r2="0" r3="0" r4="0" r5="1" r6="0" r7="0" r8="0" r9="0" r10="-1" r11="0" r12="0" r13="0" r14="0" r15="1" id="65" color_r="0.692941" color_g="1.03333" color_b="2.77176" type_file="Data/Objects/Crete/CreteBlockStandard.xml">
            <parameters />
        </EnvObject>
        <EnvObject t0="-44.1385" t1="67.3853" t2="-47.2234" s0="4.06684" s1="4.06684" s2="4.06684" r0="-1.19209e-007" r1="0" r2="1" r3="0" r4="-0" r5="1" r6="0" r7="0" r8="-1" r9="-0" r10="-1.19209e-007" r11="0" r12="0" r13="0" r14="0" r15="1" id="172" color_r="0.692941" color_g="1.03333" color_b="2.77176" type_file="Data/Objects/Crete/CreteBlockStandard.xml">
            <parameters />
        </EnvObject>
        <EnvObject t0="-44.1385" t1="18.5833" t2="-47.2234" s0="4.06684" s1="4.06684" s2="4.06684" r0="1" r1="0" r2="0" r3="0" r4="0" r5="1" r6="0" r7="0" r8="0" r9="0" r10="1" r11="0" r12="0" r13="0" r14="0" r15="1" id="173" color_r="0.692941" color_g="1.03333" color_b="2.77176" type_file="Data/Objects/Crete/CreteBlockStandard.xml">
            <parameters />
        </EnvObject>
        <EnvObject t0="-44.1385" t1="91.7864" t2="-47.2234" s0="4.06684" s1="4.06684" s2="4.06684" r0="-1.19209e-007" r1="0" r2="1" r3="0" r4="-0" r5="1" r6="0" r7="0" r8="-1" r9="-0" r10="-1.19209e-007" r11="0" r12="0" r13="0" r14="0" r15="1" id="174" color_r="0.692941" color_g="1.03333" color_b="2.77176" type_file="Data/Objects/Crete/CreteBlockStandard.xml">
            <parameters />
        </EnvObject>
        <EnvObject t0="-44.1385" t1="42.9843" t2="-47.2234" s0="4.06684" s1="4.06684" s2="4.06684" r0="1" r1="0" r2="0" r3="0" r4="0" r5="1" r6="0" r7="0" r8="0" r9="0" r10="1" r11="0" r12="0" r13="0" r14="0" r15="1" id="175" color_r="0.692941" color_g="1.03333" color_b="2.77176" type_file="Data/Objects/Crete/CreteBlockStandard.xml">
            <parameters />
        </EnvObject>
    </Group>
    <Group t0="-48.7363" t1="-3.19284" t2="-156.205" s0="2.07946" s1="2.07946" s2="2.07946" r0="0.702566" r1="0.085491" r2="0.706464" r3="0" r4="-0.28506" r5="0.943436" r6="0.169319" r7="0" r8="-0.652029" r9="-0.320342" r10="0.687196" r11="0" r12="0" r13="0" r14="0" r15="1" id="0" d0="7.72665" d1="23.8344" d2="7.65194" uses_imposter="0">
        <parameters />
        <EnvObject t0="-45.2237" t1="-14.5791" t2="-158.318" s0="3.93193" s1="4.22894" s2="4.02632" r0="0.652029" r1="0.320341" r2="-0.687197" r3="0" r4="0.285059" r5="-0.943436" r6="-0.169319" r7="0" r8="-0.702567" r9="-0.0854909" r10="-0.706464" r11="0" r12="0" r13="0" r14="0" r15="1" id="137" color_r="0.692941" color_g="1.03333" color_b="2.77176" type_file="Data/Objects/Crete/CreteBlockBroken.xml">
            <parameters />
        </EnvObject>
        <EnvObject t0="-52.3578" t1="8.6954" t2="-154.042" s0="4.01808" s1="4.05781" s2="3.97725" r0="-0.702566" r1="-0.085491" r2="-0.706464" r3="0" r4="-0.28506" r5="0.943436" r6="0.169319" r7="0" r8="0.652029" r9="0.320342" r10="-0.687196" r11="0" r12="0" r13="0" r14="0" r15="1" id="138" color_r="0.692941" color_g="1.03333" color_b="2.77176" type_file="Data/Objects/Crete/CreteBlockBroken.xml">
            <parameters />
        </EnvObject>
    </Group>
    <Group t0="-180.289" t1="-12.515" t2="-96.9151" s0="2.07946" s1="2.07946" s2="2.07946" r0="0.758183" r1="-0.270497" r2="0.593288" r3="0" r4="-0.649736" r5="-0.389877" r6="0.652564" r7="0" r8="0.0547926" r9="-0.880243" r10="-0.47135" r11="0" r12="0" r13="0" r14="0" r15="1" id="2" d0="7.72665" d1="23.8344" d2="7.65194" uses_imposter="0">
        <parameters />
        <EnvObject t0="-172.43" t1="-7.71421" t2="-104.766" s0="3.93193" s1="4.22894" s2="4.02632" r0="-0.054792" r1="0.880243" r2="0.47135" r3="0" r4="0.649736" r5="0.389876" r6="-0.652564" r7="0" r8="-0.758183" r9="0.270497" r10="-0.593288" r11="0" r12="0" r13="0" r14="0" r15="1" id="125" color_r="0.692941" color_g="1.03333" color_b="2.77176" type_file="Data/Objects/Crete/CreteBlockBroken.xml">
            <parameters />
        </EnvObject>
        <EnvObject t0="-188.482" t1="-17.4675" t2="-88.702" s0="4.01808" s1="4.05781" s2="3.97725" r0="-0.758183" r1="0.270497" r2="-0.593288" r3="0" r4="-0.649736" r5="-0.389877" r6="0.652564" r7="0" r8="-0.0547926" r9="0.880243" r10="0.47135" r11="0" r12="0" r13="0" r14="0" r15="1" id="192" color_r="0.692941" color_g="1.03333" color_b="2.77176" type_file="Data/Objects/Crete/CreteBlockBroken.xml">
            <parameters />
        </EnvObject>
    </Group>
    <Group t0="-115.817" t1="2.80993" t2="-213.661" s0="1" s1="1" s2="1" r0="-0.733452" r1="0.164274" r2="0.659592" r3="0" r4="0.278243" r5="0.957895" r6="0.0708322" r7="0" r8="-0.620184" r9="0.235479" r10="-0.748279" r11="0" r12="0" r13="0" r14="0" r15="1" id="18" d0="10.7186" d1="12.2027" d2="10.6738" uses_imposter="0">
        <parameters />
        <EnvObject t0="-115.934" t1="2.85435" t2="-213.802" s0="1.61322" s1="2.3849" s2="1.67573" r0="-0.900873" r1="0.311601" r2="-0.302214" r3="0" r4="0.237826" r5="0.936723" r6="0.256881" r7="0" r8="0.363135" r9="0.159543" r10="-0.917975" r11="0" r12="0" r13="0" r14="0" r15="1" id="423" color_r="0.368627" color_g="0.266667" color_b="0.14902" type_file="Data/Objects/Plants/Trees/temperate/winter_bush.xml">
            <parameters />
        </EnvObject>
        <EnvObject t0="-114.405" t1="1.29433" t2="-213.073" s0="1.21998" s1="1.80356" s2="1.26725" r0="-0.834533" r1="0.0617413" r2="0.547488" r3="0" r4="0.283105" r5="0.900536" r6="0.32998" r7="0" r8="-0.472659" r9="0.430375" r10="-0.769006" r11="0" r12="0" r13="0" r14="0" r15="1" id="424" color_r="0.368627" color_g="0.266667" color_b="0.14902" type_file="Data/Objects/Plants/Trees/temperate/winter_bush.xml">
            <parameters />
        </EnvObject>
        <EnvObject t0="-119.033" t1="2.26644" t2="-213.348" s0="1.02975" s1="1.02975" s2="1.02975" r0="0.0317558" r1="-0.924944" r2="-0.378774" r3="0" r4="-0.475409" r5="0.319373" r6="-0.819748" r7="0" r8="0.879192" r9="0.206104" r10="-0.429585" r11="0" r12="0" r13="0" r14="0" r15="1" id="425" color_r="0.372549" color_g="0.329412" color_b="0.235294" type_file="Data/Objects/Plants/Trees/temperate/bleached_bough.xml">
            <parameters />
        </EnvObject>
        <EnvObject t0="-114.573" t1="2.14124" t2="-215.344" s0="1.44975" s1="1.44975" s2="1.44975" r0="-0.562545" r1="-0.791984" r2="0.237288" r3="0" r4="-0.152234" r5="0.381324" r6="0.911821" r7="0" r8="-0.812631" r9="0.476816" r10="-0.335079" r11="0" r12="0" r13="0" r14="0" r15="1" id="426" color_r="0.372549" color_g="0.329412" color_b="0.235294" type_file="Data/Objects/Plants/Trees/temperate/bleached_bough.xml">
            <parameters />
        </EnvObject>
    </Group>
    <Group t0="-121.921" t1="3.42392" t2="-222.914" s0="1" s1="1" s2="1" r0="0.960307" r1="-0.278944" r2="-1.1269e-007" r3="0" r4="0.278243" r5="0.957895" r6="0.0708323" r7="0" r8="-0.0197581" r9="-0.0680208" r10="0.997488" r11="0" r12="0" r13="0" r14="0" r15="1" id="19" d0="10.7186" d1="12.2027" d2="10.6738" uses_imposter="0">
        <parameters />
        <EnvObject t0="-121.924" t1="3.41108" t2="-222.725" s0="1.61322" s1="2.3849" s2="1.67573" r0="0.482644" r1="-0.176062" r2="0.857938" r3="0" r4="0.418464" r5="0.906894" r6="-0.0493032" r7="0" r8="-0.769378" r9="0.382812" r10="0.511382" r11="0" r12="0" r13="0" r14="0" r15="1" id="427" color_r="0.368627" color_g="0.266667" color_b="0.14902" type_file="Data/Objects/Plants/Trees/temperate/winter_bush.xml">
            <parameters />
        </EnvObject>
        <EnvObject t0="-123.032" t1="2.81346" t2="-224.654" s0="1.21998" s1="1.80356" s2="1.26725" r0="0.904537" r1="-0.411255" r2="0.112611" r3="0" r4="0.424271" r5="0.8944" r6="-0.141571" r7="0" r8="-0.0424974" r9="0.175833" r10="0.983502" r11="0" r12="0" r13="0" r14="0" r15="1" id="428" color_r="0.368627" color_g="0.266667" color_b="0.14902" type_file="Data/Objects/Plants/Trees/temperate/winter_bush.xml">
            <parameters />
        </EnvObject>
        <EnvObject t0="-119.962" t1="1.28753" t2="-221.384" s0="1.02975" s1="1.02975" s2="1.02975" r0="-0.660637" r1="-0.750484" r2="-0.0182174" r3="0" r4="-0.121276" r5="0.082746" r6="0.989164" r7="0" r8="-0.740844" r9="0.655688" r10="-0.145681" r11="0" r12="0" r13="0" r14="0" r15="1" id="429" color_r="0.372549" color_g="0.329412" color_b="0.235294" type_file="Data/Objects/Plants/Trees/temperate/bleached_bough.xml">
            <parameters />
        </EnvObject>
        <EnvObject t0="-124.09" t1="3.60025" t2="-222.614" s0="1.44975" s1="1.44975" s2="1.44975" r0="0.171925" r1="-0.981956" r2="-0.0787658" r3="0" r4="0.862597" r5="0.188678" r6="-0.46939" r7="0" r8="0.475782" r9="0.0127566" r10="0.879471" r11="0" r12="0" r13="0" r14="0" r15="1" id="430" color_r="0.372549" color_g="0.329412" color_b="0.235294" type_file="Data/Objects/Plants/Trees/temperate/bleached_bough.xml">
            <parameters />
        </EnvObject>
    </Group>
    <Group t0="-106.144" t1="-0.233552" t2="-210.186" s0="1" s1="1" s2="1" r0="0.397197" r1="-0.181892" r2="0.899527" r3="0" r4="0.278243" r5="0.957895" r6="0.0708322" r7="0" r8="-0.874537" r9="0.222153" r10="0.431084" r11="0" r12="0" r13="0" r14="0" r15="1" id="20" d0="10.7186" d1="12.2027" d2="10.6738" uses_imposter="0">
        <parameters />
        <EnvObject t0="-106.31" t1="-0.191618" t2="-210.105" s0="1.61322" s1="2.3849" s2="1.67573" r0="-0.539596" r1="0.12272" r2="0.832932" r3="0" r4="0.436462" r5="0.886773" r6="0.152099" r7="0" r8="-0.719956" r9="0.445615" r10="-0.532062" r11="0" r12="0" r13="0" r14="0" r15="1" id="431" color_r="0.368627" color_g="0.266667" color_b="0.14902" type_file="Data/Objects/Plants/Trees/temperate/winter_bush.xml">
            <parameters />
        </EnvObject>
        <EnvObject t0="-105.321" t1="-1.41645" t2="-211.786" s0="1.21998" s1="1.80356" s2="1.26725" r0="0.246152" r1="-0.280293" r2="0.927817" r3="0" r4="0.515208" r5="0.848666" r6="0.119696" r7="0" r8="-0.820957" r9="0.448555" r10="0.35331" r11="0" r12="0" r13="0" r14="0" r15="1" id="432" color_r="0.368627" color_g="0.266667" color_b="0.14902" type_file="Data/Objects/Plants/Trees/temperate/winter_bush.xml">
            <parameters />
        </EnvObject>
        <EnvObject t0="-106.976" t1="-1.65599" t2="-207.354" s0="1.02975" s1="1.02975" s2="1.02975" r0="-0.460535" r1="-0.778411" r2="-0.426596" r3="0" r4="-0.883328" r5="0.354574" r6="0.306611" r7="0" r8="-0.0874093" r9="0.518029" r10="-0.850885" r11="0" r12="0" r13="0" r14="0" r15="1" id="433" color_r="0.372549" color_g="0.329412" color_b="0.235294" type_file="Data/Objects/Plants/Trees/temperate/bleached_bough.xml">
            <parameters />
        </EnvObject>
        <EnvObject t0="-107.395" t1="-0.168384" t2="-211.991" s0="1.44975" s1="1.44975" s2="1.44975" r0="-0.0623186" r1="-0.943752" r2="0.324729" r3="0" r4="0.851532" r5="0.119431" r6="0.510518" r7="0" r8="-0.520585" r9="0.308332" r10="0.796193" r11="0" r12="0" r13="0" r14="0" r15="1" id="434" color_r="0.372549" color_g="0.329412" color_b="0.235294" type_file="Data/Objects/Plants/Trees/temperate/bleached_bough.xml">
            <parameters />
        </EnvObject>
    </Group>
    <Group t0="-69.2393" t1="-8.69871" t2="80.7045" s0="1" s1="1" s2="1" r0="-0.854128" r1="0.0794046" r2="-0.513966" r3="0" r4="0.0511304" r5="0.996309" r6="0.0689533" r7="0" r8="0.517544" r9="0.0326157" r10="-0.855035" r11="0" r12="0" r13="0" r14="0" r15="1" id="22" d0="10.7186" d1="12.2027" d2="10.6738" uses_imposter="0">
        <parameters />
        <EnvObject t0="-69.1416" t1="-8.69256" t2="80.5431" s0="1.61322" s1="2.3849" s2="1.67573" r0="0.00769511" r1="0.0950097" r2="-0.995447" r3="0" r4="-0.13863" r5="0.985965" r6="0.0930331" r7="0" r8="0.990314" r9="0.137283" r10="0.0207583" r11="0" r12="0" r13="0" r14="0" r15="1" id="435" color_r="0.368627" color_g="0.266667" color_b="0.14902" type_file="Data/Objects/Plants/Trees/temperate/winter_bush.xml">
            <parameters />
        </EnvObject>
        <EnvObject t0="-69.3911" t1="-9.83795" t2="82.5256" s0="1.21998" s1="1.80356" s2="1.26725" r0="-0.783411" r1="-0.0517101" r2="-0.61935" r3="0" r4="-0.194485" r5="0.966881" r6="0.165277" r7="0" r8="0.590291" r9="0.249934" r10="-0.767522" r11="0" r12="0" r13="0" r14="0" r15="1" id="436" color_r="0.368627" color_g="0.266667" color_b="0.14902" type_file="Data/Objects/Plants/Trees/temperate/winter_bush.xml">
            <parameters />
        </EnvObject>
        <EnvObject t0="-70.5809" t1="-9.83697" t2="77.9401" s0="1.02975" s1="1.02975" s2="1.02975" r0="0.340614" r1="-0.932912" r2="0.116868" r3="0" r4="0.634076" r5="0.13615" r6="-0.76119" r7="0" r8="0.694212" r9="0.333375" r10="0.637911" r11="0" r12="0" r13="0" r14="0" r15="1" id="437" color_r="0.372549" color_g="0.329412" color_b="0.235294" type_file="Data/Objects/Plants/Trees/temperate/bleached_bough.xml">
            <parameters />
        </EnvObject>
        <EnvObject t0="-67.268" t1="-9.26928" t2="81.4898" s0="1.44975" s1="1.44975" s2="1.44975" r0="-0.428756" r1="-0.860673" r2="-0.274609" r3="0" r4="-0.90054" r5="0.431418" r6="0.0539051" r7="0" r8="0.0720767" r9="0.270409" r10="-0.960044" r11="0" r12="0" r13="0" r14="0" r15="1" id="438" color_r="0.372549" color_g="0.329412" color_b="0.235294" type_file="Data/Objects/Plants/Trees/temperate/bleached_bough.xml">
            <parameters />
        </EnvObject>
    </Group>
    <Group t0="4.13821" t1="12.4722" t2="84.3094" s0="1.14667" s1="1.14667" s2="1.14667" r0="0.999768" r1="0.00723263" r2="0.0202966" r3="0" r4="-0.0107624" r5="0.983681" r6="0.1796" r7="0" r8="-0.0186664" r9="-0.179777" r10="0.98353" r11="0" r12="0" r13="0" r14="0" r15="1" id="25" d0="10.7186" d1="12.2027" d2="10.6738" uses_imposter="0">
        <parameters />
        <EnvObject t0="4.13415" t1="12.4333" t2="84.5223" s0="1.84982" s1="2.73468" s2="1.92151" r0="0.496175" r1="-0.124599" r2="0.859236" r3="0" r4="0.140506" r5="0.988127" r6="0.0621531" r7="0" r8="-0.856778" r9="0.0898891" r10="0.50779" r11="0" r12="0" r13="0" r14="0" r15="1" id="447" color_r="0.368627" color_g="0.266667" color_b="0.14902" type_file="Data/Objects/Plants/Trees/temperate/winter_bush.xml">
            <parameters />
        </EnvObject>
        <EnvObject t0="3.15852" t1="11.6622" t2="82.1925" s0="1.39891" s1="2.06808" s2="1.45312" r0="0.982283" r1="-0.146988" r2="0.116255" r3="0" r4="0.151451" r5="0.987994" r6="-0.0304927" r7="0" r8="-0.110377" r9="0.0475594" r10="0.992751" r11="0" r12="0" r13="0" r14="0" r15="1" id="448" color_r="0.368627" color_g="0.266667" color_b="0.14902" type_file="Data/Objects/Plants/Trees/temperate/winter_bush.xml">
            <parameters />
        </EnvObject>
        <EnvObject t0="6.95935" t1="10.5847" t2="85.9208" s0="1.18078" s1="1.18078" s2="1.18078" r0="-0.416103" r1="-0.900572" r2="-0.125811" r3="0" r4="-0.159112" r5="-0.0641139" r6="0.985177" r7="0" r8="-0.895289" r9="0.429953" r10="-0.116614" r11="0" r12="0" r13="0" r14="0" r15="1" id="449" color_r="0.372549" color_g="0.329412" color_b="0.235294" type_file="Data/Objects/Plants/Trees/temperate/bleached_bough.xml">
            <parameters />
        </EnvObject>
        <EnvObject t0="1.69131" t1="11.92" t2="84.5471" s0="1.66238" s1="1.66238" s2="1.66238" r0="0.448861" r1="-0.877791" r2="-0.167355" r3="0" r4="0.780675" r5="0.476329" r6="-0.404546" r7="0" r8="0.434823" r9="0.050935" r10="0.899074" r11="0" r12="0" r13="0" r14="0" r15="1" id="450" color_r="0.372549" color_g="0.329412" color_b="0.235294" type_file="Data/Objects/Plants/Trees/temperate/bleached_bough.xml">
            <parameters />
        </EnvObject>
    </Group>
    <Group t0="4.2409" t1="9.53621" t2="80.2921" s0="1" s1="1" s2="1" r0="0.999768" r1="0.00723278" r2="0.0202967" r3="0" r4="-0.00859521" r5="0.997658" r6="0.0678621" r7="0" r8="-0.0197583" r9="-0.0680208" r10="0.997488" r11="0" r12="0" r13="0" r14="0" r15="1" id="26" d0="10.7186" d1="12.2027" d2="10.6738" uses_imposter="0">
        <parameters />
        <EnvObject t0="4.23716" t1="9.52337" t2="80.4804" s0="1.61322" s1="2.3849" s2="1.67573" r0="0.495294" r1="-0.0283189" r2="0.868263" r3="0" r4="0.142764" r5="0.988533" r6="-0.0491971" r7="0" r8="-0.856914" r9="0.148324" r10="0.493658" r11="0" r12="0" r13="0" r14="0" r15="1" id="451" color_r="0.368627" color_g="0.266667" color_b="0.14902" type_file="Data/Objects/Plants/Trees/temperate/winter_bush.xml">
            <parameters />
        </EnvObject>
        <EnvObject t0="3.38615" t1="8.62867" t2="78.5362" s0="1.21998" s1="1.80356" s2="1.26725" r0="0.981858" r1="-0.135182" r2="0.132968" r3="0" r4="0.153772" r5="0.977961" r6="-0.141231" r7="0" r8="-0.110946" r9="0.159115" r10="0.981006" r11="0" r12="0" r13="0" r14="0" r15="1" id="452" color_r="0.368627" color_g="0.266667" color_b="0.14902" type_file="Data/Objects/Plants/Trees/temperate/winter_bush.xml">
            <parameters />
        </EnvObject>
        <EnvObject t0="6.6964" t1="8.05309" t2="81.8758" s0="1.02975" s1="1.02975" s2="1.02975" r0="-0.418112" r1="-0.908074" r2="-0.0241594" r3="0" r4="-0.159936" r5="0.0474082" r6="0.985988" r7="0" r8="-0.894205" r9="0.416117" r10="-0.165056" r11="0" r12="0" r13="0" r14="0" r15="1" id="453" color_r="0.372549" color_g="0.329412" color_b="0.235294" type_file="Data/Objects/Plants/Trees/temperate/bleached_bough.xml">
            <parameters />
        </EnvObject>
        <EnvObject t0="2.10572" t1="9.08577" t2="80.5501" s0="1.44975" s1="1.44975" s2="1.44975" r0="0.44693" r1="-0.892043" r2="-0.0671872" r3="0" r4="0.782059" r5="0.42608" r6="-0.454796" r7="0" r8="0.434325" r9="0.150718" r10="0.888057" r11="0" r12="0" r13="0" r14="0" r15="1" id="454" color_r="0.372549" color_g="0.329412" color_b="0.235294" type_file="Data/Objects/Plants/Trees/temperate/bleached_bough.xml">
            <parameters />
        </EnvObject>
    </Group>
    <Group t0="19.9238" t1="4.62417" t2="43.2866" s0="1" s1="1" s2="1" r0="0.999768" r1="0.00723293" r2="0.0202969" r3="0" r4="-0.00343207" r5="0.983405" r6="-0.181389" r7="0" r8="-0.0212721" r9="0.181277" r10="0.983202" r11="0" r12="0" r13="0" r14="0" r15="1" id="27" d0="10.7186" d1="12.2027" d2="10.6738" uses_imposter="0">
        <parameters />
        <EnvObject t0="19.9198" t1="4.65839" t2="43.4722" s0="1.61322" s1="2.3849" s2="1.67573" r0="0.494132" r1="0.185258" r2="0.849419" r3="0" r4="0.148013" r5="0.944842" r6="-0.292173" r7="0" r8="-0.856695" r9="0.270097" r10="0.439457" r11="0" r12="0" r13="0" r14="0" r15="1" id="455" color_r="0.368627" color_g="0.266667" color_b="0.14902" type_file="Data/Objects/Plants/Trees/temperate/winter_bush.xml">
            <parameters />
        </EnvObject>
        <EnvObject t0="19.0663" t1="3.31409" t2="41.8081" s0="1.21998" s1="1.80356" s2="1.26725" r0="0.980979" r1="-0.102747" r2="0.164689" r3="0" r4="0.159072" r5="0.91175" r6="-0.378693" r7="0" r8="-0.111245" r9="0.397687" r10="0.910752" r11="0" r12="0" r13="0" r14="0" r15="1" id="456" color_r="0.368627" color_g="0.266667" color_b="0.14902" type_file="Data/Objects/Plants/Trees/temperate/winter_bush.xml">
            <parameters />
        </EnvObject>
        <EnvObject t0="22.3696" t1="3.5678" t2="45.1943" s0="1.02975" s1="1.02975" s2="1.02975" r0="-0.422849" r1="-0.88374" r2="0.200505" r3="0" r4="-0.160828" r5="0.290932" r6="0.943129" r7="0" r8="-0.891815" r9="0.366554" r10="-0.265151" r11="0" r12="0" r13="0" r14="0" r15="1" id="457" color_r="0.372549" color_g="0.329412" color_b="0.235294" type_file="Data/Objects/Plants/Trees/temperate/bleached_bough.xml">
            <parameters />
        </EnvObject>
        <EnvObject t0="17.786" t1="4.26194" t2="43.6429" s0="1.44975" s1="1.44975" s2="1.44975" r0="0.442315" r1="-0.883021" r2="0.156946" r3="0" r4="0.784813" r5="0.296385" r6="-0.544265" r7="0" r8="0.434081" r9="0.363909" r10="0.824102" r11="0" r12="0" r13="0" r14="0" r15="1" id="458" color_r="0.372549" color_g="0.329412" color_b="0.235294" type_file="Data/Objects/Plants/Trees/temperate/bleached_bough.xml">
            <parameters />
        </EnvObject>
    </Group>
    <Group t0="-80.9603" t1="-9.33939" t2="101.333" s0="0.736763" s1="0.736763" s2="0.736763" r0="0.374049" r1="0.0727951" r2="-0.924547" r3="0" r4="0.276543" r5="0.942807" r6="0.186115" r7="0" r8="0.885218" r9="-0.325294" r10="0.332525" r11="0" r12="0" r13="0" r14="0" r15="1" id="31" d0="10.7186" d1="12.2027" d2="10.6738" uses_imposter="0">
        <parameters />
        <EnvObject t0="-80.8372" t1="-9.38462" t2="101.379" s0="1.18856" s1="1.7571" s2="1.23462" r0="0.958755" r1="-0.216957" r2="-0.183623" r3="0" r4="0.221697" r5="0.9751" r6="0.00543724" r7="0" r8="0.177872" r9="-0.0459218" r10="0.982982" r11="0" r12="0" r13="0" r14="0" r15="1" id="491" color_r="0.368627" color_g="0.266667" color_b="0.14902" type_file="Data/Objects/Plants/Trees/temperate/winter_bush.xml">
            <parameters />
        </EnvObject>
        <EnvObject t0="-82.5057" t1="-9.69316" t2="101.395" s0="0.898835" s1="1.32879" s2="0.933667" r0="0.439064" r1="-0.0948431" r2="-0.893436" r3="0" r4="0.139595" r5="0.989538" r6="-0.0364432" r7="0" r8="0.887545" r9="-0.108718" r10="0.44771" r11="0" r12="0" r13="0" r14="0" r15="1" id="492" color_r="0.368627" color_g="0.266667" color_b="0.14902" type_file="Data/Objects/Plants/Trees/temperate/winter_bush.xml">
            <parameters />
        </EnvObject>
        <EnvObject t0="-79.4973" t1="-10.5656" t2="99.855" s0="0.758679" s1="0.758679" s2="0.758679" r0="-0.368333" r1="-0.898175" r2="0.240025" r3="0" r4="0.850333" r5="-0.221095" r6="0.477548" r7="0" r8="-0.375853" r9="0.379998" r10="0.845184" r11="0" r12="0" r13="0" r14="0" r15="1" id="493" color_r="0.372549" color_g="0.329412" color_b="0.235294" type_file="Data/Objects/Plants/Trees/temperate/bleached_bough.xml">
            <parameters />
        </EnvObject>
        <EnvObject t0="-81.417" t1="-9.82016" t2="102.81" s0="1.06812" s1="1.06812" s2="1.06812" r0="-0.0976503" r1="-0.810081" r2="-0.578129" r3="0" r4="-0.043597" r5="0.58383" r6="-0.810705" r7="0" r8="0.994265" r9="-0.0539608" r10="-0.0923283" r11="0" r12="0" r13="0" r14="0" r15="1" id="494" color_r="0.372549" color_g="0.329412" color_b="0.235294" type_file="Data/Objects/Plants/Trees/temperate/bleached_bough.xml">
            <parameters />
        </EnvObject>
    </Group>
    <Group t0="-92.3838" t1="37.6126" t2="-26.4623" s0="0.736763" s1="0.736763" s2="0.736763" r0="0.374049" r1="0.0727951" r2="-0.924547" r3="0" r4="0.276543" r5="0.942807" r6="0.186115" r7="0" r8="0.885218" r9="-0.325294" r10="0.332525" r11="0" r12="0" r13="0" r14="0" r15="1" id="32" d0="10.7186" d1="12.2027" d2="10.6738" uses_imposter="0">
        <parameters />
        <EnvObject t0="-92.2606" t1="37.5674" t2="-26.4161" s0="1.18856" s1="1.7571" s2="1.23462" r0="0.958755" r1="-0.216957" r2="-0.183623" r3="0" r4="0.221697" r5="0.9751" r6="0.00543724" r7="0" r8="0.177872" r9="-0.0459218" r10="0.982982" r11="0" r12="0" r13="0" r14="0" r15="1" id="495" color_r="0.368627" color_g="0.266667" color_b="0.14902" type_file="Data/Objects/Plants/Trees/temperate/winter_bush.xml">
            <parameters />
        </EnvObject>
        <EnvObject t0="-93.9292" t1="37.2589" t2="-26.4008" s0="0.898835" s1="1.32879" s2="0.933667" r0="0.439064" r1="-0.0948431" r2="-0.893436" r3="0" r4="0.139595" r5="0.989538" r6="-0.0364432" r7="0" r8="0.887545" r9="-0.108718" r10="0.44771" r11="0" r12="0" r13="0" r14="0" r15="1" id="496" color_r="0.368627" color_g="0.266667" color_b="0.14902" type_file="Data/Objects/Plants/Trees/temperate/winter_bush.xml">
            <parameters />
        </EnvObject>
        <EnvObject t0="-90.9207" t1="36.3865" t2="-27.9403" s0="0.758679" s1="0.758679" s2="0.758679" r0="-0.368333" r1="-0.898175" r2="0.240025" r3="0" r4="0.850333" r5="-0.221095" r6="0.477548" r7="0" r8="-0.375853" r9="0.379998" r10="0.845184" r11="0" r12="0" r13="0" r14="0" r15="1" id="497" color_r="0.372549" color_g="0.329412" color_b="0.235294" type_file="Data/Objects/Plants/Trees/temperate/bleached_bough.xml">
            <parameters />
        </EnvObject>
        <EnvObject t0="-92.8404" t1="37.1319" t2="-24.9853" s0="1.06812" s1="1.06812" s2="1.06812" r0="-0.0976503" r1="-0.810081" r2="-0.578129" r3="0" r4="-0.043597" r5="0.58383" r6="-0.810705" r7="0" r8="0.994265" r9="-0.0539608" r10="-0.0923283" r11="0" r12="0" r13="0" r14="0" r15="1" id="498" color_r="0.372549" color_g="0.329412" color_b="0.235294" type_file="Data/Objects/Plants/Trees/temperate/bleached_bough.xml">
            <parameters />
        </EnvObject>
    </Group>
    <Group t0="-30.8484" t1="25.833" t2="-98.0114" s0="0.996467" s1="0.996467" s2="0.996467" r0="0.798501" r1="0.0458495" r2="0.600245" r3="0" r4="-0.0607595" r5="0.998142" r6="0.00458517" r7="0" r8="-0.598919" r9="-0.0401318" r10="0.799803" r11="0" r12="0" r13="0" r14="0" r15="1" id="33" d0="10.7186" d1="12.2027" d2="10.6738" uses_imposter="0">
        <parameters />
        <EnvObject t0="-30.9611" t1="25.8255" t2="-97.8609" s0="1.60752" s1="2.37647" s2="1.66981" r0="-0.106301" r1="0.015424" r2="0.994215" r3="0" r4="0.13059" r5="0.991435" r6="-0.00141831" r7="0" r8="-0.985721" r9="0.129684" r10="-0.107404" r11="0" r12="0" r13="0" r14="0" r15="1" id="499" color_r="0.368627" color_g="0.266667" color_b="0.14902" type_file="Data/Objects/Plants/Trees/temperate/winter_bush.xml">
            <parameters />
        </EnvObject>
        <EnvObject t0="-30.502" t1="24.8472" t2="-99.8856" s0="1.21567" s1="1.79718" s2="1.26278" r0="0.72004" r1="-0.093859" r2="0.687556" r3="0" r4="0.193533" r5="0.978659" r6="-0.0690787" r7="0" r8="-0.666399" r9="0.182804" r10="0.722838" r11="0" r12="0" r13="0" r14="0" r15="1" id="500" color_r="0.368627" color_g="0.266667" color_b="0.14902" type_file="Data/Objects/Plants/Trees/temperate/winter_bush.xml">
            <parameters />
        </EnvObject>
        <EnvObject t0="-29.7677" t1="24.4951" t2="-95.2357" s0="1.02611" s1="1.02611" s2="1.02611" r0="-0.312003" r1="-0.923646" r2="-0.222557" r3="0" r4="-0.707455" r5="0.0695034" r6="0.703333" r7="0" r8="-0.634162" r9="0.376891" r10="-0.675123" r11="0" r12="0" r13="0" r14="0" r15="1" id="501" color_r="0.372549" color_g="0.329412" color_b="0.235294" type_file="Data/Objects/Plants/Trees/temperate/bleached_bough.xml">
            <parameters />
        </EnvObject>
        <EnvObject t0="-32.7175" t1="25.311" t2="-99.0258" s0="1.44463" s1="1.44463" s2="1.44463" r0="0.414221" r1="-0.875947" r2="0.247261" r3="0" r4="0.89419" r5="0.442334" r6="0.069031" r7="0" r8="-0.169839" r9="0.192504" r10="0.966487" r11="0" r12="0" r13="0" r14="0" r15="1" id="502" color_r="0.372549" color_g="0.329412" color_b="0.235294" type_file="Data/Objects/Plants/Trees/temperate/bleached_bough.xml">
            <parameters />
        </EnvObject>
    </Group>
    <Group t0="-34.8418" t1="24.0658" t2="-99.9806" s0="0.736763" s1="0.736763" s2="0.736763" r0="0.37405" r1="0.0727949" r2="-0.924547" r3="0" r4="0.0821609" r5="0.990394" r6="0.11122" r7="0" r8="0.923762" r9="-0.117563" r10="0.364476" r11="0" r12="0" r13="0" r14="0" r15="1" id="34" d0="10.7186" d1="12.2027" d2="10.6738" uses_imposter="0">
        <parameters />
        <EnvObject t0="-34.7133" t1="24.0494" t2="-99.9299" s0="1.18856" s1="1.7571" s2="1.23462" r0="0.986701" r1="-0.037421" r2="-0.158182" r3="0" r4="0.026289" r5="0.997066" r6="-0.0718908" r7="0" r8="0.160409" r9="0.0667762" r10="0.984789" r11="0" r12="0" r13="0" r14="0" r15="1" id="503" color_r="0.368627" color_g="0.266667" color_b="0.14902" type_file="Data/Objects/Plants/Trees/temperate/winter_bush.xml">
            <parameters />
        </EnvObject>
        <EnvObject t0="-36.289" t1="23.4203" t2="-99.9024" s0="0.898835" s1="1.32879" s2="0.933667" r0="0.469885" r1="-0.0758009" r2="-0.879467" r3="0" r4="-0.0560489" r5="0.991734" r6="-0.115423" r7="0" r8="0.880946" r9="0.103529" r10="0.461753" r11="0" r12="0" r13="0" r14="0" r15="1" id="504" color_r="0.368627" color_g="0.266667" color_b="0.14902" type_file="Data/Objects/Plants/Trees/temperate/winter_bush.xml">
            <parameters />
        </EnvObject>
