<?xml version="2.0" ?>
<Type>saved</Type>
<Name></Name>
<Description></Description>
<Shader>post</Shader>
<Terrain>
    <Heightmap>Data/Textures/Terrain/patchy_highlands/patchy_highlands_hm.png</Heightmap>
    <DetailMap></DetailMap>
    <ColorMap>Data/Textures/Terrain/patchy_highlands/patchy_highlands_c.tga</ColorMap>
    <DetailMaps>
        <DetailMap colorpath="Data/Textures/Terrain/DetailTextures/lichen_stone.tga" normalpath="Data/Textures/Terrain/DetailTextures/lichen_stone_n.tga" materialpath="Data/Materials/rock.xml" />
        <DetailMap colorpath="Data/Textures/Terrain/DetailTextures/dirt_rocks.tga" normalpath="Data/Textures/Terrain/DetailTextures/dirt_rocks_normal.tga" materialpath="Data/Materials/dirtyrock.xml" />
        <DetailMap colorpath="Data/Textures/Terrain/DetailTextures/grass.tga" normalpath="Data/Textures/Terrain/DetailTextures/grass_normal.png" materialpath="Data/Materials/grass.xml" />
        <DetailMap colorpath="Data/Textures/Terrain/DetailTextures/dirt_grass.tga" normalpath="Data/Textures/Terrain/DetailTextures/dirt_grass_normal.tga" materialpath="Data/Materials/dirtyrock.xml" />
    </DetailMaps>
    <DetailObjects>
        <DetailObject obj_path="Data/Objects/Plants/Groundcover/Grass/WildGrass.xml" weight_path="Data/Textures/Terrain/patchy_highlands/patchy_highlands_wildgrass.tga" normal_conform="0" density="10" min_embed="0" max_embed="0" min_scale="1" max_scale="1" view_distance="30" jitter_degrees="0" overbright="0" />
    </DetailObjects>
</Terrain>
<OutOfDate Shadow="true" AO="true" NavMesh="true" />
<SpawnPoints>
    <SpawnPoint t0="0" t1="200" t2="0" s0="1" s1="1" s2="1" r0="1" r1="0" r2="0" r3="0" r4="0" r5="1" r6="0" r7="0" r8="0" r9="0" r10="1" r11="0" r12="0" r13="0" r14="0" r15="1" />
</SpawnPoints>
<AmbientSounds>
    <Ambient path="Data/Sounds/ambient/amb_grassfield_loop" />
</AmbientSounds>
<Script>Data/Scripts/challengelevel.as</Script>
<LevelScriptParameters>
    <parameter name="Achievements" type="string" val="no_injuries, no_kills" />
    <parameter name="Extra AO" type="string" val="0" />
    <parameter name="Level Boundaries" type="string" val="1" />
    <parameter name="Objectives" type="string" val="destroy_all" />
    <parameter name="Sky Rotation" type="string" val="0" />
</LevelScriptParameters>
<Sky>
    <DomeTexture>Data/Textures/skies/blue4.tga</DomeTexture>
    <SunAngularRad>0.117969</SunAngularRad>
    <SunColorAngle>353.589</SunColorAngle>
    <RayToSun r0="-0.452762" r1="0.632374" r2="-0.628578" />
    <ExtraAO>0</ExtraAO>
    <SkyRotation>0</SkyRotation>
</Sky>
<ActorObjects>
    <ActorObject t0="-160.616" t1="-25.325" t2="37.377" s0="1" s1="1" s2="1" r0="-0.445693" r1="-4.70686e-008" r2="-0.895186" r3="0" r4="4.70686e-008" r5="1" r6="-7.60141e-008" r7="0" r8="0.895186" r9="-7.60141e-008" r10="-0.445693" r11="0" r12="0" r13="0" r14="0" r15="1" id="1" type_file="Data/Custom/timbles/therium-2/Objects/IGF_Characters/ghost.xml" is_player="1">
        <parameters>
            <parameter name="Aggression" type="string" val="0.5" />
            <parameter name="Attack Damage" type="string" val="1" />
            <parameter name="Attack Knockback" type="string" val="1" />
            <parameter name="Attack Speed" type="string" val="1" />
            <parameter name="Block Follow-up" type="string" val="0.5" />
            <parameter name="Block Skill" type="string" val="0.5" />
            <parameter name="Character Scale" type="string" val="1" />
            <parameter name="Damage Resistance" type="string" val="1" />
            <parameter name="Ear Size" type="string" val="1" />
            <parameter name="Fat" type="string" val="0.5" />
            <parameter name="Ground Aggression" type="string" val="0.5" />
            <parameter name="Left handed" type="string" val="0" />
            <parameter name="Lives" type="string" val="1" />
            <parameter name="Movement Speed" type="string" val="1" />
            <parameter name="Muscle" type="string" val="0.5" />
            <parameter name="Teams" type="string" val="Ghost" />
        </parameters>
        <Connections>
            <Connection id="-1" />
        </Connections>
        <ItemConnections />
        <Palette />
    </ActorObject>
    <EnvObject t0="-166.632" t1="-22.1828" t2="-1.18713" s0="1" s1="1" s2="1" r0="1" r1="0" r2="0" r3="0" r4="0" r5="1" r6="0" r7="0" r8="0" r9="0" r10="1" r11="0" r12="0" r13="0" r14="0" r15="1" id="73" color_r="1" color_g="1" color_b="1" type_file="Data/Objects/Plants/Trees/Test/TestTree2.xml">
        <parameters />
    </EnvObject>
    <EnvObject t0="-168.061" t1="-17.1085" t2="-18.3101" s0="1" s1="1" s2="1" r0="1" r1="0" r2="0" r3="0" r4="0" r5="1" r6="0" r7="0" r8="0" r9="0" r10="1" r11="0" r12="0" r13="0" r14="0" r15="1" id="74" color_r="1" color_g="1" color_b="1" type_file="Data/Objects/Plants/Trees/Test/TestTree5.xml">
        <parameters />
    </EnvObject>
    <EnvObject t0="-148.694" t1="-18.3703" t2="78.5835" s0="1.17443" s1="1.09247" s2="1.55385" r0="0.954139" r1="0.113924" r2="0.27684" r3="0" r4="4.13507e-007" r5="0.924759" r6="-0.380554" r7="0" r8="-0.299365" r9="0.363101" r10="0.882348" r11="0" r12="0" r13="0" r14="0" r15="1" id="82" color_r="1" color_g="1" color_b="1" type_file="Data/Objects/Environment/rocks/Rock1b.xml">
        <parameters />
    </EnvObject>
    <EnvObject t0="-187.798" t1="-25.9203" t2="49.2325" s0="1.41239" s1="1.41239" s2="1.41239" r0="0.254256" r1="0.243499" r2="-0.935982" r3="0" r4="2.23517e-008" r5="0.967786" r6="0.251773" r7="0" r8="0.967137" r9="-0.0640149" r10="0.246066" r11="0" r12="0" r13="0" r14="0" r15="1" id="83" color_r="1" color_g="1" color_b="1" type_file="Data/Objects/Environment/rocks/Rock1b.xml">
        <parameters />
    </EnvObject>
    <EnvObject t0="-168.974" t1="-17.6522" t2="-31.5082" s0="1" s1="1" s2="1" r0="1" r1="0" r2="-0" r3="0" r4="-0" r5="0.97191" r6="-0.235353" r7="0" r8="0" r9="0.235353" r10="0.97191" r11="0" r12="0" r13="0" r14="0" r15="1" id="84" color_r="1" color_g="1" color_b="1" type_file="Data/Objects/Environment/rocks/BlockyStone1.xml">
        <parameters />
    </EnvObject>
    <EnvObject t0="-175.167" t1="-15.2596" t2="-29.1412" s0="1" s1="1" s2="1" r0="-0.370093" r1="-0.492598" r2="0.787641" r3="0" r4="-0.650217" r5="0.742903" r6="0.159097" r7="0" r8="-0.663512" r9="-0.453257" r10="-0.595239" r11="0" r12="0" r13="0" r14="0" r15="1" id="85" color_r="1" color_g="1" color_b="1" type_file="Data/Objects/Environment/rocks/BlockyStone1.xml">
        <parameters />
    </EnvObject>
    <EnvObject t0="-169.445" t1="-11.5396" t2="-38.3518" s0="1" s1="1" s2="1" r0="-0.556799" r1="-0.232254" r2="0.797517" r3="0" r4="-0.499727" r5="0.860591" r6="-0.0982695" r7="0" r8="-0.663512" r9="-0.453257" r10="-0.595239" r11="0" r12="0" r13="0" r14="0" r15="1" id="86" color_r="1" color_g="1" color_b="1" type_file="Data/Objects/Environment/rocks/BlockyStone1.xml">
        <parameters />
    </EnvObject>
    <EnvObject t0="-160.559" t1="-10.7577" t2="-48.8525" s0="1" s1="1" s2="1" r0="0.668953" r1="-0.00312811" r2="-0.743298" r3="0" r4="0.335043" r5="-0.891374" r6="0.305283" r7="0" r8="-0.663512" r9="-0.453257" r10="-0.59524" r11="0" r12="0" r13="0" r14="0" r15="1" id="87" color_r="1" color_g="1" color_b="1" type_file="Data/Objects/Environment/rocks/BlockyStone1.xml">
        <parameters />
    </EnvObject>
    <EnvObject t0="-158.37" t1="-6.76856" t2="-57.8289" s0="1.382" s1="1.382" s2="1.382" r0="-0.709895" r1="0.130212" r2="0.692166" r3="0" r4="-0.236222" r5="0.881818" r6="-0.408162" r7="0" r8="-0.663512" r9="-0.453257" r10="-0.595239" r11="0" r12="0" r13="0" r14="0" r15="1" id="88" color_r="1" color_g="1" color_b="1" type_file="Data/Objects/Environment/rocks/BlockyStone1.xml">
        <parameters />
    </EnvObject>
    <EnvObject t0="-159.027" t1="-9.73889" t2="-54.8339" s0="1.382" s1="1.382" s2="1.382" r0="0.740437" r1="-0.511884" r2="-0.435578" r3="0" r4="-0.107265" r5="-0.729749" r6="0.675249" r7="0" r8="-0.663512" r9="-0.453257" r10="-0.59524" r11="0" r12="0" r13="0" r14="0" r15="1" id="89" color_r="1" color_g="1" color_b="1" type_file="Data/Objects/Environment/rocks/BlockyStone1.xml">
        <parameters />
    </EnvObject>
    <EnvObject t0="-161.721" t1="-8.23538" t2="-52.9766" s0="1.382" s1="1.382" s2="1.382" r0="-0.739559" r1="0.517677" r2="0.430189" r3="0" r4="0.113156" r5="0.725651" r6="-0.678695" r7="0" r8="-0.663512" r9="-0.453257" r10="-0.59524" r11="0" r12="0" r13="0" r14="0" r15="1" id="90" color_r="1" color_g="1" color_b="1" type_file="Data/Objects/Environment/rocks/BlockyStone1.xml">
        <parameters />
    </EnvObject>
    <EnvObject t0="-146.104" t1="-25.9967" t2="41.0502" s0="1" s1="1" s2="1" r0="1" r1="0" r2="0" r3="0" r4="0" r5="1" r6="0" r7="0" r8="0" r9="0" r10="1" r11="0" r12="0" r13="0" r14="0" r15="1" id="91" color_r="1" color_g="1" color_b="1" type_file="Data/Objects/Crete/CreteBlockStandard.xml">
        <parameters />
    </EnvObject>
    <EnvObject t0="-146.104" t1="-20.1122" t2="41.0502" s0="1" s1="1" s2="1" r0="1" r1="0" r2="0" r3="0" r4="0" r5="1" r6="0" r7="0" r8="0" r9="0" r10="1" r11="0" r12="0" r13="0" r14="0" r15="1" id="92" color_r="1" color_g="1" color_b="1" type_file="Data/Objects/Crete/CreteBlockStandard.xml">
        <parameters />
    </EnvObject>
    <EnvObject t0="-146.104" t1="-25.9967" t2="27.3829" s0="1" s1="1" s2="1" r0="1" r1="0" r2="0" r3="0" r4="0" r5="1" r6="0" r7="0" r8="0" r9="0" r10="1" r11="0" r12="0" r13="0" r14="0" r15="1" id="93" color_r="1" color_g="1" color_b="1" type_file="Data/Objects/Crete/CreteBlockStandard.xml">
        <parameters />
    </EnvObject>
    <EnvObject t0="-146.104" t1="-20.1122" t2="27.3829" s0="1" s1="1" s2="1" r0="1" r1="0" r2="0" r3="0" r4="0" r5="1" r6="0" r7="0" r8="0" r9="0" r10="1" r11="0" r12="0" r13="0" r14="0" r15="1" id="94" color_r="1" color_g="1" color_b="1" type_file="Data/Objects/Crete/CreteBlockStandard.xml">
        <parameters />
    </EnvObject>
    <EnvObject t0="-142.128" t1="-25.9792" t2="27.5393" s0="1" s1="1" s2="1" r0="1" r1="0" r2="0" r3="0" r4="0" r5="1" r6="0" r7="0" r8="0" r9="0" r10="1" r11="0" r12="0" r13="0" r14="0" r15="1" id="95" color_r="1" color_g="1" color_b="1" type_file="Data/Objects/Crete/CreteBlockBroken.xml">
        <parameters />
    </EnvObject>
    <EnvObject t0="-143.306" t1="-28.1075" t2="39.4385" s0="1" s1="1" s2="1" r0="-0.999996" r1="-3.07336e-008" r2="0.00288498" r3="0" r4="-3.07336e-008" r5="1" r6="4.4333e-011" r7="0" r8="-0.00288498" r9="-4.4333e-011" r10="-0.999996" r11="0" r12="0" r13="0" r14="0" r15="1" id="96" color_r="1" color_g="1" color_b="1" type_file="Data/Objects/Crete/CreteBlockWall.xml">
        <parameters />
    </EnvObject>
    <EnvObject t0="-153.2" t1="-23.0181" t2="-4.69802" s0="1" s1="1" s2="1" r0="1" r1="0" r2="0" r3="0" r4="0" r5="1" r6="0" r7="0" r8="0" r9="0" r10="1" r11="0" r12="0" r13="0" r14="0" r15="1" id="113" color_r="1" color_g="1" color_b="1" type_file="Data/Objects/Buildings/cat_town/babylon_tower.xml">
        <parameters />
    </EnvObject>
    <EnvObject t0="-127.012" t1="-25.7264" t2="56.3333" s0="1" s1="1" s2="1" r0="1" r1="0" r2="0" r3="0" r4="0" r5="0.952671" r6="0.304004" r7="0" r8="0" r9="-0.304004" r10="0.952671" r11="0" r12="0" r13="0" r14="0" r15="1" id="114" color_r="1" color_g="1" color_b="1" type_file="Data/Objects/rocks/RoundStone1.xml">
        <parameters />
    </EnvObject>
    <Decal t0="-149.017" t1="-24.6139" t2="27.4026" s0="3.87282" s1="3.87282" s2="3.87282" r0="-1.19209e-007" r1="-1" r2="0" r3="0" r4="-1" r5="-1.19209e-007" r6="1.68587e-007" r7="0" r8="-1.68587e-007" r9="0" r10="-1" r11="0" r12="0" r13="0" r14="0" r15="1" id="115" type_file="Data/Objects/Decals/signs/glyph_rabbit.xml" i="0" color_r="1" color_g="1" color_b="1">
        <parameters />
    </Decal>
    <EnvObject t0="-148.56" t1="-27.7827" t2="25.491" s0="1" s1="1" s2="1" r0="0.847187" r1="-0.524772" r2="-0.0829979" r3="0" r4="-1.2517e-006" r5="0.156216" r6="-0.987723" r7="0" r8="0.531295" r9="0.836786" r10="0.132344" r11="0" r12="0" r13="0" r14="0" r15="1" id="116" color_r="1" color_g="1" color_b="1" type_file="Data/objects/weapons/staff_basic.xml">
        <parameters />
    </EnvObject>
    <EnvObject t0="-148.701" t1="-27.5603" t2="27.3413" s0="1" s1="1" s2="1" r0="0.52748" r1="0.849568" r2="-5.79438e-008" r3="0" r4="-0.849568" r5="0.52748" r6="-1.0418e-007" r7="0" r8="-5.79438e-008" r9="1.0418e-007" r10="1" r11="0" r12="0" r13="0" r14="0" r15="1" id="117" color_r="1" color_g="1" color_b="1" type_file="Data/Objects/Environment/LitterLoads/DogLitter.xml">
        <parameters />
    </EnvObject>
    <EnvObject t0="-149.327" t1="-28.2724" t2="28.415" s0="1" s1="1" s2="1" r0="0.910709" r1="1.56462e-007" r2="-0.413048" r3="0" r4="0.0524219" r5="0.991914" r6="0.115583" r7="0" r8="0.409708" r9="-0.126915" r10="0.903345" r11="0" r12="0" r13="0" r14="0" r15="1" id="118" color_r="1" color_g="1" color_b="1" type_file="Data/Objects/Environment/LitterLoads/Basket1.xml">
        <parameters />
    </EnvObject>
    <EnvObject t0="-149.437" t1="-28.2489" t2="26.4251" s0="1" s1="1" s2="1" r0="-0.438072" r1="0" r2="0.89894" r3="0" r4="-0" r5="1" r6="0" r7="0" r8="-0.89894" r9="-0" r10="-0.438072" r11="0" r12="0" r13="0" r14="0" r15="1" id="119" color_r="1" color_g="1" color_b="1" type_file="Data/Objects/Environment/LitterLoads/StoneBlockPile.xml">
        <parameters />
    </EnvObject>
    <EnvObject t0="-146.576" t1="-19.7229" t2="30.4728" s0="1" s1="1" s2="1" r0="-1" r1="-2.78181e-008" r2="5.96046e-008" r3="0" r4="-2.78181e-008" r5="1" r6="8.29043e-016" r7="0" r8="-5.96046e-008" r9="-8.29043e-016" r10="-1" r11="0" r12="0" r13="0" r14="0" r15="1" id="120" color_r="1" color_g="1" color_b="1" type_file="Data/Objects/Crete/CreteBlockcorner.xml">
        <parameters />
    </EnvObject>
    <EnvObject t0="-147.035" t1="-16.8918" t2="27.0977" s0="1" s1="1" s2="1" r0="0.527773" r1="5.79258e-008" r2="-0.849385" r3="0" r4="5.79258e-008" r5="1" r6="1.0419e-007" r7="0" r8="0.849385" r9="-1.0419e-007" r10="0.527773" r11="0" r12="0" r13="0" r14="0" r15="1" id="121" color_r="1" color_g="1" color_b="1" type_file="Data/Objects/Buildings/Ruins/Mysterious/ruin_brick.xml">
        <parameters />
    </EnvObject>
    <EnvObject t0="-134.986" t1="-27.4813" t2="35.9613" s0="1" s1="0.79829" s2="0.858235" r0="-0.414929" r1="-0.795025" r2="0.442458" r3="0" r4="-0.543838" r5="0.606577" r6="0.579918" r7="0" r8="-0.729434" r9="-6.55651e-007" r10="-0.684051" r11="0" r12="0" r13="0" r14="0" r15="1" id="122" color_r="1" color_g="1" color_b="1" type_file="Data/Objects/Environment/Statues/RobedStatue.xml">
        <parameters />
    </EnvObject>
    <EnvObject t0="-145.984" t1="-27.3585" t2="25.1334" s0="1" s1="1" s2="1" r0="0.473226" r1="0.624873" r2="-0.62096" r3="0" r4="-0.212727" r5="0.765079" r6="0.607783" r7="0" r8="0.854871" r9="-0.155524" r10="0.494983" r11="0" r12="0" r13="0" r14="0" r15="1" id="123" color_r="1" color_g="1" color_b="1" type_file="Data/Objects/Weapons/DogWeapons/DogBroadSword.xml">
        <parameters />
    </EnvObject>
    <Decal t0="-146.031" t1="-27.0235" t2="25.6285" s0="0.810094" s1="0.509014" s2="0.865513" r0="1" r1="0" r2="-0" r3="0" r4="-0" r5="-1.19209e-007" r6="-1" r7="0" r8="0" r9="1" r10="-1.19209e-007" r11="0" r12="0" r13="0" r14="0" r15="1" id="124" type_file="Data/Objects/Decals/crete_impact.xml" i="0" color_r="1" color_g="1" color_b="1">
        <parameters />
    </Decal>
    <Decal t0="-146.162" t1="-28.6014" t2="24.8908" s0="1" s1="1" s2="1" r0="1" r1="0" r2="0" r3="0" r4="0" r5="1" r6="0" r7="0" r8="0" r9="0" r10="1" r11="0" r12="0" r13="0" r14="0" r15="1" id="125" type_file="Data/Objects/Decals/dark_crete_rubble.xml" i="0" color_r="1" color_g="1" color_b="1">
        <parameters />
    </Decal>
    <Hotspot t0="-146.12" t1="-30.1911" t2="24.2619" s0="0.581125" s1="1.25484" s2="0.758959" r0="1" r1="0" r2="0" r3="0" r4="0" r5="1" r6="0" r7="0" r8="0" r9="0" r10="1" r11="0" r12="0" r13="0" r14="0" r15="1" id="126" type_file="Data/Objects/Hotspots/displaytext.xml">
        <parameters>
            <parameter name="Display Text" type="string" val="Woah. That must&apos;ve been one strong dude." />
        </parameters>
    </Hotspot>
    <EnvObject t0="-109.001" t1="-21.3222" t2="44.3559" s0="1" s1="1" s2="1" r0="1" r1="0" r2="0" r3="0" r4="0" r5="1" r6="0" r7="0" r8="0" r9="0" r10="1" r11="0" r12="0" r13="0" r14="0" r15="1" id="127" color_r="1" color_g="1" color_b="1" type_file="Data/Custom/twowolves/landmark_pillar/jims_pillar.xml">
        <parameters />
    </EnvObject>
    <EnvObject t0="-135.427" t1="-24.8261" t2="-9.9434" s0="1" s1="1" s2="1" r0="1" r1="0" r2="0" r3="0" r4="0" r5="1" r6="0" r7="0" r8="0" r9="0" r10="1" r11="0" r12="0" r13="0" r14="0" r15="1" id="128" color_r="1" color_g="1" color_b="1" type_file="Data/Custom/twowolves/landmark_pillar/jims_pillar.xml">
        <parameters />
    </EnvObject>
    <EnvObject t0="-59.4682" t1="-16.7455" t2="3.55144" s0="1" s1="1" s2="1" r0="1" r1="0" r2="0" r3="0" r4="0" r5="1" r6="0" r7="0" r8="0" r9="0" r10="1" r11="0" r12="0" r13="0" r14="0" r15="1" id="129" color_r="1" color_g="1" color_b="1" type_file="Data/Custom/twowolves/landmark_pillar/jims_pillar.xml">
        <parameters />
    </EnvObject>
    <EnvObject t0="-354.796" t1="-14.3897" t2="-155.943" s0="1" s1="1" s2="1" r0="0.250216" r1="-7.299e-008" r2="-0.96819" r3="0" r4="-7.299e-008" r5="1" r6="-9.42514e-008" r7="0" r8="0.96819" r9="9.42514e-008" r10="0.250216" r11="0" r12="0" r13="0" r14="0" r15="1" id="130" color_r="1" color_g="1" color_b="1" type_file="Data/Objects/2d_3d/environment/snowy_arid_mountains.xml">
        <parameters />
    </EnvObject>
    <EnvObject t0="220.628" t1="-2.90664" t2="-217.645" s0="1" s1="1" s2="1" r0="0.427192" r1="-3.77631e-008" r2="0.904161" r3="0" r4="3.77631e-008" r5="1" r6="2.39238e-008" r7="0" r8="-0.904161" r9="2.39238e-008" r10="0.427192" r11="0" r12="0" r13="0" r14="0" r15="1" id="131" color_r="1" color_g="1" color_b="1" type_file="Data/Objects/2d_3d/environment/sparce_temperate_details.xml">
        <parameters />
    </EnvObject>
    <EnvObject t0="-137.693" t1="-30.5121" t2="-6.19799" s0="1" s1="1" s2="1" r0="1" r1="0" r2="0" r3="0" r4="0" r5="-0.549058" r6="-0.835784" r7="0" r8="0" r9="0.835784" r10="-0.549058" r11="0" r12="0" r13="0" r14="0" r15="1" id="147" color_r="1" color_g="1" color_b="1" type_file="Data/Objects/Buildings/Fence1.xml">
        <parameters />
    </EnvObject>
    <EnvObject t0="-138.048" t1="-30.7449" t2="-5.5267" s0="0.793306" s1="0.793306" s2="0.793306" r0="1" r1="0" r2="-0" r3="0" r4="-0" r5="-1.19209e-007" r6="-1" r7="0" r8="0" r9="1" r10="-1.19209e-007" r11="0" r12="0" r13="0" r14="0" r15="1" id="149" color_r="1" color_g="1" color_b="1" type_file="Data/Objects/Buildings/PostRound1.xml">
        <parameters />
    </EnvObject>
    <EnvObject t0="-137.347" t1="-30.7449" t2="-5.5267" s0="0.793306" s1="0.793306" s2="0.793306" r0="1" r1="0" r2="-0" r3="0" r4="-0" r5="-1.19209e-007" r6="-1" r7="0" r8="0" r9="1" r10="-1.19209e-007" r11="0" r12="0" r13="0" r14="0" r15="1" id="150" color_r="1" color_g="1" color_b="1" type_file="Data/Objects/Buildings/PostRound1.xml">
        <parameters />
    </EnvObject>
    <ActorObject t0="-132.474" t1="-30.1247" t2="-3.23097" s0="1" s1="1" s2="1" r0="-0.0620028" r1="-8.16387e-008" r2="-0.998076" r3="0" r4="8.16387e-008" r5="1" r6="-8.68677e-008" r7="0" r8="0.998076" r9="-8.68677e-008" r10="-0.0620028" r11="0" r12="0" r13="0" r14="0" r15="1" id="151" type_file="Data/Objects/IGF_Characters/IGF_GuardActor_reddy.xml" is_player="0">
        <parameters>
            <parameter name="Aggression" type="float" val="0.5" />
            <parameter name="Attack Damage" type="float" val="1" />
            <parameter name="Attack Knockback" type="float" val="1" />
            <parameter name="Attack Speed" type="float" val="1" />
            <parameter name="Block Follow-up" type="float" val="0.5" />
            <parameter name="Block Skill" type="float" val="0.5" />
            <parameter name="Character Scale" type="float" val="1" />
            <parameter name="Damage Resistance" type="float" val="1" />
            <parameter name="Ear Size" type="float" val="1" />
            <parameter name="Fat" type="float" val="0.5" />
            <parameter name="Ground Aggression" type="float" val="0.5" />
            <parameter name="Left handed" type="int" val="0" />
            <parameter name="Lives" type="int" val="1" />
            <parameter name="Movement Speed" type="float" val="1" />
            <parameter name="Muscle" type="float" val="0.5" />
            <parameter name="Teams" type="string" val="guard" />
        </parameters>
        <Connections>
            <Connection id="152" />
        </Connections>
        <ItemConnections>
            <ItemConnection id="248" type="1" mirrored="0" attachment="" />
        </ItemConnections>
        <Palette />
        <EnvObjectAttachments>
            <EnvObjectAttachment>
                <BoneConnect bone_id="1" num_connections="1" m0="-0.208159" m1="-0.0490966" m2="0.976862" m3="0" m4="-0.0162087" m5="0.998775" m6="0.046744" m7="0" m8="-0.977961" m9="-0.00610346" m10="-0.2087" m11="0" m12="-0.169802" m13="0.0219116" m14="-0.0341339" m15="1" />
                <BoneConnect bone_id="-1" num_connections="0" m0="1" m1="0" m2="0" m3="0" m4="0" m5="1" m6="0" m7="0" m8="0" m9="0" m10="1" m11="0" m12="0" m13="0" m14="0" m15="1" />
                <BoneConnect bone_id="-1" num_connections="0" m0="1" m1="0" m2="0" m3="0" m4="0" m5="1" m6="0" m7="0" m8="0" m9="0" m10="1" m11="0" m12="0" m13="0" m14="0" m15="1" />
                <BoneConnect bone_id="-1" num_connections="0" m0="1" m1="0" m2="0" m3="0" m4="0" m5="1" m6="0" m7="0" m8="0" m9="0" m10="1" m11="0" m12="0" m13="0" m14="0" m15="1" />
            </EnvObjectAttachment>
        </EnvObjectAttachments>
        <EnvObject t0="-132.229" t1="-30.8441" t2="-3.12781" s0="1" s1="1" s2="1" r0="0.998712" r1="-0.0258606" r2="-0.0436498" r3="0" r4="0.0264258" r5="0.999574" r6="0.012422" r7="0" r8="0.04331" r9="-0.0135595" r10="0.99897" r11="0" r12="0" r13="0" r14="0" r15="1" id="249" color_r="1" color_g="1" color_b="1" type_file="Data/Objects/Gear/rabbit_gear/medium_bags.xml">
            <parameters />
        </EnvObject>
    </ActorObject>
    <PathPointObject t0="-131.378" t1="-30.653" t2="-3.53513" s0="1" s1="1" s2="1" r0="1" r1="0" r2="0" r3="0" r4="0" r5="1" r6="0" r7="0" r8="0" r9="0" r10="1" r11="0" r12="0" r13="0" r14="0" r15="1" id="152" type_file="">
        <parameters>
            <parameter name="Type" type="string" val="Sit" />
            <parameter name="Wait" type="string" val="99999999999999999999999" />
        </parameters>
        <Connections />
    </PathPointObject>
    <EnvObject t0="-139.335" t1="-30.8892" t2="-4.4386" s0="1" s1="1" s2="1" r0="1" r1="0" r2="0" r3="0" r4="0" r5="1" r6="0" r7="0" r8="0" r9="0" r10="1" r11="0" r12="0" r13="0" r14="0" r15="1" id="153" color_r="1" color_g="1" color_b="1" type_file="Data/Objects/Environment/Furniture/shop_stool.xml">
        <parameters />
    </EnvObject>
    <EnvObject t0="-139.424" t1="-31.1047" t2="-3.88225" s0="1" s1="1" s2="1" r0="1" r1="0" r2="0" r3="0" r4="0" r5="1" r6="0" r7="0" r8="0" r9="0" r10="1" r11="0" r12="0" r13="0" r14="0" r15="1" id="154" color_r="1" color_g="1" color_b="1" type_file="Data/Objects/Environment/Furniture/shop_tall_table.xml">
        <parameters />
    </EnvObject>
    <EnvObject t0="-139.162" t1="-30.5771" t2="-3.96196" s0="1" s1="1" s2="1" r0="1" r1="0" r2="0" r3="0" r4="0" r5="1" r6="0" r7="0" r8="0" r9="0" r10="1" r11="0" r12="0" r13="0" r14="0" r15="1" id="155" color_r="1" color_g="1" color_b="1" type_file="Data/Objects/Environment/pots/fat_pitcher.xml">
        <parameters />
    </EnvObject>
    <EnvObject t0="-139.728" t1="-30.5618" t2="-3.89465" s0="1" s1="1" s2="1" r0="1" r1="0" r2="0" r3="0" r4="0" r5="1" r6="0" r7="0" r8="0" r9="0" r10="1" r11="0" r12="0" r13="0" r14="0" r15="1" id="156" color_r="1" color_g="1" color_b="1" type_file="Data/Objects/Environment/LitterLoads/SmallGourd.xml">
        <parameters />
    </EnvObject>
    <EnvObject t0="-139.065" t1="-30.7061" t2="-3.75285" s0="1" s1="1" s2="1" r0="1" r1="0" r2="-0" r3="0" r4="-0" r5="-1.19209e-007" r6="-1" r7="0" r8="0" r9="1" r10="-1.19209e-007" r11="0" r12="0" r13="0" r14="0" r15="1" id="157" color_r="1" color_g="1" color_b="1" type_file="Data/Objects/Gear/RatJunk/RatJunkBottle.xml">
        <parameters />
    </EnvObject>
    <EnvObject t0="-139.453" t1="-30.5437" t2="-4.57327" s0="1" s1="1" s2="1" r0="-0.650805" r1="3.1665e-008" r2="-0.759245" r3="0" r4="0.0483227" r5="0.997973" r6="-0.0414209" r7="0" r8="0.757706" r9="-0.0636457" r10="-0.649485" r11="0" r12="0" r13="0" r14="0" r15="1" id="158" color_r="1" color_g="1" color_b="1" type_file="Data/Objects/Gear/RatJunk/RatJunkSack.xml">
        <parameters />
    </EnvObject>
    <EnvObject t0="-140.367" t1="-31.0403" t2="-3.63861" s0="1" s1="1" s2="1" r0="0.882414" r1="-2.8913e-008" r2="-0.470473" r3="0" r4="2.8913e-008" r5="1" r6="-7.22625e-009" r7="0" r8="0.470473" r9="-7.22625e-009" r10="0.882414" r11="0" r12="0" r13="0" r14="0" r15="1" id="159" color_r="1" color_g="1" color_b="1" type_file="Data/Objects/Gear/RatJunk/RatJunkBirdSkull.xml">
        <parameters />
    </EnvObject>
    <Decal t0="-139.29" t1="-30.6884" t2="-4.37958" s0="0.17532" s1="0.021417" s2="0.266015" r0="0.273373" r1="7.1854e-008" r2="0.961908" r3="0" r4="7.1854e-008" r5="1" r6="-9.51203e-008" r7="0" r8="-0.961908" r9="9.51203e-008" r10="0.273373" r11="0" r12="0" r13="0" r14="0" r15="1" id="160" type_file="Data/Custom/timbles/therium-2/Objects/Decals/Notes/watchforghost.xml" i="0" color_r="1" color_g="1" color_b="1">
        <parameters />
    </Decal>
    <Hotspot t0="-139.355" t1="-32.5368" t2="-4.32952" s0="0.304206" s1="1.10451" s2="0.304206" r0="1" r1="0" r2="0" r3="0" r4="0" r5="1" r6="0" r7="0" r8="0" r9="0" r10="1" r11="0" r12="0" r13="0" r14="0" r15="1" id="161" type_file="Data/Objects/Hotspots/start_dialogue.xml">
        <parameters>
            <parameter name="Dialogue" type="string" val="Watch For Ghost Note" />
        </parameters>
    </Hotspot>
    <PlaceholderObject t0="-140.686" t1="-30.469" t2="-4.8864" s0="1" s1="1" s2="1" r0="1" r1="0" r2="0" r3="0" r4="0" r5="1" r6="0" r7="0" r8="0" r9="0" r10="1" r11="0" r12="0" r13="0" r14="0" r15="1" id="162" type_file="" special_type="0">
        <parameters>
            <parameter name="Dialogue" type="string" val="C:/Users/Nicholas/Desktop/steamapps/common/Overgrowth/Data/Custom/timbles/therium-2/Dialogues/Notes/watchforghost.txt" />
            <parameter name="DisplayName" type="string" val="Watch For Ghost Note" />
            <parameter name="NumParticipants" type="int" val="1" />
            <parameter name="Script" type="string" val='set_character_pos 1 -138.475 -30.6976 -4.40803 -174&#x0A;send_character_message 1 &quot;set_animation /&quot;Data/Animations/r_sit_cross_legged.anm/&quot;&quot;&#x0A;send_character_message 1 &quot;set_head_target -139.245 -30.6449 -4.42412 1&quot;&#x0A;set_cam -138.418 -30.2367 -3.58776 -17.68 23.66 0 66.0337&#x0A;#participants 1&#x0A;#name &quot;Watch For Ghost Note&quot;&#x0A;&#x0A;say 1 &quot;Ghost&quot; &quot;A note for the guards around here.&quot;&#x0A;set_cam -138.975 -30.0139 -4.44144 -63.96 100.34 6.15 28.5408&#x0A;say 1 &quot;&quot; &quot;...&quot;&#x0A;' />
            <parameter name="obj_1" type="int" val="163" />
        </parameters>
        <Connections>
            <Connection id="162" />
        </Connections>
    </PlaceholderObject>
    <PlaceholderObject t0="-140.686" t1="-29.769" t2="-4.8864" s0="0.3" s1="0.3" s2="0.3" r0="1" r1="0" r2="0" r3="0" r4="0" r5="1" r6="0" r7="0" r8="0" r9="0" r10="1" r11="0" r12="0" r13="0" r14="0" r15="1" id="163" type_file="" special_type="2">
        <parameters />
        <Connections>
            <Connection id="1" />
        </Connections>
    </PlaceholderObject>
    <EnvObject t0="-103.866" t1="-20.0329" t2="0.0597775" s0="1" s1="1" s2="1" r0="-0.0675714" r1="-8.13963e-008" r2="-0.997714" r3="0" r4="8.13963e-008" r5="1" r6="-8.70955e-008" r7="0" r8="0.997714" r9="-8.70955e-008" r10="-0.0675714" r11="0" r12="0" r13="0" r14="0" r15="1" id="164" color_r="1" color_g="1" color_b="1" type_file="Data/Objects/Buildings/arena/arena_staircase.xml">
        <parameters />
    </EnvObject>
    <EnvObject t0="-100.695" t1="-21.2583" t2="4.58623" s0="1" s1="1" s2="1" r0="0.997809" r1="1.19144e-007" r2="-0.0661678" r3="0" r4="-1.19144e-007" r5="1" r6="3.94607e-009" r7="0" r8="0.0661678" r9="3.94607e-009" r10="0.997809" r11="0" r12="0" r13="0" r14="0" r15="1" id="165" color_r="1" color_g="1" color_b="1" type_file="Data/Objects/Crete/CreteBlockStandard.xml">
        <parameters />
    </EnvObject>
    <EnvObject t0="-100.436" t1="-21.2583" t2="8.48986" s0="1" s1="1" s2="1" r0="0.997809" r1="1.19144e-007" r2="-0.0661678" r3="0" r4="-1.19144e-007" r5="1" r6="3.94607e-009" r7="0" r8="0.0661678" r9="3.94607e-009" r10="0.997809" r11="0" r12="0" r13="0" r14="0" r15="1" id="166" color_r="1" color_g="1" color_b="1" type_file="Data/Objects/Crete/CreteBlockStandard.xml">
        <parameters />
    </EnvObject>
    <EnvObject t0="-100.57" t1="-25.9515" t2="6.47917" s0="0.600369" s1="0.600369" s2="0.600369" r0="0.997809" r1="1.19144e-007" r2="-0.0661678" r3="0" r4="-1.19144e-007" r5="1" r6="3.94607e-009" r7="0" r8="0.0661678" r9="3.94607e-009" r10="0.997809" r11="0" r12="0" r13="0" r14="0" r15="1" id="167" color_r="1" color_g="1" color_b="1" type_file="Data/Objects/Crete/CreteBlockStandard.xml">
        <parameters />
    </EnvObject>
    <EnvObject t0="-100.57" t1="-29.5426" t2="6.47917" s0="0.600369" s1="0.600369" s2="0.600369" r0="0.997809" r1="1.19144e-007" r2="-0.0661678" r3="0" r4="-1.19144e-007" r5="1" r6="3.94607e-009" r7="0" r8="0.0661678" r9="3.94607e-009" r10="0.997809" r11="0" r12="0" r13="0" r14="0" r15="1" id="168" color_r="1" color_g="1" color_b="1" type_file="Data/Objects/Crete/CreteBlockStandard.xml">
        <parameters />
    </EnvObject>
    <EnvObject t0="-119.905" t1="-4.10023" t2="128.254" s0="1" s1="1" s2="1" r0="1" r1="0" r2="0" r3="0" r4="0" r5="1" r6="0" r7="0" r8="0" r9="0" r10="1" r11="0" r12="0" r13="0" r14="0" r15="1" id="169" color_r="1" color_g="1" color_b="1" type_file="Data/Objects/rocks/RoundStone1.xml">
        <parameters />
    </EnvObject>
    <EnvObject t0="-125.45" t1="-3.93721" t2="132.497" s0="1" s1="1" s2="1" r0="-0.211515" r1="0" r2="0.977375" r3="0" r4="-0" r5="1" r6="0" r7="0" r8="-0.977375" r9="-0" r10="-0.211515" r11="0" r12="0" r13="0" r14="0" r15="1" id="170" color_r="1" color_g="1" color_b="1" type_file="Data/Objects/rocks/RoundStone1.xml">
        <parameters />
    </EnvObject>
    <EnvObject t0="-122.921" t1="-1.83026" t2="131.345" s0="1" s1="1" s2="1" r0="-0.853698" r1="-1.6121e-008" r2="0.520769" r3="0" r4="1.6121e-008" r5="1" r6="5.73832e-008" r7="0" r8="-0.520769" r9="5.73832e-008" r10="-0.853698" r11="0" r12="0" r13="0" r14="0" r15="1" id="171" color_r="1" color_g="1" color_b="1" type_file="Data/Objects/rocks/RoundStone1.xml">
        <parameters />
    </EnvObject>
    <EnvObject t0="-136.5" t1="-1.98401" t2="127.18" s0="1" s1="1" s2="1" r0="1" r1="0" r2="0" r3="0" r4="0" r5="0.983857" r6="0.178959" r7="0" r8="0" r9="-0.178959" r10="0.983857" r11="0" r12="0" r13="0" r14="0" r15="1" id="172" color_r="1" color_g="1" color_b="1" type_file="Data/Objects/Environment/rocks/BlockyStone1.xml">
        <parameters />
    </EnvObject>
    <EnvObject t0="-162.874" t1="-1.42402" t2="132.218" s0="1.30582" s1="1.30582" s2="1.30582" r0="-0.193539" r1="-0.363019" r2="0.911461" r3="0" r4="0.0973646" r5="0.917333" r6="0.386032" r7="0" r8="-0.976249" r9="0.163456" r10="-0.142194" r11="0" r12="0" r13="0" r14="0" r15="1" id="173" color_r="1" color_g="1" color_b="1" type_file="Data/Objects/Environment/rocks/BlockyStone1.xml">
        <parameters />
    </EnvObject>
    <EnvObject t0="-225.936" t1="9.54858" t2="106.47" s0="1.47184" s1="1.47184" s2="1.47184" r0="0.977636" r1="0.210302" r2="-1.70296e-008" r3="0" r4="-0.210302" r5="0.977636" r6="1.21692e-007" r7="0" r8="4.22409e-008" r9="-1.1539e-007" r10="1" r11="0" r12="0" r13="0" r14="0" r15="1" id="174" color_r="1" color_g="1" color_b="1" type_file="Data/Objects/Environment/rocks/BlockyStone1.xml">
        <parameters />
    </EnvObject>
    <EnvObject t0="-231.571" t1="11.962" t2="101.239" s0="1.47184" s1="1.47184" s2="1.47184" r0="0.361279" r1="0.0777142" r2="0.929214" r3="0" r4="-0.210301" r5="0.977637" r6="1.2219e-006" r7="0" r8="-0.908433" r9="-0.195415" r10="0.369543" r11="0" r12="0" r13="0" r14="0" r15="1" id="175" color_r="1" color_g="1" color_b="1" type_file="Data/Objects/Environment/rocks/BlockyStone1.xml">
        <parameters />
    </EnvObject>
    <EnvObject t0="-223.852" t1="6.34176" t2="100.185" s0="1.47184" s1="1.47184" s2="1.47184" r0="-0.587812" r1="-0.126446" r2="0.799055" r3="0" r4="-0.210302" r5="0.977637" r6="9.31323e-007" r7="0" r8="-0.781185" r9="-0.168042" r10="-0.601258" r11="0" r12="0" r13="0" r14="0" r15="1" id="176" color_r="1" color_g="1" color_b="1" type_file="Data/Objects/Environment/rocks/BlockyStone1.xml">
        <parameters />
    </EnvObject>
    <Decal t0="-111.437" t1="-27.6596" t2="36.1876" s0="1.948" s1="1.97772" s2="3.29036" r0="-0.00241058" r1="0.00661481" r2="-0.999975" r3="0" r4="0.00300252" r5="0.999974" r6="0.00660756" r7="0" r8="0.999993" r9="-0.00298652" r10="-0.00243038" r11="0" r12="0" r13="0" r14="0" r15="1" id="177" type_file="Data/Objects/Decals/dark_rocks_red_dirt.xml" i="0" color_r="1" color_g="1" color_b="1">
        <parameters />
    </Decal>
    <Decal t0="-114.303" t1="-27.653" t2="36.4979" s0="1.948" s1="1.97772" s2="3.29036" r0="-0.134762" r1="0.00695179" r2="-0.990854" r3="0" r4="0.0030024" r5="0.999974" r6="0.00660743" r7="0" r8="0.990873" r9="-0.00208451" r10="-0.134779" r11="0" r12="0" r13="0" r14="0" r15="1" id="178" type_file="Data/Objects/Decals/dark_rocks_red_dirt.xml" i="0" color_r="1" color_g="1" color_b="1">
        <parameters />
    </Decal>
    <Decal t0="-108.71" t1="-27.6681" t2="36.2338" s0="1.948" s1="1.97772" s2="3.29036" r0="-0.158165" r1="0.00699929" r2="-0.987388" r3="0" r4="0.00300243" r5="0.999974" r6="0.00660756" r7="0" r8="0.987408" r9="-0.00191948" r10="-0.158182" r11="0" r12="0" r13="0" r14="0" r15="1" id="179" type_file="Data/Objects/Decals/dark_rocks_red_dirt.xml" i="0" color_r="1" color_g="1" color_b="1">
        <parameters />
    </Decal>
    <Decal t0="-105.949" t1="-27.6705" t2="35.344" s0="1.948" s1="1.97772" s2="3.29036" r0="-0.158165" r1="0.00699931" r2="-0.987388" r3="0" r4="0.00300239" r5="0.999974" r6="0.00660759" r7="0" r8="0.987408" r9="-0.00191943" r10="-0.158182" r11="0" r12="0" r13="0" r14="0" r15="1" id="180" type_file="Data/Objects/Decals/dark_rocks_red_dirt.xml" i="0" color_r="1" color_g="1" color_b="1">
        <parameters />
    </Decal>
    <Decal t0="-103.861" t1="-27.0675" t2="34.9671" s0="1.948" s1="1.97772" s2="3.29036" r0="-0.158165" r1="0.00699931" r2="-0.987388" r3="0" r4="0.00300239" r5="0.999974" r6="0.00660759" r7="0" r8="0.987408" r9="-0.00191943" r10="-0.158182" r11="0" r12="0" r13="0" r14="0" r15="1" id="181" type_file="Data/Objects/Decals/dark_rocks_red_dirt.xml" i="0" color_r="1" color_g="1" color_b="1">
        <parameters />
    </Decal>
    <Decal t0="-101.318" t1="-26.4165" t2="34.6445" s0="1.948" s1="1.97772" s2="3.29036" r0="0.239711" r1="0.00569524" r2="-0.970828" r3="0" r4="0.00300239" r5="0.999974" r6="0.00660755" r7="0" r8="0.97084" r9="-0.0044987" r10="0.239687" r11="0" r12="0" r13="0" r14="0" r15="1" id="182" type_file="Data/Objects/Decals/dark_rocks_red_dirt.xml" i="0" color_r="1" color_g="1" color_b="1">
        <parameters />
    </Decal>
    <Decal t0="-99.7436" t1="-26.4291" t2="35.8459" s0="1.948" s1="1.97772" s2="3.29036" r0="0.728183" r1="0.00234256" r2="-0.685379" r3="0" r4="0.00300233" r5="0.999974" r6="0.00660764" r7="0" r8="0.685377" r9="-0.0068693" r10="0.728156" r11="0" r12="0" r13="0" r14="0" r15="1" id="183" type_file="Data/Objects/Decals/dark_rocks_red_dirt.xml" i="0" color_r="1" color_g="1" color_b="1">
        <parameters />
    </Decal>
    <EnvObject t0="-147.331" t1="-28.0248" t2="29.8188" s0="1" s1="1" s2="1" r0="1" r1="0" r2="0" r3="0" r4="0" r5="1" r6="0" r7="0" r8="0" r9="0" r10="1" r11="0" r12="0" r13="0" r14="0" r15="1" id="184" color_r="1" color_g="1" color_b="1" type_file="Data/Objects/Gear/DogTools/DogToolbox.xml">
        <parameters />
    </EnvObject>
    <ActorObject t0="-129.914" t1="-28.0449" t2="18.9427" s0="1" s1="1" s2="1" r0="1" r1="0" r2="0" r3="0" r4="0" r5="1" r6="0" r7="0" r8="0" r9="0" r10="1" r11="0" r12="0" r13="0" r14="0" r15="1" id="185" type_file="Data/Objects/IGF_Characters/IGF_GuardActor_reddy.xml" is_player="0">
        <parameters>
            <parameter name="Aggression" type="float" val="0.5" />
            <parameter name="Attack Damage" type="float" val="1" />
            <parameter name="Attack Knockback" type="float" val="1" />
            <parameter name="Attack Speed" type="float" val="1" />
            <parameter name="Block Follow-up" type="float" val="0.5" />
            <parameter name="Block Skill" type="float" val="0.5" />
            <parameter name="Character Scale" type="float" val="1" />
            <parameter name="Damage Resistance" type="float" val="1" />
            <parameter name="Ear Size" type="float" val="1" />
            <parameter name="Fat" type="float" val="0.5" />
            <parameter name="Ground Aggression" type="float" val="0.5" />
            <parameter name="Left handed" type="int" val="0" />
            <parameter name="Lives" type="int" val="1" />
            <parameter name="Movement Speed" type="float" val="1" />
            <parameter name="Muscle" type="float" val="0.5" />
            <parameter name="Teams" type="string" val="guard" />
        </parameters>
        <Connections>
            <Connection id="186" />
        </Connections>
        <ItemConnections />
        <Palette />
    </ActorObject>
    <PathPointObject t0="-129.555" t1="-28.5077" t2="22.2899" s0="1" s1="1" s2="1" r0="1" r1="0" r2="0" r3="0" r4="0" r5="1" r6="0" r7="0" r8="0" r9="0" r10="1" r11="0" r12="0" r13="0" r14="0" r15="1" id="186" type_file="">
        <parameters>
            <parameter name="Type" type="string" val="Stand" />
            <parameter name="Wait" type="float" val="0" />
        </parameters>
        <Connections>
            <Connection id="187" />
            <Connection id="191" />
        </Connections>
    </PathPointObject>
    <PathPointObject t0="-126.737" t1="-27.725" t2="30.6577" s0="1" s1="1" s2="1" r0="1" r1="0" r2="0" r3="0" r4="0" r5="1" r6="0" r7="0" r8="0" r9="0" r10="1" r11="0" r12="0" r13="0" r14="0" r15="1" id="187" type_file="">
        <parameters>
            <parameter name="Type" type="string" val="Stand" />
            <parameter name="Wait" type="float" val="0" />
        </parameters>
        <Connections>
            <Connection id="186" />
            <Connection id="188" />
        </Connections>
    </PathPointObject>
    <PathPointObject t0="-121.187" t1="-27.2859" t2="36.958" s0="1" s1="1" s2="1" r0="1" r1="0" r2="0" r3="0" r4="0" r5="1" r6="0" r7="0" r8="0" r9="0" r10="1" r11="0" r12="0" r13="0" r14="0" r15="1" id="188" type_file="">
        <parameters>
            <parameter name="Type" type="string" val="Stand" />
            <parameter name="Wait" type="float" val="0" />
        </parameters>
        <Connections>
            <Connection id="187" />
            <Connection id="189" />
        </Connections>
    </PathPointObject>
    <PathPointObject t0="-116.3" t1="-26.7495" t2="33.4643" s0="1" s1="1" s2="1" r0="1" r1="0" r2="0" r3="0" r4="0" r5="1" r6="0" r7="0" r8="0" r9="0" r10="1" r11="0" r12="0" r13="0" r14="0" r15="1" id="189" type_file="">
        <parameters>
