<?xml version="2.0" ?>
<Type>saved</Type>
<Name></Name>
<Description></Description>
<Shader>post</Shader>
<Terrain>
    <Heightmap>Data/Textures/Terrain/impressive_mountains/impressive_mountains_hm.png</Heightmap>
    <DetailMap></DetailMap>
    <ColorMap>Data/Textures/Terrain/impressive_mountains/impressive_mountains_c.tga</ColorMap>
    <DetailMaps>
        <DetailMap colorpath="Data/Textures/Terrain/DetailTextures/snow.tga" normalpath="Data/Textures/Terrain/DetailTextures/snow_normal.tga" materialpath="Data/Materials/snow.xml" />
        <DetailMap colorpath="Data/Textures/Terrain/DetailTextures/glacial.tga" normalpath="Data/Textures/Terrain/DetailTextures/glacial_normal.tga" materialpath="Data/Materials/ice.xml" />
        <DetailMap colorpath="Data/Textures/Terrain/DetailTextures/pebbles.tga" normalpath="Data/Textures/Terrain/DetailTextures/pebbles_normal.tga" materialpath="Data/Materials/gravel.xml" />
        <DetailMap colorpath="Data/Textures/Terrain/DetailTextures/dark_round_rocks.tga" normalpath="Data/Textures/Terrain/DetailTextures/dark_round_rocks_normal.tga" materialpath="Data/Materials/rocks.xml" />
    </DetailMaps>
    <DetailObjects />
</Terrain>
<OutOfDate Shadow="true" AO="true" NavMesh="true" />
<SpawnPoints>
    <SpawnPoint t0="0" t1="200" t2="0" s0="1" s1="1" s2="1" r0="1" r1="0" r2="0" r3="0" r4="0" r5="1" r6="0" r7="0" r8="0" r9="0" r10="1" r11="0" r12="0" r13="0" r14="0" r15="1" />
</SpawnPoints>
<AmbientSounds>
    <Ambient path="Data/Sounds/ambient/amb_ice_wind" />
</AmbientSounds>
<Script></Script>
<LevelScriptParameters>
    <parameter name="Achievements" type="string" val="flawless, no_injuries, no_kills" />
    <parameter name="Level Boundaries" type="int" val="1" />
    <parameter name="Objectives" type="string" val="destroy_all" />
</LevelScriptParameters>
<Sky>
    <DomeTexture>Data/Textures/skies/blue4.tga</DomeTexture>
    <SunAngularRad>0.111648</SunAngularRad>
    <SunColorAngle>292.729</SunColorAngle>
    <RayToSun r0="-0.433549" r1="0.634246" r2="-0.640131" />
    <ExtraAO>0</ExtraAO>
    <SkyRotation>0</SkyRotation>
</Sky>
<ActorObjects>
    <Group t0="205.617" t1="53.9641" t2="168.824" s0="30.1381" s1="24.0114" s2="20.3921" r0="1" r1="0" r2="0" r3="0" r4="0" r5="1" r6="0" r7="0" r8="0" r9="0" r10="1" r11="0" r12="0" r13="0" r14="0" r15="1" id="113" version="1">
        <parameters />
        <EnvObject t0="211.188" t1="50.5763" t2="166.079" s0="2.35795" s1="2.35795" s2="2.35795" r0="-0.285814" r1="0.273928" r2="-0.918299" r3="0" r4="-0.787476" r5="0.478925" r6="0.387959" r7="0" r8="0.54607" r9="0.834023" r10="0.0788276" r11="0" r12="0" r13="0" r14="0" r15="1" id="108" color_r="0.545098" color_g="0.545098" color_b="0.545098" type_file="Data/Objects/Crete/CreteBlockStandard.xml">
            <parameters />
        </EnvObject>
        <EnvObject t0="200.047" t1="57.352" t2="171.568" s0="2.35795" s1="2.35795" s2="2.35795" r0="-0.285814" r1="0.273928" r2="-0.918299" r3="0" r4="-0.787476" r5="0.478925" r6="0.387959" r7="0" r8="0.54607" r9="0.834023" r10="0.0788276" r11="0" r12="0" r13="0" r14="0" r15="1" id="120" color_r="0.545098" color_g="0.545098" color_b="0.545098" type_file="Data/Objects/Crete/CreteBlockStandard.xml">
            <parameters />
        </EnvObject>
    </Group>
    <EnvObject t0="94.5335" t1="39.8455" t2="-219.555" s0="4.77567" s1="4.77567" s2="4.77567" r0="-0.141873" r1="-0.989826" r2="-0.0107952" r3="0" r4="-0.981938" r5="0.142104" r6="-0.124918" r7="0" r8="0.125181" r9="-0.00712219" r10="-0.992109" r11="0" r12="0" r13="0" r14="0" r15="1" id="45" color_r="0.239216" color_g="0.239216" color_b="0.239216" type_file="Data/Objects/Crete/CreteBlockStandard.xml">
        <parameters />
    </EnvObject>
    <EnvObject t0="56.6187" t1="37.3764" t2="-233.442" s0="4.77476" s1="4.77476" s2="4.77476" r0="-0.141873" r1="-0.989826" r2="-0.0107952" r3="0" r4="-0.981938" r5="0.142104" r6="-0.124918" r7="0" r8="0.125181" r9="-0.00712219" r10="-0.992109" r11="0" r12="0" r13="0" r14="0" r15="1" id="46" color_r="0.239216" color_g="0.239216" color_b="0.239216" type_file="Data/Objects/Crete/CreteBlockStandard.xml">
        <parameters />
    </EnvObject>
    <EnvObject t0="-98.6163" t1="47.7381" t2="-243.995" s0="4.77567" s1="4.77567" s2="4.77567" r0="-0.125181" r1="0.00712112" r2="0.992108" r3="0" r4="0.981938" r5="-0.142104" r6="0.124918" r7="0" r8="0.141873" r9="0.989826" r10="0.0107964" r11="0" r12="0" r13="0" r14="0" r15="1" id="47" color_r="0.239216" color_g="0.239216" color_b="0.239216" type_file="Data/Objects/Crete/CreteBlockStandard.xml">
        <parameters />
    </EnvObject>
    <EnvObject t0="-14.1957" t1="35.5195" t2="-233.243" s0="4.77567" s1="4.77567" s2="4.77567" r0="-0.141873" r1="-0.989826" r2="-0.0107952" r3="0" r4="-0.981938" r5="0.142104" r6="-0.124918" r7="0" r8="0.125181" r9="-0.00712219" r10="-0.992109" r11="0" r12="0" r13="0" r14="0" r15="1" id="48" color_r="0.239216" color_g="0.239216" color_b="0.239216" type_file="Data/Objects/Crete/CreteBlockStandard.xml">
        <parameters />
    </EnvObject>
    <EnvObject t0="13.9401" t1="31.4474" t2="-229.663" s0="4.77567" s1="4.77567" s2="4.77567" r0="0.141873" r1="0.989826" r2="0.0107953" r3="0" r4="0.981938" r5="-0.142105" r6="0.124918" r7="0" r8="0.125181" r9="-0.00712222" r10="-0.992108" r11="0" r12="0" r13="0" r14="0" r15="1" id="49" color_r="0.239216" color_g="0.239216" color_b="0.239216" type_file="Data/Objects/Crete/CreteBlockStandard.xml">
        <parameters />
    </EnvObject>
    <EnvObject t0="98.3961" t1="14.8961" t2="-234.253" s0="4.77567" s1="4.77567" s2="4.77567" r0="-0.125181" r1="0.00712341" r2="0.992108" r3="0" r4="-0.981938" r5="0.142104" r6="-0.124918" r7="0" r8="-0.141872" r9="-0.989826" r10="-0.010794" r11="0" r12="0" r13="0" r14="0" r15="1" id="50" color_r="0.239216" color_g="0.239216" color_b="0.239216" type_file="Data/Objects/Crete/CreteBlockStandard.xml">
        <parameters />
    </EnvObject>
    <EnvObject t0="-42.3437" t1="39.5942" t2="-236.836" s0="4.77567" s1="4.77567" s2="4.77567" r0="-0.125181" r1="0.00712112" r2="0.992108" r3="0" r4="0.981938" r5="-0.142104" r6="0.124918" r7="0" r8="0.141873" r9="0.989826" r10="0.0107964" r11="0" r12="0" r13="0" r14="0" r15="1" id="51" color_r="0.239216" color_g="0.239216" color_b="0.239216" type_file="Data/Objects/Crete/CreteBlockStandard.xml">
        <parameters />
    </EnvObject>
    <EnvObject t0="-70.48" t1="43.6662" t2="-240.416" s0="4.77567" s1="4.77567" s2="4.77567" r0="-0.125181" r1="0.00712341" r2="0.992108" r3="0" r4="-0.981938" r5="0.142104" r6="-0.124918" r7="0" r8="-0.141872" r9="-0.989826" r10="-0.010794" r11="0" r12="0" r13="0" r14="0" r15="1" id="52" color_r="0.239216" color_g="0.239216" color_b="0.239216" type_file="Data/Objects/Crete/CreteBlockStandard.xml">
        <parameters />
    </EnvObject>
    <EnvObject t0="-65.4597" t1="29.3292" t2="-248.822" s0="4.77567" s1="4.77567" s2="4.77567" r0="-0.125181" r1="0.00712341" r2="0.992108" r3="0" r4="-0.981938" r5="0.142104" r6="-0.124918" r7="0" r8="-0.141872" r9="-0.989826" r10="-0.010794" r11="0" r12="0" r13="0" r14="0" r15="1" id="53" color_r="0.239216" color_g="0.239216" color_b="0.239216" type_file="Data/Objects/Crete/CreteBlockStandard.xml">
        <parameters />
    </EnvObject>
    <EnvObject t0="42.1233" t1="23.0397" t2="-241.412" s0="4.77567" s1="4.77567" s2="4.77567" r0="-0.125181" r1="0.00712341" r2="0.992108" r3="0" r4="-0.981938" r5="0.142104" r6="-0.124918" r7="0" r8="-0.141872" r9="-0.989826" r10="-0.010794" r11="0" r12="0" r13="0" r14="0" r15="1" id="56" color_r="0.239216" color_g="0.239216" color_b="0.239216" type_file="Data/Objects/Crete/CreteBlockStandard.xml">
        <parameters />
    </EnvObject>
    <EnvObject t0="70.2589" t1="18.9682" t2="-237.833" s0="4.77567" s1="4.77567" s2="4.77567" r0="-0.125181" r1="0.00712341" r2="0.992108" r3="0" r4="-0.981938" r5="0.142104" r6="-0.124918" r7="0" r8="-0.141872" r9="-0.989826" r10="-0.010794" r11="0" r12="0" r13="0" r14="0" r15="1" id="57" color_r="0.239216" color_g="0.239216" color_b="0.239216" type_file="Data/Objects/Crete/CreteBlockStandard.xml">
        <parameters />
    </EnvObject>
    <EnvObject t0="99.6317" t1="26.9533" t2="-207.018" s0="4.77567" s1="4.77567" s2="4.77567" r0="-0.141873" r1="-0.989826" r2="-0.0107952" r3="0" r4="-0.981938" r5="0.142104" r6="-0.124918" r7="0" r8="0.125181" r9="-0.00712219" r10="-0.992109" r11="0" r12="0" r13="0" r14="0" r15="1" id="58" color_r="0.239216" color_g="0.239216" color_b="0.239216" type_file="Data/Objects/Crete/CreteBlockStandard.xml">
        <parameters />
    </EnvObject>
    <EnvObject t0="66.3982" t1="43.9172" t2="-223.134" s0="4.77567" s1="4.77567" s2="4.77567" r0="-0.141873" r1="-0.989826" r2="-0.0107952" r3="0" r4="-0.981938" r5="0.142104" r6="-0.124918" r7="0" r8="0.125181" r9="-0.00712219" r10="-0.992109" r11="0" r12="0" r13="0" r14="0" r15="1" id="59" color_r="0.239216" color_g="0.239216" color_b="0.239216" type_file="Data/Objects/Crete/CreteBlockStandard.xml">
        <parameters />
    </EnvObject>
    <EnvObject t0="103.357" t1="4.89774" t2="-227.345" s0="4.77567" s1="4.77567" s2="4.77567" r0="-0.125181" r1="0.00712341" r2="0.992108" r3="0" r4="-0.981938" r5="0.142104" r6="-0.124918" r7="0" r8="-0.141872" r9="-0.989826" r10="-0.010794" r11="0" r12="0" r13="0" r14="0" r15="1" id="60" color_r="0.239216" color_g="0.239216" color_b="0.239216" type_file="Data/Objects/Crete/CreteBlockStandard.xml">
        <parameters />
    </EnvObject>
    <EnvObject t0="-9.18803" t1="21.1871" t2="-241.662" s0="4.77567" s1="4.77567" s2="4.77567" r0="-0.125181" r1="0.00712341" r2="0.992108" r3="0" r4="-0.981938" r5="0.142104" r6="-0.124918" r7="0" r8="-0.141872" r9="-0.989826" r10="-0.010794" r11="0" r12="0" r13="0" r14="0" r15="1" id="62" color_r="0.239216" color_g="0.239216" color_b="0.239216" type_file="Data/Objects/Crete/CreteBlockStandard.xml">
        <parameters />
    </EnvObject>
    <EnvObject t0="18.9488" t1="17.1138" t2="-238.083" s0="4.77567" s1="4.77567" s2="4.77567" r0="-0.125181" r1="0.00712341" r2="0.992108" r3="0" r4="-0.981938" r5="0.142104" r6="-0.124918" r7="0" r8="-0.141872" r9="-0.989826" r10="-0.010794" r11="0" r12="0" r13="0" r14="0" r15="1" id="63" color_r="0.239216" color_g="0.239216" color_b="0.239216" type_file="Data/Objects/Crete/CreteBlockStandard.xml">
        <parameters />
    </EnvObject>
    <EnvObject t0="-13.7756" t1="33.7905" t2="-248.542" s0="4.77567" s1="4.77567" s2="4.77567" r0="-0.125181" r1="0.00712341" r2="0.992108" r3="0" r4="-0.981938" r5="0.142104" r6="-0.124918" r7="0" r8="-0.141872" r9="-0.989826" r10="-0.010794" r11="0" r12="0" r13="0" r14="0" r15="1" id="65" color_r="0.239216" color_g="0.239216" color_b="0.239216" type_file="Data/Objects/Crete/CreteBlockStandard.xml">
        <parameters />
    </EnvObject>
    <EnvObject t0="25.7608" t1="19.1318" t2="-217.509" s0="2.41941" s1="2.41941" s2="2.41941" r0="-0.125181" r1="0.00712341" r2="0.992108" r3="0" r4="-0.981938" r5="0.142104" r6="-0.124918" r7="0" r8="-0.141872" r9="-0.989826" r10="-0.010794" r11="0" r12="0" r13="0" r14="0" r15="1" id="66" color_r="0.239216" color_g="0.239216" color_b="0.239216" type_file="Data/Objects/Crete/CreteBlockStandard.xml">
        <parameters />
    </EnvObject>
    <EnvObject t0="-36.4731" t1="46.2162" t2="-225.023" s0="2.92363" s1="2.92363" s2="2.92363" r0="-0.125181" r1="0.00712341" r2="0.992108" r3="0" r4="-0.981938" r5="0.142104" r6="-0.124918" r7="0" r8="-0.141872" r9="-0.989826" r10="-0.010794" r11="0" r12="0" r13="0" r14="0" r15="1" id="67" color_r="0.239216" color_g="0.239216" color_b="0.239216" type_file="Data/Objects/Crete/CreteBlockStandard.xml">
        <parameters />
    </EnvObject>
    <EnvObject t0="-21.9679" t1="24.1757" t2="-255.855" s0="2.14034" s1="2.14034" s2="2.14034" r0="0.125181" r1="-0.00712124" r2="-0.992108" r3="0" r4="-0.981938" r5="0.142104" r6="-0.124918" r7="0" r8="0.141872" r9="0.989826" r10="0.0107962" r11="0" r12="0" r13="0" r14="0" r15="1" id="68" color_r="0.239216" color_g="0.239216" color_b="0.239216" type_file="Data/Objects/Crete/CreteBlockStandard.xml">
        <parameters />
    </EnvObject>
    <EnvObject t0="93.1019" t1="44.8223" t2="-233.74" s0="2.92363" s1="2.92363" s2="2.92363" r0="-0.125181" r1="0.00712341" r2="0.992108" r3="0" r4="-0.981938" r5="0.142104" r6="-0.124918" r7="0" r8="-0.141872" r9="-0.989826" r10="-0.010794" r11="0" r12="0" r13="0" r14="0" r15="1" id="74" color_r="0.239216" color_g="0.239216" color_b="0.239216" type_file="Data/Objects/Crete/CreteBlockStandard.xml">
        <parameters />
    </EnvObject>
    <EnvObject t0="75.8774" t1="47.3147" t2="-235.931" s0="2.92363" s1="2.92363" s2="2.92363" r0="-0.125181" r1="0.00712341" r2="0.992108" r3="0" r4="-0.981938" r5="0.142104" r6="-0.124918" r7="0" r8="-0.141872" r9="-0.989826" r10="-0.010794" r11="0" r12="0" r13="0" r14="0" r15="1" id="75" color_r="0.239216" color_g="0.239216" color_b="0.239216" type_file="Data/Objects/Crete/CreteBlockStandard.xml">
        <parameters />
    </EnvObject>
    <EnvObject t0="118.057" t1="39.7276" t2="-247.82" s0="2.92364" s1="2.92364" s2="2.92364" r0="0.141872" r1="0.989826" r2="0.0107952" r3="0" r4="-0.981938" r5="0.142104" r6="-0.124918" r7="0" r8="-0.125181" r9="0.00712212" r10="0.992108" r11="0" r12="0" r13="0" r14="0" r15="1" id="78" color_r="0.239216" color_g="0.239216" color_b="0.239216" type_file="Data/Objects/Crete/CreteBlockStandard.xml">
        <parameters />
    </EnvObject>
    <EnvObject t0="-20.7366" t1="30.7848" t2="-241.1" s0="4.77567" s1="4.77567" s2="4.77567" r0="-0.125181" r1="0.00712341" r2="0.992108" r3="0" r4="-0.981938" r5="0.142104" r6="-0.124918" r7="0" r8="-0.141872" r9="-0.989826" r10="-0.010794" r11="0" r12="0" r13="0" r14="0" r15="1" id="80" color_r="0.239216" color_g="0.239216" color_b="0.239216" type_file="Data/Objects/Crete/CreteBlockStandard.xml">
        <parameters />
    </EnvObject>
    <EnvObject t0="-2.74758" t1="23.2576" t2="-221.136" s0="2.41941" s1="2.41941" s2="2.41941" r0="-0.125181" r1="0.00712341" r2="0.992108" r3="0" r4="-0.981938" r5="0.142104" r6="-0.124918" r7="0" r8="-0.141872" r9="-0.989826" r10="-0.010794" r11="0" r12="0" r13="0" r14="0" r15="1" id="83" color_r="0.239216" color_g="0.239216" color_b="0.239216" type_file="Data/Objects/Crete/CreteBlockStandard.xml">
        <parameters />
    </EnvObject>
    <EnvObject t0="108.952" t1="45.7796" t2="-243.419" s0="2.92364" s1="2.92364" s2="2.92364" r0="0.141872" r1="0.989826" r2="0.0107952" r3="0" r4="-0.981938" r5="0.142104" r6="-0.124918" r7="0" r8="-0.125181" r9="0.00712212" r10="0.992108" r11="0" r12="0" r13="0" r14="0" r15="1" id="55" color_r="0.239216" color_g="0.239216" color_b="0.239216" type_file="Data/Objects/Crete/CreteBlockStandard.xml">
        <parameters />
    </EnvObject>
    <EnvObject t0="82.6727" t1="42.0018" t2="-242.208" s0="2.92364" s1="2.92364" s2="2.92364" r0="0.141872" r1="0.989826" r2="0.0107952" r3="0" r4="-0.981938" r5="0.142104" r6="-0.124918" r7="0" r8="-0.125181" r9="0.00712212" r10="0.992108" r11="0" r12="0" r13="0" r14="0" r15="1" id="87" color_r="0.239216" color_g="0.239216" color_b="0.239216" type_file="Data/Objects/Crete/CreteBlockStandard.xml">
        <parameters />
    </EnvObject>
    <EnvObject t0="90.5526" t1="-19.6964" t2="-236.282" s0="2.92364" s1="2.92364" s2="2.92364" r0="0.141872" r1="0.989826" r2="0.0107952" r3="0" r4="-0.981938" r5="0.142104" r6="-0.124918" r7="0" r8="-0.125181" r9="0.00712212" r10="0.992108" r11="0" r12="0" r13="0" r14="0" r15="1" id="88" color_r="0.239216" color_g="0.239216" color_b="0.239216" type_file="Data/Objects/Crete/CreteBlockStandard.xml">
        <parameters />
    </EnvObject>
    <EnvObject t0="75.2211" t1="8.96985" t2="-230.925" s0="4.77567" s1="4.77567" s2="4.77567" r0="-0.125181" r1="0.00712341" r2="0.992108" r3="0" r4="-0.981938" r5="0.142104" r6="-0.124918" r7="0" r8="-0.141872" r9="-0.989826" r10="-0.010794" r11="0" r12="0" r13="0" r14="0" r15="1" id="89" color_r="0.239216" color_g="0.239216" color_b="0.239216" type_file="Data/Objects/Crete/CreteBlockStandard.xml">
        <parameters />
    </EnvObject>
    <EnvObject t0="74.903" t1="4.555" t2="-242.829" s0="2.92364" s1="2.92364" s2="2.92364" r0="0.141872" r1="0.989826" r2="0.0107952" r3="0" r4="-0.981938" r5="0.142104" r6="-0.124918" r7="0" r8="-0.125181" r9="0.00712212" r10="0.992108" r11="0" r12="0" r13="0" r14="0" r15="1" id="91" color_r="0.239216" color_g="0.239216" color_b="0.239216" type_file="Data/Objects/Crete/CreteBlockStandard.xml">
        <parameters />
    </EnvObject>
    <EnvObject t0="64.3799" t1="31.7048" t2="-256.139" s0="2.92363" s1="2.92364" s2="2.92364" r0="0.125181" r1="-0.00712124" r2="-0.992108" r3="0" r4="-0.981938" r5="0.142104" r6="-0.124918" r7="0" r8="0.141872" r9="0.989826" r10="0.0107962" r11="0" r12="0" r13="0" r14="0" r15="1" id="93" color_r="0.239216" color_g="0.239216" color_b="0.239216" type_file="Data/Objects/Crete/CreteBlockStandard.xml">
        <parameters />
    </EnvObject>
    <EnvObject t0="114.208" t1="18.8032" t2="-253.199" s0="2.92364" s1="2.92364" s2="2.92364" r0="0.141872" r1="0.989826" r2="0.0107952" r3="0" r4="-0.981938" r5="0.142104" r6="-0.124918" r7="0" r8="-0.125181" r9="0.00712212" r10="0.992108" r11="0" r12="0" r13="0" r14="0" r15="1" id="94" color_r="0.239216" color_g="0.239216" color_b="0.239216" type_file="Data/Objects/Crete/CreteBlockStandard.xml">
        <parameters />
    </EnvObject>
    <EnvObject t0="102.143" t1="29.9511" t2="-246.547" s0="2.92364" s1="2.92364" s2="2.92364" r0="0.141872" r1="0.989826" r2="0.0107952" r3="0" r4="-0.981938" r5="0.142104" r6="-0.124918" r7="0" r8="-0.125181" r9="0.00712212" r10="0.992108" r11="0" r12="0" r13="0" r14="0" r15="1" id="95" color_r="0.239216" color_g="0.239216" color_b="0.239216" type_file="Data/Objects/Crete/CreteBlockStandard.xml">
        <parameters />
    </EnvObject>
    <EnvObject t0="80.9537" t1="23.0406" t2="-258.563" s0="2.20882" s1="2.20882" s2="2.20882" r0="-0.141873" r1="-0.989826" r2="-0.0107952" r3="0" r4="-0.981938" r5="0.142104" r6="-0.124918" r7="0" r8="0.125181" r9="-0.00712219" r10="-0.992109" r11="0" r12="0" r13="0" r14="0" r15="1" id="98" color_r="0.239216" color_g="0.239216" color_b="0.239216" type_file="Data/Objects/Crete/CreteBlockStandard.xml">
        <parameters />
    </EnvObject>
    <EnvObject t0="72.9828" t1="24.1943" t2="-259.577" s0="2.92364" s1="2.92363" s2="2.92364" r0="-0.141873" r1="-0.989826" r2="-0.0107952" r3="0" r4="-0.981938" r5="0.142104" r6="-0.124918" r7="0" r8="0.125181" r9="-0.00712219" r10="-0.992109" r11="0" r12="0" r13="0" r14="0" r15="1" id="99" color_r="0.239216" color_g="0.239216" color_b="0.239216" type_file="Data/Objects/Crete/CreteBlockStandard.xml">
        <parameters />
    </EnvObject>
    <EnvObject t0="22.919" t1="31.4397" t2="-265.946" s0="2.92364" s1="2.92363" s2="2.92364" r0="-0.141873" r1="-0.989826" r2="-0.0107952" r3="0" r4="-0.981938" r5="0.142104" r6="-0.124918" r7="0" r8="0.125181" r9="-0.00712219" r10="-0.992109" r11="0" r12="0" r13="0" r14="0" r15="1" id="100" color_r="0.239216" color_g="0.239216" color_b="0.239216" type_file="Data/Objects/Crete/CreteBlockStandard.xml">
        <parameters />
    </EnvObject>
    <EnvObject t0="0.183094" t1="11.0278" t2="-232.178" s0="2.92364" s1="2.92364" s2="2.92364" r0="-0.141875" r1="-0.989826" r2="-0.0107967" r3="0" r4="0.981937" r5="-0.142107" r6="0.124918" r7="0" r8="-0.125181" r9="0.00712108" r10="0.992108" r11="0" r12="0" r13="0" r14="0" r15="1" id="101" color_r="0.239216" color_g="0.239216" color_b="0.239216" type_file="Data/Objects/Crete/CreteBlockStandard.xml">
        <parameters />
    </EnvObject>
    <EnvObject t0="96.7921" t1="35.2165" t2="-245.997" s0="2.92364" s1="2.92364" s2="2.92364" r0="0.141872" r1="0.989826" r2="0.0107952" r3="0" r4="-0.981938" r5="0.142104" r6="-0.124918" r7="0" r8="-0.125181" r9="0.00712212" r10="0.992108" r11="0" r12="0" r13="0" r14="0" r15="1" id="104" color_r="0.239216" color_g="0.239216" color_b="0.239216" type_file="Data/Objects/Crete/CreteBlockStandard.xml">
        <parameters />
    </EnvObject>
    <EnvObject t0="78.3517" t1="-22.5903" t2="-231.301" s0="2.92364" s1="2.92364" s2="2.92364" r0="0.141872" r1="0.989826" r2="0.0107952" r3="0" r4="-0.981938" r5="0.142104" r6="-0.124918" r7="0" r8="-0.125181" r9="0.00712212" r10="0.992108" r11="0" r12="0" r13="0" r14="0" r15="1" id="105" color_r="0.239216" color_g="0.239216" color_b="0.239216" type_file="Data/Objects/Crete/CreteBlockStandard.xml">
        <parameters />
    </EnvObject>
    <EnvObject t0="47.0848" t1="13.0417" t2="-234.504" s0="4.77567" s1="4.77567" s2="4.77567" r0="-0.125181" r1="0.00712341" r2="0.992108" r3="0" r4="-0.981938" r5="0.142104" r6="-0.124918" r7="0" r8="-0.141872" r9="-0.989826" r10="-0.010794" r11="0" r12="0" r13="0" r14="0" r15="1" id="107" color_r="0.239216" color_g="0.239216" color_b="0.239216" type_file="Data/Objects/Crete/CreteBlockStandard.xml">
        <parameters />
    </EnvObject>
    <EnvObject t0="62.9157" t1="31.7875" t2="-244.537" s0="2.92364" s1="2.92364" s2="2.92364" r0="0.141872" r1="0.989826" r2="0.0107952" r3="0" r4="-0.981938" r5="0.142104" r6="-0.124918" r7="0" r8="-0.125181" r9="0.00712212" r10="0.992108" r11="0" r12="0" r13="0" r14="0" r15="1" id="111" color_r="0.239216" color_g="0.239216" color_b="0.239216" type_file="Data/Objects/Crete/CreteBlockStandard.xml">
        <parameters />
    </EnvObject>
    <EnvObject t0="6.34251" t1="43.8739" t2="-253.753" s0="2.92364" s1="2.92364" s2="2.92364" r0="0.141872" r1="0.989826" r2="0.0107952" r3="0" r4="-0.981938" r5="0.142104" r6="-0.124918" r7="0" r8="-0.125181" r9="0.00712212" r10="0.992108" r11="0" r12="0" r13="0" r14="0" r15="1" id="112" color_r="0.239216" color_g="0.239216" color_b="0.239216" type_file="Data/Objects/Crete/CreteBlockStandard.xml">
        <parameters />
    </EnvObject>
    <EnvObject t0="-5.89416" t1="21.7471" t2="-232.641" s0="2.41941" s1="2.41941" s2="2.41941" r0="-0.125181" r1="0.00712341" r2="0.992108" r3="0" r4="-0.981938" r5="0.142104" r6="-0.124918" r7="0" r8="-0.141872" r9="-0.989826" r10="-0.010794" r11="0" r12="0" r13="0" r14="0" r15="1" id="116" color_r="0.239216" color_g="0.239216" color_b="0.239216" type_file="Data/Objects/Crete/CreteBlockStandard.xml">
        <parameters />
    </EnvObject>
    <EnvObject t0="-4.07508" t1="18.901" t2="-229.637" s0="2.92364" s1="2.92364" s2="2.92364" r0="0.141872" r1="0.989826" r2="0.0107952" r3="0" r4="-0.981938" r5="0.142104" r6="-0.124918" r7="0" r8="-0.125181" r9="0.00712212" r10="0.992108" r11="0" r12="0" r13="0" r14="0" r15="1" id="117" color_r="0.239216" color_g="0.239216" color_b="0.239216" type_file="Data/Objects/Crete/CreteBlockStandard.xml">
        <parameters />
    </EnvObject>
    <EnvObject t0="-51.782" t1="20.6296" t2="-245.388" s0="2.41941" s1="2.41941" s2="2.41941" r0="-0.125181" r1="0.00712341" r2="0.992108" r3="0" r4="-0.981938" r5="0.142104" r6="-0.124918" r7="0" r8="-0.141872" r9="-0.989826" r10="-0.010794" r11="0" r12="0" r13="0" r14="0" r15="1" id="118" color_r="0.239216" color_g="0.239216" color_b="0.239216" type_file="Data/Objects/Crete/CreteBlockStandard.xml">
        <parameters />
    </EnvObject>
    <EnvObject t0="76.1428" t1="35.2481" t2="-210.595" s0="2.92363" s1="2.92363" s2="2.92363" r0="-0.125181" r1="0.00712341" r2="0.992108" r3="0" r4="-0.981938" r5="0.142104" r6="-0.124918" r7="0" r8="-0.141872" r9="-0.989826" r10="-0.010794" r11="0" r12="0" r13="0" r14="0" r15="1" id="122" color_r="0.239216" color_g="0.239216" color_b="0.239216" type_file="Data/Objects/Crete/CreteBlockStandard.xml">
        <parameters />
    </EnvObject>
    <EnvObject t0="-7.92562" t1="42.5462" t2="-252.824" s0="2.92363" s1="2.92363" s2="2.92363" r0="-0.125181" r1="0.00712341" r2="0.992108" r3="0" r4="-0.981938" r5="0.142104" r6="-0.124918" r7="0" r8="-0.141872" r9="-0.989826" r10="-0.010794" r11="0" r12="0" r13="0" r14="0" r15="1" id="125" color_r="0.239216" color_g="0.239216" color_b="0.239216" type_file="Data/Objects/Crete/CreteBlockStandard.xml">
        <parameters />
    </EnvObject>
    <EnvObject t0="5.69412" t1="33.9323" t2="-268.138" s0="2.92364" s1="2.92364" s2="2.92364" r0="-0.141875" r1="-0.989826" r2="-0.0107967" r3="0" r4="0.981937" r5="-0.142107" r6="0.124918" r7="0" r8="-0.125181" r9="0.00712108" r10="0.992108" r11="0" r12="0" r13="0" r14="0" r15="1" id="126" color_r="0.239216" color_g="0.239216" color_b="0.239216" type_file="Data/Objects/Crete/CreteBlockStandard.xml">
        <parameters />
    </EnvObject>
    <EnvObject t0="26.041" t1="15.5977" t2="-245.443" s0="2.92364" s1="2.92364" s2="2.92364" r0="-0.141875" r1="-0.989826" r2="-0.0107967" r3="0" r4="0.981937" r5="-0.142107" r6="0.124918" r7="0" r8="-0.125181" r9="0.00712108" r10="0.992108" r11="0" r12="0" r13="0" r14="0" r15="1" id="127" color_r="0.239216" color_g="0.239216" color_b="0.239216" type_file="Data/Objects/Crete/CreteBlockStandard.xml">
        <parameters />
    </EnvObject>
    <EnvObject t0="24.3816" t1="4.02252" t2="-245.569" s0="2.92364" s1="2.92364" s2="2.92364" r0="-0.141875" r1="-0.989826" r2="-0.0107967" r3="0" r4="0.981937" r5="-0.142107" r6="0.124918" r7="0" r8="-0.125181" r9="0.00712108" r10="0.992108" r11="0" r12="0" r13="0" r14="0" r15="1" id="128" color_r="0.239216" color_g="0.239216" color_b="0.239216" type_file="Data/Objects/Crete/CreteBlockStandard.xml">
        <parameters />
    </EnvObject>
    <EnvObject t0="98.2835" t1="-5.2616" t2="-228.273" s0="2.92364" s1="2.92364" s2="2.92364" r0="-0.141875" r1="-0.989826" r2="-0.0107967" r3="0" r4="0.981937" r5="-0.142107" r6="0.124918" r7="0" r8="-0.125181" r9="0.00712108" r10="0.992108" r11="0" r12="0" r13="0" r14="0" r15="1" id="129" color_r="0.239216" color_g="0.239216" color_b="0.239216" type_file="Data/Objects/Crete/CreteBlockStandard.xml">
        <parameters />
    </EnvObject>
    <EnvObject t0="12.1594" t1="7.20235" t2="-239.23" s0="2.92364" s1="2.92364" s2="2.92364" r0="-0.141875" r1="-0.989826" r2="-0.0107967" r3="0" r4="0.981937" r5="-0.142107" r6="0.124918" r7="0" r8="-0.125181" r9="0.00712108" r10="0.992108" r11="0" r12="0" r13="0" r14="0" r15="1" id="130" color_r="0.239216" color_g="0.239216" color_b="0.239216" type_file="Data/Objects/Crete/CreteBlockStandard.xml">
        <parameters />
    </EnvObject>
    <EnvObject t0="29.3843" t1="4.70971" t2="-237.039" s0="2.92364" s1="2.92364" s2="2.92364" r0="-0.141875" r1="-0.989826" r2="-0.0107967" r3="0" r4="0.981937" r5="-0.142107" r6="0.124918" r7="0" r8="-0.125181" r9="0.00712108" r10="0.992108" r11="0" r12="0" r13="0" r14="0" r15="1" id="131" color_r="0.239216" color_g="0.239216" color_b="0.239216" type_file="Data/Objects/Crete/CreteBlockStandard.xml">
        <parameters />
    </EnvObject>
    <EnvObject t0="46.6094" t1="2.21654" t2="-234.847" s0="2.92364" s1="2.92364" s2="2.92364" r0="-0.141875" r1="-0.989826" r2="-0.0107967" r3="0" r4="0.981937" r5="-0.142107" r6="0.124918" r7="0" r8="-0.125181" r9="0.00712108" r10="0.992108" r11="0" r12="0" r13="0" r14="0" r15="1" id="132" color_r="0.239216" color_g="0.239216" color_b="0.239216" type_file="Data/Objects/Crete/CreteBlockStandard.xml">
        <parameters />
    </EnvObject>
    <EnvObject t0="63.8342" t1="-0.275978" t2="-232.656" s0="2.92364" s1="2.92364" s2="2.92364" r0="-0.141875" r1="-0.989826" r2="-0.0107967" r3="0" r4="0.981937" r5="-0.142107" r6="0.124918" r7="0" r8="-0.125181" r9="0.00712108" r10="0.992108" r11="0" r12="0" r13="0" r14="0" r15="1" id="133" color_r="0.239216" color_g="0.239216" color_b="0.239216" type_file="Data/Objects/Crete/CreteBlockStandard.xml">
        <parameters />
    </EnvObject>
    <EnvObject t0="81.0593" t1="-2.76908" t2="-230.465" s0="2.92364" s1="2.92364" s2="2.92364" r0="-0.141875" r1="-0.989826" r2="-0.0107967" r3="0" r4="0.981937" r5="-0.142107" r6="0.124918" r7="0" r8="-0.125181" r9="0.00712108" r10="0.992108" r11="0" r12="0" r13="0" r14="0" r15="1" id="134" color_r="0.239216" color_g="0.239216" color_b="0.239216" type_file="Data/Objects/Crete/CreteBlockStandard.xml">
        <parameters />
    </EnvObject>
    <EnvObject t0="11.468" t1="30.0004" t2="-216.676" s0="2.92364" s1="2.92364" s2="2.92364" r0="0.141872" r1="0.989826" r2="0.0107952" r3="0" r4="-0.981938" r5="0.142104" r6="-0.124918" r7="0" r8="-0.125181" r9="0.00712212" r10="0.992108" r11="0" r12="0" r13="0" r14="0" r15="1" id="135" color_r="0.239216" color_g="0.239216" color_b="0.239216" type_file="Data/Objects/Crete/CreteBlockStandard.xml">
        <parameters />
    </EnvObject>
    <EnvObject t0="41.6934" t1="40.2332" t2="-214.978" s0="2.92363" s1="2.92363" s2="2.92363" r0="-0.125181" r1="0.00712341" r2="0.992108" r3="0" r4="-0.981938" r5="0.142104" r6="-0.124918" r7="0" r8="-0.141872" r9="-0.989826" r10="-0.010794" r11="0" r12="0" r13="0" r14="0" r15="1" id="136" color_r="0.239216" color_g="0.239216" color_b="0.239216" type_file="Data/Objects/Crete/CreteBlockStandard.xml">
        <parameters />
    </EnvObject>
    <EnvObject t0="59.1154" t1="37.6599" t2="-212.969" s0="2.92363" s1="2.92363" s2="2.92363" r0="-0.125181" r1="0.0071229" r2="0.992108" r3="0" r4="-0.981938" r5="0.142103" r6="-0.124918" r7="0" r8="-0.141871" r9="-0.989826" r10="-0.0107942" r11="0" r12="0" r13="0" r14="0" r15="1" id="137" color_r="0.239216" color_g="0.239216" color_b="0.239216" type_file="Data/Objects/Crete/CreteBlockStandard.xml">
        <parameters />
    </EnvObject>
    <EnvObject t0="49.6159" t1="27.0557" t2="-250.655" s0="2.92364" s1="2.92364" s2="2.92364" r0="0.141872" r1="0.989826" r2="0.0107952" r3="0" r4="-0.981938" r5="0.142104" r6="-0.124918" r7="0" r8="-0.125181" r9="0.00712212" r10="0.992108" r11="0" r12="0" r13="0" r14="0" r15="1" id="138" color_r="0.239216" color_g="0.239216" color_b="0.239216" type_file="Data/Objects/Crete/CreteBlockStandard.xml">
        <parameters />
    </EnvObject>
    <EnvObject t0="51.275" t1="38.631" t2="-250.529" s0="2.92364" s1="2.92364" s2="2.92364" r0="0.141872" r1="0.989826" r2="0.0107952" r3="0" r4="-0.981938" r5="0.142104" r6="-0.124918" r7="0" r8="-0.125181" r9="0.00712212" r10="0.992108" r11="0" r12="0" r13="0" r14="0" r15="1" id="139" color_r="0.239216" color_g="0.239216" color_b="0.239216" type_file="Data/Objects/Crete/CreteBlockStandard.xml">
        <parameters />
    </EnvObject>
    <EnvObject t0="40.972" t1="33.959" t2="-239.493" s0="4.77567" s1="4.77567" s2="4.77567" r0="-0.141873" r1="-0.989826" r2="-0.0107952" r3="0" r4="-0.981938" r5="0.142104" r6="-0.124918" r7="0" r8="0.125181" r9="-0.00712219" r10="-0.992109" r11="0" r12="0" r13="0" r14="0" r15="1" id="140" color_r="0.239216" color_g="0.239216" color_b="0.239216" type_file="Data/Objects/Crete/CreteBlockStandard.xml">
        <parameters />
    </EnvObject>
    <EnvObject t0="43.3597" t1="35.0972" t2="-214.177" s0="4.77567" s1="4.77567" s2="4.77567" r0="-0.141873" r1="-0.989826" r2="-0.0107952" r3="0" r4="-0.981938" r5="0.142104" r6="-0.124918" r7="0" r8="0.125181" r9="-0.00712219" r10="-0.992109" r11="0" r12="0" r13="0" r14="0" r15="1" id="141" color_r="0.239216" color_g="0.239216" color_b="0.239216" type_file="Data/Objects/Crete/CreteBlockStandard.xml">
        <parameters />
    </EnvObject>
    <EnvObject t0="71.4957" t1="31.0255" t2="-210.598" s0="4.77567" s1="4.77567" s2="4.77567" r0="-0.141873" r1="-0.989826" r2="-0.0107952" r3="0" r4="-0.981938" r5="0.142104" r6="-0.124918" r7="0" r8="0.125181" r9="-0.00712219" r10="-0.992109" r11="0" r12="0" r13="0" r14="0" r15="1" id="142" color_r="0.239216" color_g="0.239216" color_b="0.239216" type_file="Data/Objects/Crete/CreteBlockStandard.xml">
        <parameters />
    </EnvObject>
    <EnvObject t0="35.4066" t1="29.6322" t2="-264.358" s0="2.20882" s1="2.20882" s2="2.20882" r0="-0.141873" r1="-0.989826" r2="-0.0107952" r3="0" r4="-0.981938" r5="0.142104" r6="-0.124918" r7="0" r8="0.125181" r9="-0.00712219" r10="-0.992109" r11="0" r12="0" r13="0" r14="0" r15="1" id="143" color_r="0.239216" color_g="0.239216" color_b="0.239216" type_file="Data/Objects/Crete/CreteBlockStandard.xml">
        <parameters />
    </EnvObject>
    <EnvObject t0="20.9624" t1="24.8782" t2="-265.847" s0="2.20882" s1="2.20882" s2="2.20882" r0="-0.141873" r1="-0.989826" r2="-0.0107952" r3="0" r4="-0.981938" r5="0.142104" r6="-0.124918" r7="0" r8="0.125181" r9="-0.00712219" r10="-0.992109" r11="0" r12="0" r13="0" r14="0" r15="1" id="144" color_r="0.239216" color_g="0.239216" color_b="0.239216" type_file="Data/Objects/Crete/CreteBlockStandard.xml">
        <parameters />
    </EnvObject>
    <EnvObject t0="19.7089" t1="16.1329" t2="-265.942" s0="2.20882" s1="2.20882" s2="2.20882" r0="0.125181" r1="-0.00712124" r2="-0.992108" r3="0" r4="-0.981938" r5="0.142104" r6="-0.124918" r7="0" r8="0.141872" r9="0.989826" r10="0.0107962" r11="0" r12="0" r13="0" r14="0" r15="1" id="145" color_r="0.239216" color_g="0.239216" color_b="0.239216" type_file="Data/Objects/Crete/CreteBlockStandard.xml">
        <parameters />
    </EnvObject>
    <EnvObject t0="-24.1288" t1="26.352" t2="-223.856" s0="2.41941" s1="2.41941" s2="2.41941" r0="-0.125181" r1="0.00712341" r2="0.992108" r3="0" r4="-0.981938" r5="0.142104" r6="-0.124918" r7="0" r8="-0.141872" r9="-0.989826" r10="-0.010794" r11="0" r12="0" r13="0" r14="0" r15="1" id="148" color_r="0.239216" color_g="0.239216" color_b="0.239216" type_file="Data/Objects/Crete/CreteBlockStandard.xml">
        <parameters />
    </EnvObject>
    <EnvObject t0="-37.5276" t1="18.5663" t2="-243.575" s0="2.41941" s1="2.41941" s2="2.41941" r0="-0.141873" r1="-0.989826" r2="-0.0107952" r3="0" r4="-0.981938" r5="0.142104" r6="-0.124918" r7="0" r8="0.125181" r9="-0.00712219" r10="-0.992109" r11="0" r12="0" r13="0" r14="0" r15="1" id="150" color_r="0.239216" color_g="0.239216" color_b="0.239216" type_file="Data/Objects/Crete/CreteBlockStandard.xml">
        <parameters />
    </EnvObject>
    <EnvObject t0="-87.3952" t1="35.3669" t2="-251.534" s0="2.92363" s1="2.92363" s2="2.92363" r0="-0.125181" r1="0.00712341" r2="0.992108" r3="0" r4="-0.981938" r5="0.142104" r6="-0.124918" r7="0" r8="-0.141872" r9="-0.989826" r10="-0.010794" r11="0" r12="0" r13="0" r14="0" r15="1" id="151" color_r="0.239216" color_g="0.239216" color_b="0.239216" type_file="Data/Objects/Crete/CreteBlockStandard.xml">
        <parameters />
    </EnvObject>
    <EnvObject t0="-33.9856" t1="46.2534" t2="-244.509" s0="2.92363" s1="2.92363" s2="2.92363" r0="-0.125181" r1="0.00712341" r2="0.992108" r3="0" r4="-0.981938" r5="0.142104" r6="-0.124918" r7="0" r8="-0.141872" r9="-0.989826" r10="-0.010794" r11="0" r12="0" r13="0" r14="0" r15="1" id="152" color_r="0.239216" color_g="0.239216" color_b="0.239216" type_file="Data/Objects/Crete/CreteBlockStandard.xml">
        <parameters />
    </EnvObject>
    <EnvObject t0="24.4687" t1="42.7259" t2="-217.169" s0="2.92363" s1="2.92363" s2="2.92363" r0="-0.125181" r1="0.00712341" r2="0.992108" r3="0" r4="-0.981938" r5="0.142104" r6="-0.124918" r7="0" r8="-0.141872" r9="-0.989826" r10="-0.010794" r11="0" r12="0" r13="0" r14="0" r15="1" id="158" color_r="0.239216" color_g="0.239216" color_b="0.239216" type_file="Data/Objects/Crete/CreteBlockStandard.xml">
        <parameters />
    </EnvObject>
    <EnvObject t0="-56.8375" t1="24.2293" t2="-258.053" s0="2.14034" s1="2.14034" s2="2.14034" r0="0.141872" r1="0.989826" r2="0.0107952" r3="0" r4="-0.981938" r5="0.142104" r6="-0.124918" r7="0" r8="-0.125181" r9="0.00712212" r10="0.992108" r11="0" r12="0" r13="0" r14="0" r15="1" id="159" color_r="0.239216" color_g="0.239216" color_b="0.239216" type_file="Data/Objects/Crete/CreteBlockStandard.xml">
        <parameters />
    </EnvObject>
    <EnvObject t0="-34.5778" t1="26.0002" t2="-257.459" s0="2.14034" s1="2.14034" s2="2.14034" r0="-0.141873" r1="-0.989826" r2="-0.0107952" r3="0" r4="-0.981938" r5="0.142104" r6="-0.124918" r7="0" r8="0.125181" r9="-0.00712219" r10="-0.992109" r11="0" r12="0" r13="0" r14="0" r15="1" id="160" color_r="0.239216" color_g="0.239216" color_b="0.239216" type_file="Data/Objects/Crete/CreteBlockStandard.xml">
        <parameters />
    </EnvObject>
    <EnvObject t0="11.999" t1="39.8554" t2="-267.624" s0="2.20882" s1="2.20882" s2="2.20882" r0="0.125181" r1="-0.00712124" r2="-0.992108" r3="0" r4="-0.981938" r5="0.142104" r6="-0.124918" r7="0" r8="0.141872" r9="0.989826" r10="0.0107962" r11="0" r12="0" r13="0" r14="0" r15="1" id="161" color_r="0.239216" color_g="0.239216" color_b="0.239216" type_file="Data/Objects/Crete/CreteBlockStandard.xml">
        <parameters />
    </EnvObject>
    <EnvObject t0="4.87853" t1="43.9575" t2="-242.15" s0="2.92363" s1="2.92363" s2="2.92363" r0="-0.125181" r1="0.00712341" r2="0.992108" r3="0" r4="-0.981938" r5="0.142104" r6="-0.124918" r7="0" r8="-0.141872" r9="-0.989826" r10="-0.010794" r11="0" r12="0" r13="0" r14="0" r15="1" id="162" color_r="0.239216" color_g="0.239216" color_b="0.239216" type_file="Data/Objects/Crete/CreteBlockStandard.xml">
        <parameters />
    </EnvObject>
    <EnvObject t0="-12.2714" t1="36.4375" t2="-261.744" s0="2.20882" s1="2.20882" s2="2.20882" r0="-0.141873" r1="-0.989826" r2="-0.0107952" r3="0" r4="-0.981938" r5="0.142104" r6="-0.124918" r7="0" r8="0.125181" r9="-0.00712219" r10="-0.992109" r11="0" r12="0" r13="0" r14="0" r15="1" id="164" color_r="0.239216" color_g="0.239216" color_b="0.239216" type_file="Data/Objects/Crete/CreteBlockStandard.xml">
        <parameters />
    </EnvObject>
    <EnvObject t0="-11.5307" t1="36.4251" t2="-270.329" s0="2.92363" s1="2.92363" s2="2.92363" r0="-0.125181" r1="0.00712341" r2="0.992108" r3="0" r4="-0.981938" r5="0.142104" r6="-0.124918" r7="0" r8="-0.141872" r9="-0.989826" r10="-0.010794" r11="0" r12="0" r13="0" r14="0" r15="1" id="166" color_r="0.239216" color_g="0.239216" color_b="0.239216" type_file="Data/Objects/Crete/CreteBlockStandard.xml">
        <parameters />
    </EnvObject>
    <EnvObject t0="-33.9207" t1="39.6654" t2="-273.177" s0="2.20882" s1="2.20882" s2="2.20882" r0="-0.125181" r1="0.00712341" r2="0.992108" r3="0" r4="-0.981938" r5="0.142104" r6="-0.124918" r7="0" r8="-0.141872" r9="-0.989826" r10="-0.010794" r11="0" r12="0" r13="0" r14="0" r15="1" id="168" color_r="0.239216" color_g="0.239216" color_b="0.239216" type_file="Data/Objects/Crete/CreteBlockStandard.xml">
        <parameters />
    </EnvObject>
    <EnvObject t0="-20.9074" t1="37.782" t2="-271.522" s0="2.20882" s1="2.20882" s2="2.20882" r0="-0.141873" r1="-0.989826" r2="-0.0107952" r3="0" r4="-0.981938" r5="0.142104" r6="-0.124918" r7="0" r8="0.125181" r9="-0.00712219" r10="-0.992109" r11="0" r12="0" r13="0" r14="0" r15="1" id="169" color_r="0.239216" color_g="0.239216" color_b="0.239216" type_file="Data/Objects/Crete/CreteBlockStandard.xml">
        <parameters />
    </EnvObject>
    <EnvObject t0="-77.4384" t1="29.5413" t2="-250.114" s0="2.41968" s1="2.41968" s2="2.41968" r0="-0.125181" r1="0.00712341" r2="0.992108" r3="0" r4="-0.981938" r5="0.142104" r6="-0.124918" r7="0" r8="-0.141872" r9="-0.989826" r10="-0.010794" r11="0" r12="0" r13="0" r14="0" r15="1" id="173" color_r="0.239216" color_g="0.239216" color_b="0.239216" type_file="Data/Objects/Crete/CreteBlockStandard.xml">
        <parameters />
    </EnvObject>
    <EnvObject t0="-47.188" t1="27.8256" t2="-259.063" s0="2.14034" s1="2.14034" s2="2.14034" r0="-0.125181" r1="0.00712341" r2="0.992108" r3="0" r4="-0.981938" r5="0.142104" r6="-0.124918" r7="0" r8="-0.141872" r9="-0.989826" r10="-0.010794" r11="0" r12="0" r13="0" r14="0" r15="1" id="174" color_r="0.239216" color_g="0.239216" color_b="0.239216" type_file="Data/Objects/Crete/CreteBlockStandard.xml">
        <parameters />
    </EnvObject>
