<?xml version="2.0" ?>
<Type>saved</Type>
<Name></Name>
<Description></Description>
<Shader>post</Shader>
<Terrain>
    <Heightmap>Data/Textures/Terrain/patchy_highlands/patchy_highlands_hm.png</Heightmap>
    <DetailMap></DetailMap>
    <ColorMap>Data/Textures/Terrain/patchy_highlands/patchy_highlands_c.tga</ColorMap>
    <WeightMap>Data/Textures/Terrain/shielded_stands/shielded_stands_w.tga</WeightMap>
    <DetailMaps>
        <DetailMap colorpath="Data/Textures/Terrain/DetailTextures/lichen_stone.tga" normalpath="Data/Textures/Terrain/DetailTextures/lichen_stone_n.tga" materialpath="Data/Materials/rock.xml" />
        <DetailMap colorpath="Data/Textures/Terrain/DetailTextures/dirt_rocks.tga" normalpath="Data/Textures/Terrain/DetailTextures/dirt_rocks_normal.tga" materialpath="Data/Materials/dirtyrock.xml" />
        <DetailMap colorpath="Data/Textures/Terrain/DetailTextures/grass.tga" normalpath="Data/Textures/Terrain/DetailTextures/grass_normal.png" materialpath="Data/Materials/grass.xml" />
        <DetailMap colorpath="Data/Textures/Terrain/DetailTextures/dirt_grass.tga" normalpath="Data/Textures/Terrain/DetailTextures/dirt_grass_normal.tga" materialpath="Data/Materials/dirtyrock.xml" />
    </DetailMaps>
    <DetailObjects>
        <DetailObject obj_path="Data/Objects/Plants/Groundcover/Grass/WildGrass.xml" weight_path="Data/Textures/Terrain/patchy_highlands/patchy_highlands_wildgrass.tga" normal_conform="0" density="10" min_embed="0.3" max_embed="0.45" min_scale="1" max_scale="1.3" view_distance="30" jitter_degrees="0" overbright="0" />
    </DetailObjects>
</Terrain>
<OutOfDate Shadow="true" AO="true" NavMesh="true" />
<SpawnPoints>
    <SpawnPoint t0="0" t1="200" t2="0" s0="1" s1="1" s2="1" r0="1" r1="0" r2="0" r3="0" r4="0" r5="1" r6="0" r7="0" r8="0" r9="0" r10="1" r11="0" r12="0" r13="0" r14="0" r15="1" />
</SpawnPoints>
<AmbientSounds>
    <Ambient path="Data/Sounds/ambient/amb_deadvolcano_loop" />
</AmbientSounds>
<Script>Data/Scripts/challengelevel.as</Script>
<LevelScriptParameters>
    <parameter name="Achievements" type="string" val="flawless, no_injuries, no_kills" />
    <parameter name="Extra AO" type="string" val="0.2" />
    <parameter name="Level Boundaries" type="string" val="1" />
    <parameter name="Objectives" type="string" val="destroy_all" />
    <parameter name="Sky Rotation" type="string" val="95" />
</LevelScriptParameters>
<Sky>
    <DomeTexture>Data/Textures/skies/blue_dusk.tga</DomeTexture>
    <SunAngularRad>0.127474</SunAngularRad>
    <SunColorAngle>151.796</SunColorAngle>
    <RayToSun r0="0.862779" r1="0.479127" r2="0.1614" />
    <ExtraAO>0.2</ExtraAO>
    <SkyRotation>95</SkyRotation>
</Sky>
<ActorObjects>
    <EnvObject t0="-194.004" t1="-4.52601" t2="132.953" s0="1.01956" s1="1.01956" s2="1.01956" r0="-0.730635" r1="2.65532e-007" r2="-0.682768" r3="0" r4="1.78034e-007" r5="1" r6="1.98389e-007" r7="0" r8="0.682768" r9="2.33939e-008" r10="-0.730635" r11="0" r12="0" r13="0" r14="0" r15="1" id="1" color_r="1" color_g="1" color_b="1" type_file="Data/Objects/Buildings/stairs1.xml">
        <parameters />
    </EnvObject>
    <EnvObject t0="-193.368" t1="-5.38341" t2="132.245" s0="1.01956" s1="1.01956" s2="1.01956" r0="-0.730635" r1="3.98297e-007" r2="-0.682768" r3="0" r4="2.67051e-007" r5="1" r6="2.97583e-007" r7="0" r8="0.682768" r9="3.50907e-008" r10="-0.730635" r11="0" r12="0" r13="0" r14="0" r15="1" id="2" color_r="1" color_g="1" color_b="1" type_file="Data/Objects/Buildings/stairs1.xml">
        <parameters />
    </EnvObject>
    <EnvObject t0="-195.24" t1="-3.02508" t2="134.275" s0="1.01956" s1="1.01956" s2="1.01956" r0="-0.730635" r1="2.97243e-007" r2="-0.682768" r3="0" r4="1.89845e-007" r5="1" r6="2.32195e-007" r7="0" r8="0.682768" r9="4.00297e-008" r10="-0.730635" r11="0" r12="0" r13="0" r14="0" r15="1" id="3" color_r="1" color_g="1" color_b="1" type_file="Data/Objects/Buildings/stairs1.xml">
        <parameters />
    </EnvObject>
    <EnvObject t0="-194.603" t1="-3.88248" t2="133.567" s0="1.01956" s1="1.01956" s2="1.01956" r0="-0.730635" r1="4.16453e-007" r2="-0.682768" r3="0" r4="2.97292e-007" r5="1" r6="2.91813e-007" r7="0" r8="0.682768" r9="1.02272e-008" r10="-0.730635" r11="0" r12="0" r13="0" r14="0" r15="1" id="4" color_r="1" color_g="1" color_b="1" type_file="Data/Objects/Buildings/stairs1.xml">
        <parameters />
    </EnvObject>
    <EnvObject t0="-197.487" t1="-5.24898" t2="136.863" s0="1.01956" s1="0.362525" s2="1.01956" r0="0.730635" r1="-1.66337e-007" r2="0.682768" r3="0" r4="1.66337e-007" r5="1" r6="6.56231e-008" r7="0" r8="-0.682768" r9="6.56231e-008" r10="0.730635" r11="0" r12="0" r13="0" r14="0" r15="1" id="5" color_r="1" color_g="1" color_b="1" type_file="Data/Objects/Buildings/cat_town/babylon_tower.xml">
        <parameters />
    </EnvObject>
    <EnvObject t0="-195.018" t1="-4.06068" t2="134.09" s0="0.33888" s1="0.379195" s2="0.286584" r0="0.730635" r1="-2.68221e-007" r2="0.682768" r3="0" r4="-0.536403" r5="0.618697" r6="0.574009" r7="0" r8="-0.422427" r9="-0.78563" r10="0.452042" r11="0" r12="0" r13="0" r14="0" r15="1" id="6" color_r="1" color_g="1" color_b="1" type_file="Data/Objects/Crete/CreteBlockStandard.xml">
        <parameters />
    </EnvObject>
    <EnvObject t0="-197.554" t1="-0.877978" t2="136.781" s0="1.01956" s1="1.01956" s2="1.01956" r0="0.730635" r1="-1.66337e-007" r2="0.682768" r3="0" r4="1.66337e-007" r5="1" r6="6.56231e-008" r7="0" r8="-0.682768" r9="6.56231e-008" r10="0.730635" r11="0" r12="0" r13="0" r14="0" r15="1" id="7" color_r="1" color_g="1" color_b="1" type_file="Data/Custom/twowolves/landmark_lantern/jims_lantern.xml">
        <parameters />
    </EnvObject>
    <EnvObject t0="-267.366" t1="17.0534" t2="134.724" s0="0.57491" s1="0.57491" s2="0.57491" r0="-0.885762" r1="0.0465126" r2="0.461803" r3="0" r4="0.051301" r5="0.998681" r6="-0.00218878" r7="0" r8="-0.461295" r9="0.0217522" r10="-0.88698" r11="0" r12="0" r13="0" r14="0" r15="1" id="23" color_r="1" color_g="1" color_b="1" type_file="Data/Objects/Environment/Land/jagged_outcrop.xml">
        <parameters />
    </EnvObject>
    <EnvObject t0="-193.783" t1="-5.56161" t2="132.768" s0="0.33888" s1="0.379195" s2="0.286584" r0="0.730635" r1="-2.68221e-007" r2="0.682768" r3="0" r4="-0.536403" r5="0.618697" r6="0.574009" r7="0" r8="-0.422427" r9="-0.78563" r10="0.452042" r11="0" r12="0" r13="0" r14="0" r15="1" id="24" color_r="1" color_g="1" color_b="1" type_file="Data/Objects/Crete/CreteBlockStandard.xml">
        <parameters />
    </EnvObject>
    <EnvObject t0="-162.881" t1="6.86546" t2="153.297" s0="0.57491" s1="0.57491" s2="0.57491" r0="-0.698834" r1="0.100114" r2="0.708243" r3="0" r4="0.0243974" r5="0.992917" r6="-0.116281" r7="0" r8="-0.714867" r9="-0.0639818" r10="-0.696327" r11="0" r12="0" r13="0" r14="0" r15="1" id="25" color_r="1" color_g="1" color_b="1" type_file="Data/Objects/Environment/Land/jagged_outcrop.xml">
        <parameters />
    </EnvObject>
    <ActorObject t0="-196.615" t1="-1.79883" t2="135.544" s0="1" s1="1" s2="1" r0="-0.744211" r1="0" r2="-0.667945" r3="0" r4="0" r5="1" r6="0" r7="0" r8="0.667945" r9="0" r10="-0.744211" r11="0" r12="0" r13="0" r14="0" r15="1" id="26" type_file="Data/Custom/timbles/therium-2/Objects/IGF_Characters/ghost.xml" is_player="1">
        <parameters>
            <parameter name="Aggression" type="float" val="0.5" />
            <parameter name="Attack Damage" type="float" val="1" />
            <parameter name="Attack Knockback" type="float" val="1" />
            <parameter name="Attack Speed" type="float" val="1" />
            <parameter name="Block Follow-up" type="float" val="0.5" />
            <parameter name="Block Skill" type="float" val="0.5" />
            <parameter name="Character Scale" type="float" val="1" />
            <parameter name="Damage Resistance" type="float" val="1" />
            <parameter name="Ear Size" type="float" val="1" />
            <parameter name="Fat" type="float" val="0.5" />
            <parameter name="Ground Aggression" type="float" val="0.5" />
            <parameter name="Left handed" type="int" val="0" />
            <parameter name="Lives" type="int" val="1" />
            <parameter name="Movement Speed" type="float" val="1" />
            <parameter name="Muscle" type="float" val="0.5" />
            <parameter name="Teams" type="string" val="player, Ghost" />
        </parameters>
        <Connections>
            <Connection id="-1" />
        </Connections>
        <ItemConnections />
        <Palette />
    </ActorObject>
    <EnvObject t0="-203.637" t1="-3.97851" t2="110.999" s0="1.58286" s1="1.53981" s2="1.50326" r0="-0.243038" r1="0.121513" r2="0.962376" r3="0" r4="-0.409296" r5="0.886633" r6="-0.215313" r7="0" r8="-0.879437" r9="-0.446226" r10="-0.165751" r11="0" r12="0" r13="0" r14="0" r15="1" id="27" color_r="0.670588" color_g="0.694118" color_b="0.717647" type_file="Data/Objects/Environment/Rocks/coast_rock_large.xml">
        <parameters />
    </EnvObject>
    <EnvObject t0="-224.887" t1="3.90716" t2="98.1422" s0="1.76488" s1="1.71688" s2="1.67612" r0="-0.676855" r1="0.591118" r2="0.438688" r3="0" r4="-0.0446945" r5="0.561849" r6="-0.826032" r7="0" r8="-0.734759" r9="-0.57871" r10="-0.35387" r11="0" r12="0" r13="0" r14="0" r15="1" id="28" color_r="0.670588" color_g="0.694118" color_b="0.717647" type_file="Data/Objects/Environment/Rocks/coast_rock_large.xml">
        <parameters />
    </EnvObject>
    <EnvObject t0="-221.419" t1="6.71153" t2="105.806" s0="1.04174" s1="1.01341" s2="0.989348" r0="-0.829135" r1="0.25936" r2="-0.495244" r3="0" r4="-0.0910979" r5="0.811349" r6="0.57742" r7="0" r8="0.551576" r9="0.523875" r10="-0.649091" r11="0" r12="0" r13="0" r14="0" r15="1" id="29" color_r="0.670588" color_g="0.694118" color_b="0.717647" type_file="Data/Objects/Environment/Rocks/coast_rock_large.xml">
        <parameters />
    </EnvObject>
    <EnvObject t0="-206.084" t1="-15.1158" t2="68.6688" s0="1.40009" s1="1.36201" s2="1.32968" r0="-0.872421" r1="0.475412" r2="0.113424" r3="0" r4="0.373377" r5="0.498526" r6="0.782344" r7="0" r8="0.315391" r9="0.724883" r10="-0.612432" r11="0" r12="0" r13="0" r14="0" r15="1" id="30" color_r="0.670588" color_g="0.694118" color_b="0.717647" type_file="Data/Objects/Environment/Rocks/coast_rock_large.xml">
        <parameters />
    </EnvObject>
    <EnvObject t0="-196.662" t1="-24.2152" t2="59.6925" s0="1.40009" s1="1.36201" s2="1.32968" r0="-0.493456" r1="0.226701" r2="0.839707" r3="0" r4="-0.724527" r5="0.426996" r6="-0.541049" r7="0" r8="-0.481208" r9="-0.875375" r10="-0.0464524" r11="0" r12="0" r13="0" r14="0" r15="1" id="31" color_r="0.670588" color_g="0.694118" color_b="0.717647" type_file="Data/Objects/Environment/Rocks/coast_rock_large.xml">
        <parameters />
    </EnvObject>
    <EnvObject t0="-233.536" t1="13.7178" t2="85.7004" s0="0.549053" s1="0.549053" s2="0.549053" r0="-0.87025" r1="0.413811" r2="0.267254" r3="0" r4="0.374605" r5="0.908237" r6="-0.186485" r7="0" r8="-0.3199" r9="-0.062174" r10="-0.945409" r11="0" r12="0" r13="0" r14="0" r15="1" id="32" color_r="1" color_g="1" color_b="1" type_file="Data/Objects/Environment/Land/jagged_outcrop.xml">
        <parameters />
    </EnvObject>
    <EnvObject t0="-194.158" t1="-4.71869" t2="111.333" s0="1.45154" s1="1.45154" s2="1.45154" r0="-0.975254" r1="-0.0245192" r2="0.219725" r3="0" r4="0.00752064" r5="0.989577" r6="0.143808" r7="0" r8="-0.22096" r9="0.141902" r10="-0.964904" r11="0" r12="0" r13="0" r14="0" r15="1" id="53" color_r="0.235294" color_g="0.235294" color_b="0.235294" type_file="Data/Objects/Crete/CreteBlockStandard.xml">
        <parameters />
    </EnvObject>
    <EnvObject t0="-194.067" t1="1.91716" t2="112.517" s0="1.12885" s1="1.12885" s2="1.12885" r0="-0.944862" r1="0.104368" r2="0.310392" r3="0" r4="0.151135" r5="0.979848" r6="0.130599" r7="0" r8="-0.290506" r9="0.170309" r10="-0.941595" r11="0" r12="0" r13="0" r14="0" r15="1" id="54" color_r="0.235294" color_g="0.235294" color_b="0.235294" type_file="Data/Objects/Crete/CreteBlockStandard.xml">
        <parameters />
    </EnvObject>
    <EnvObject t0="-193.329" t1="6.88867" t2="113.042" s0="0.840738" s1="0.840738" s2="0.840738" r0="-0.912918" r1="0.163791" r2="0.373837" r3="0" r4="0.191829" r5="0.980662" r6="0.038789" r7="0" r8="-0.360254" r9="0.107124" r10="-0.926683" r11="0" r12="0" r13="0" r14="0" r15="1" id="55" color_r="0.235294" color_g="0.235294" color_b="0.235294" type_file="Data/Objects/Crete/CreteBlockStandard.xml">
        <parameters />
    </EnvObject>
    <EnvObject t0="-192.291" t1="10.4348" t2="113.334" s0="0.603856" s1="0.603856" s2="0.603856" r0="-0.202287" r1="0.0087602" r2="0.979287" r3="0" r4="0.457609" r5="0.884925" r6="0.0866102" r7="0" r8="-0.865837" r9="0.465651" r10="-0.183018" r11="0" r12="0" r13="0" r14="0" r15="1" id="56" color_r="0.235294" color_g="0.235294" color_b="0.235294" type_file="Data/Objects/Crete/CreteBlockStandard.xml">
        <parameters />
    </EnvObject>
    <EnvObject t0="-181.749" t1="-4.12261" t2="134.263" s0="1.60959" s1="1.60959" s2="1.60959" r0="-0.57248" r1="-0.125614" r2="-0.810239" r3="0" r4="0.106644" r5="0.968392" r6="-0.225484" r7="0" r8="0.812954" r9="-0.215492" r10="-0.540989" r11="0" r12="0" r13="0" r14="0" r15="1" id="57" color_r="0.235294" color_g="0.235294" color_b="0.235294" type_file="Data/Objects/Crete/CreteBlockStandard.xml">
        <parameters />
    </EnvObject>
    <EnvObject t0="-187.308" t1="-5.1901" t2="133.527" s0="1.22185" s1="1.22185" s2="1.22185" r0="-0.0072525" r1="0.146022" r2="0.989255" r3="0" r4="0.0433187" r5="0.988398" r6="-0.145578" r7="0" r8="-0.999035" r9="0.0417974" r10="-0.0134938" r11="0" r12="0" r13="0" r14="0" r15="1" id="58" color_r="0.235294" color_g="0.235294" color_b="0.235294" type_file="Data/Objects/Crete/CreteBlockStandard.xml">
        <parameters />
    </EnvObject>
    <EnvObject t0="-185.036" t1="0.97787" t2="136.734" s0="1.22185" s1="1.22185" s2="1.22185" r0="-0.00725187" r1="0.146021" r2="0.989255" r3="0" r4="0.0433183" r5="0.988398" r6="-0.145577" r7="0" r8="-0.999035" r9="0.0417971" r10="-0.0134931" r11="0" r12="0" r13="0" r14="0" r15="1" id="59" color_r="0.235294" color_g="0.235294" color_b="0.235294" type_file="Data/Objects/Crete/CreteBlockStandard.xml">
        <parameters />
    </EnvObject>
    <EnvObject t0="-184.434" t1="5.90073" t2="134.551" s0="0.752959" s1="0.752959" s2="0.752959" r0="0.0281054" r1="0.410109" r2="0.911603" r3="0" r4="0.0443039" r5="0.910556" r6="-0.411004" r7="0" r8="-0.998623" r9="0.051939" r10="0.00742209" r11="0" r12="0" r13="0" r14="0" r15="1" id="60" color_r="0.235294" color_g="0.235294" color_b="0.235294" type_file="Data/Objects/Crete/CreteBlockStandard.xml">
        <parameters />
    </EnvObject>
    <EnvObject t0="-183.296" t1="9.83685" t2="134.172" s0="0.920897" s1="0.920897" s2="0.920897" r0="0.325459" r1="-0.175864" r2="0.929058" r3="0" r4="0.117725" r5="0.982443" r6="0.144729" r7="0" r8="-0.938199" r9="0.0622701" r10="0.340448" r11="0" r12="0" r13="0" r14="0" r15="1" id="61" color_r="0.235294" color_g="0.235294" color_b="0.235294" type_file="Data/Objects/Crete/CreteBlockStandard.xml">
        <parameters />
    </EnvObject>
    <EnvObject t0="-179.002" t1="0.579906" t2="134.327" s0="0.920897" s1="0.920897" s2="0.920897" r0="0.976724" r1="-0.168666" r2="0.132521" r3="0" r4="0.182125" r5="0.978484" r6="-0.0969543" r7="0" r8="-0.113317" r9="0.118833" r10="0.986427" r11="0" r12="0" r13="0" r14="0" r15="1" id="62" color_r="0.235294" color_g="0.235294" color_b="0.235294" type_file="Data/Objects/Crete/CreteBlockStandard.xml">
        <parameters />
    </EnvObject>
    <Decal t0="-189.279" t1="-7.60873" t2="123.829" s0="16.0315" s1="3.12074" s2="9.33288" r0="0.626671" r1="-0.157172" r2="-0.763269" r3="0" r4="0.108121" r5="0.987513" r6="-0.114577" r7="0" r8="0.771747" r9="-0.0107232" r10="0.63584" r11="0" r12="0" r13="0" r14="0" r15="1" id="63" type_file="Data/Objects/Decals/DarkStonyDirt.xml" i="0" color_r="0.266667" color_g="0.266667" color_b="0.266667">
        <parameters />
    </Decal>
    <EnvObject t0="-201.662" t1="0.519965" t2="119.859" s0="1.36103" s1="1.36103" s2="1.36103" r0="0.718245" r1="0.00751916" r2="-0.69575" r3="0" r4="0.00463693" r5="0.999868" r6="0.0155927" r7="0" r8="0.695775" r9="-0.0144255" r10="0.718115" r11="0" r12="0" r13="0" r14="0" r15="1" id="64" color_r="0.25098" color_g="0.25098" color_b="0.25098" type_file="Data/Objects/Crete/CreteBlockBroken.xml">
        <parameters />
    </EnvObject>
    <EnvObject t0="-205.17" t1="-0.807889" t2="133.25" s0="1.36103" s1="1.36103" s2="1.36103" r0="-0.996692" r1="0.0716215" r2="0.0384183" r3="0" r4="0.0695814" r5="0.996218" r6="-0.0520419" r7="0" r8="-0.0420003" r9="-0.0491966" r10="-0.997906" r11="0" r12="0" r13="0" r14="0" r15="1" id="65" color_r="0.25098" color_g="0.25098" color_b="0.25098" type_file="Data/Objects/Crete/CreteBlockBroken.xml">
        <parameters />
    </EnvObject>
    <EnvObject t0="-189.843" t1="1.65721" t2="144.696" s0="0.562951" s1="0.562951" s2="0.562951" r0="-0.804562" r1="-0.00495928" r2="0.593848" r3="0" r4="0.0110636" r5="0.999666" r6="0.0233376" r7="0" r8="-0.593765" r9="0.0253466" r10="-0.804239" r11="0" r12="0" r13="0" r14="0" r15="1" id="66" color_r="1" color_g="1" color_b="1" type_file="Data/Objects/Environment/Statues/rabbit_head.xml">
        <parameters />
    </EnvObject>
    <EnvObject t0="-183.514" t1="-5.2689" t2="130.98" s0="0.817267" s1="0.817267" s2="0.817267" r0="0.42147" r1="0.422854" r2="0.80222" r3="0" r4="-0.0519979" r5="0.894444" r6="-0.444147" r7="0" r8="-0.90535" r9="0.145481" r10="0.398969" r11="0" r12="0" r13="0" r14="0" r15="1" id="67" color_r="0.247059" color_g="0.247059" color_b="0.247059" type_file="Data/Objects/Crete/hex_crete_rubble.xml">
        <parameters />
    </EnvObject>
    <EnvObject t0="-192.93" t1="-8.29209" t2="115.895" s0="0.817267" s1="0.817267" s2="0.817267" r0="0.498793" r1="-0.0388264" r2="0.865851" r3="0" r4="0.207286" r5="0.975349" r6="-0.0756752" r7="0" r8="-0.841569" r9="0.217225" r10="0.494545" r11="0" r12="0" r13="0" r14="0" r15="1" id="68" color_r="0.247059" color_g="0.247059" color_b="0.247059" type_file="Data/Objects/Crete/hex_crete_rubble.xml">
        <parameters />
    </EnvObject>
    <EnvObject t0="-180.346" t1="-3.87184" t2="134.834" s0="0.817267" s1="0.817267" s2="0.817267" r0="0.467653" r1="-0.164591" r2="-0.868453" r3="0" r4="-0.202447" r5="0.936449" r6="-0.286494" r7="0" r8="0.860416" r9="0.309796" r10="0.404612" r11="0" r12="0" r13="0" r14="0" r15="1" id="69" color_r="0.247059" color_g="0.247059" color_b="0.247059" type_file="Data/Objects/Crete/hex_crete_rubble.xml">
        <parameters />
    </EnvObject>
    <EnvObject t0="-173.493" t1="-7.88176" t2="124.703" s0="1.44977" s1="1.44977" s2="1.44977" r0="1" r1="0" r2="0" r3="0" r4="0" r5="1" r6="0" r7="0" r8="0" r9="0" r10="1" r11="0" r12="0" r13="0" r14="0" r15="1" id="70" color_r="0.294118" color_g="0.294118" color_b="0.294118" type_file="Data/Objects/Crete/CreteBlockStandard.xml">
        <parameters />
    </EnvObject>
    <EnvObject t0="-164.203" t1="-5.70572" t2="121.741" s0="1.44977" s1="1.44977" s2="1.44977" r0="1" r1="0" r2="0" r3="0" r4="0" r5="1" r6="0" r7="0" r8="0" r9="0" r10="1" r11="0" r12="0" r13="0" r14="0" r15="1" id="71" color_r="0.294118" color_g="0.294118" color_b="0.294118" type_file="Data/Objects/Crete/CreteBlockStandard.xml">
        <parameters />
    </EnvObject>
    <EnvObject t0="-161.483" t1="-8.15758" t2="120.324" s0="1.04253" s1="1.04253" s2="1.04253" r0="1" r1="0" r2="0" r3="0" r4="0" r5="1" r6="0" r7="0" r8="0" r9="0" r10="1" r11="0" r12="0" r13="0" r14="0" r15="1" id="72" color_r="0.294118" color_g="0.294118" color_b="0.294118" type_file="Data/Objects/Crete/CreteBlockStandard.xml">
        <parameters />
    </EnvObject>
    <EnvObject t0="-196.99" t1="2.45218" t2="133.257" s0="0.786464" s1="0.786464" s2="0.786464" r0="0.610172" r1="5.26296e-008" r2="0.792269" r3="0" r4="5.26296e-008" r5="1" r6="-1.06962e-007" r7="0" r8="-0.792269" r9="1.06962e-007" r10="0.610172" r11="0" r12="0" r13="0" r14="0" r15="1" id="73" color_r="0.278431" color_g="0.278431" color_b="0.278431" type_file="Data/Custom/twowolves/jims_ruin_set/jims_arch_02.xml">
        <parameters />
    </EnvObject>
    <EnvObject t0="-191.544" t1="-1.57881" t2="137.462" s0="1" s1="1" s2="1" r0="0.790199" r1="-0.16911" r2="-0.589056" r3="0" r4="0.0210517" r5="0.968098" r6="-0.249688" r7="0" r8="0.612488" r9="0.184902" r10="0.76855" r11="0" r12="0" r13="0" r14="0" r15="1" id="74" color_r="1" color_g="1" color_b="1" type_file="Data/Custom/twowolves/landmark_lantern/jims_lantern.xml">
        <parameters />
    </EnvObject>
    <EnvObject t0="-190.872" t1="-3.76578" t2="133.278" s0="1" s1="1" s2="1" r0="0.268596" r1="-0.226628" r2="-0.936213" r3="0" r4="-0.00891186" r5="0.971303" r6="-0.237679" r7="0" r8="0.963212" r9="0.0721831" r10="0.258869" r11="0" r12="0" r13="0" r14="0" r15="1" id="75" color_r="1" color_g="1" color_b="1" type_file="Data/Custom/twowolves/landmark_lantern/jims_lantern.xml">
        <parameters />
    </EnvObject>
    <EnvObject t0="-190.977" t1="-3.931" t2="132.234" s0="1.13262" s1="1.13262" s2="1.13262" r0="0.0801376" r1="-0.122296" r2="-0.989253" r3="0" r4="0.0791228" r5="0.990094" r6="-0.11599" r7="0" r8="0.993639" r9="-0.0689773" r10="0.0890201" r11="0" r12="0" r13="0" r14="0" r15="1" id="76" color_r="1" color_g="1" color_b="1" type_file="Data/Custom/twowolves/landmark_lantern/jims_lantern.xml">
        <parameters />
    </EnvObject>
    <EnvObject t0="-183.708" t1="-3.54234" t2="130.426" s0="1.02645" s1="1.02645" s2="1.02645" r0="0.971593" r1="-0.0571931" r2="-0.229642" r3="0" r4="-0.0416013" r5="0.913972" r6="-0.40364" r7="0" r8="0.232971" r9="0.401727" r10="0.88563" r11="0" r12="0" r13="0" r14="0" r15="1" id="77" color_r="1" color_g="1" color_b="1" type_file="Data/Custom/twowolves/landmark_lantern/jims_lantern.xml">
        <parameters />
    </EnvObject>
    <EnvObject t0="-183.037" t1="-4.0043" t2="129.946" s0="1.02645" s1="1.02645" s2="1.02645" r0="0.992525" r1="-0.0725585" r2="0.098134" r3="0" r4="0.111828" r5="0.862737" r6="-0.493132" r7="0" r8="-0.0488829" r9="0.50042" r10="0.864402" r11="0" r12="0" r13="0" r14="0" r15="1" id="78" color_r="1" color_g="1" color_b="1" type_file="Data/Custom/twowolves/landmark_lantern/jims_lantern.xml">
        <parameters />
    </EnvObject>
    <EnvObject t0="-189.681" t1="-7.10645" t2="116.242" s0="1" s1="1" s2="1" r0="0.296502" r1="0.0481696" r2="-0.953817" r3="0" r4="0.0467524" r5="0.996798" r6="0.0648736" r7="0" r8="0.953887" r9="-0.0638283" r10="0.2933" r11="0" r12="0" r13="0" r14="0" r15="1" id="79" color_r="1" color_g="1" color_b="1" type_file="Data/Custom/twowolves/landmark_lantern/jims_lantern.xml">
        <parameters />
    </EnvObject>
    <EnvObject t0="-189.54" t1="-7.8911" t2="115.295" s0="0.7962" s1="0.7962" s2="0.7962" r0="0.670769" r1="-0.249688" r2="-0.698373" r3="0" r4="-0.0249152" r5="0.933509" r6="-0.357686" r7="0" r8="0.741248" r9="0.257325" r10="0.619948" r11="0" r12="0" r13="0" r14="0" r15="1" id="80" color_r="1" color_g="1" color_b="1" type_file="Data/Custom/twowolves/landmark_lantern/jims_lantern.xml">
        <parameters />
    </EnvObject>
    <EnvObject t0="-188.941" t1="-8.08424" t2="114.911" s0="0.879272" s1="0.879272" s2="0.879272" r0="0.625674" r1="-0.551107" r2="-0.552099" r3="0" r4="0.171931" r5="0.78776" r6="-0.591502" r7="0" r8="0.760902" r9="0.275164" r10="0.587633" r11="0" r12="0" r13="0" r14="0" r15="1" id="81" color_r="1" color_g="1" color_b="1" type_file="Data/Custom/twowolves/landmark_lantern/jims_lantern.xml">
        <parameters />
    </EnvObject>
    <EnvObject t0="-150.02" t1="3.14831" t2="135.473" s0="5.56636" s1="5.56636" s2="5.56636" r0="1" r1="0" r2="0" r3="0" r4="0" r5="1" r6="0" r7="0" r8="0" r9="0" r10="1" r11="0" r12="0" r13="0" r14="0" r15="1" id="82" color_r="1" color_g="1" color_b="1" type_file="Data/Objects/Environment/Rocks/strata_rocks/strata_rock_boulder.xml">
        <parameters />
    </EnvObject>
    <EnvObject t0="-152.45" t1="11.0118" t2="142.371" s0="2.04735" s1="2.04735" s2="2.04735" r0="0.0378354" r1="-0.0533753" r2="0.997858" r3="0" r4="0.0476155" r5="0.997535" r6="0.0515526" r7="0" r8="-0.998149" r9="0.0455629" r10="0.0402836" r11="0" r12="0" r13="0" r14="0" r15="1" id="83" color_r="1" color_g="1" color_b="1" type_file="Data/Objects/Environment/Rocks/strata_rocks/strata_rock_pillar.xml">
        <parameters />
    </EnvObject>
    <EnvObject t0="-147.495" t1="11.9479" t2="144.113" s0="1.21344" s1="1.21344" s2="1.21344" r0="1" r1="0" r2="0" r3="0" r4="0" r5="1" r6="0" r7="0" r8="0" r9="0" r10="1" r11="0" r12="0" r13="0" r14="0" r15="1" id="84" color_r="1" color_g="1" color_b="1" type_file="Data/Objects/Environment/Rocks/strata_rocks/strata_rock_block.xml">
        <parameters />
    </EnvObject>
    <EnvObject t0="-162.48" t1="4.21714" t2="144.203" s0="0.945119" s1="0.945119" s2="0.945119" r0="0.873946" r1="0.154758" r2="-0.460725" r3="0" r4="-0.105023" r5="0.985687" r6="0.131877" r7="0" r8="0.47454" r9="-0.0668669" r10="0.877691" r11="0" r12="0" r13="0" r14="0" r15="1" id="85" color_r="1" color_g="1" color_b="1" type_file="Data/Objects/Environment/Rocks/strata_rocks/strata_rock_block.xml">
        <parameters />
    </EnvObject>
    <EnvObject t0="-97.5036" t1="-7.26093" t2="123.476" s0="11.4152" s1="11.4152" s2="11.4152" r0="-0.0322137" r1="0" r2="0.999481" r3="0" r4="-0" r5="1" r6="0" r7="0" r8="-0.999481" r9="-0" r10="-0.0322137" r11="0" r12="0" r13="0" r14="0" r15="1" id="86" color_r="1" color_g="1" color_b="1" type_file="Data/Objects/Environment/Rocks/strata_rocks/strata_rock_boulder.xml">
        <parameters />
    </EnvObject>
    <EnvObject t0="-104.759" t1="11.6314" t2="123.192" s0="1.48064" s1="1.48064" s2="1.48064" r0="1" r1="0" r2="0" r3="0" r4="0" r5="1" r6="0" r7="0" r8="0" r9="0" r10="1" r11="0" r12="0" r13="0" r14="0" r15="1" id="87" color_r="1" color_g="1" color_b="1" type_file="Data/Objects/Environment/Rocks/strata_rocks/strata_rock_capital.xml">
        <parameters />
    </EnvObject>
    <EnvObject t0="-93.3895" t1="-0.748159" t2="110.974" s0="2.60458" s1="2.60458" s2="2.60458" r0="1" r1="0" r2="0" r3="0" r4="0" r5="1" r6="0" r7="0" r8="0" r9="0" r10="1" r11="0" r12="0" r13="0" r14="0" r15="1" id="88" color_r="1" color_g="1" color_b="1" type_file="Data/Objects/Environment/Rocks/strata_rocks/strata_rock_pillar.xml">
        <parameters />
    </EnvObject>
    <EnvObject t0="-109.252" t1="0.530118" t2="119.44" s0="2.60458" s1="2.60458" s2="2.60458" r0="-0.514933" r1="-0.0290171" r2="-0.856739" r3="0" r4="-0.0125335" r5="0.999575" r6="-0.0263217" r7="0" r8="0.857139" r9="-0.00281597" r10="-0.515078" r11="0" r12="0" r13="0" r14="0" r15="1" id="89" color_r="1" color_g="1" color_b="1" type_file="Data/Objects/Environment/Rocks/strata_rocks/strata_rock_pillar.xml">
        <parameters />
    </EnvObject>
    <EnvObject t0="-103.091" t1="-3.60865" t2="109.975" s0="1.50612" s1="1.50612" s2="1.50612" r0="-0.535689" r1="0.11515" r2="-0.836527" r3="0" r4="0.0174195" r5="0.991955" r6="0.12539" r7="0" r8="0.844236" r9="0.0525982" r10="-0.533385" r11="0" r12="0" r13="0" r14="0" r15="1" id="90" color_r="1" color_g="1" color_b="1" type_file="Data/Objects/Environment/Rocks/strata_rocks/strata_rock_facade.xml">
        <parameters />
    </EnvObject>
    <EnvObject t0="-183.873" t1="-4.91548" t2="108.455" s0="1.40581" s1="1.40581" s2="1.40581" r0="0.498972" r1="-5.9666e-008" r2="-0.866618" r3="0" r4="-5.9666e-008" r5="1" r6="-1.03203e-007" r7="0" r8="0.866618" r9="1.03203e-007" r10="0.498972" r11="0" r12="0" r13="0" r14="0" r15="1" id="91" color_r="1" color_g="1" color_b="1" type_file="Data/Objects/Environment/Statues/RobedStatue.xml">
        <parameters />
    </EnvObject>
    <EnvObject t0="-180.775" t1="-7.71878" t2="102.427" s0="1.33234" s1="1.33234" s2="1.33234" r0="0.416841" r1="-0.0175548" r2="-0.90881" r3="0" r4="0.0422069" r5="0.999109" r6="5.98636e-005" r7="0" r8="0.907999" r9="-0.038383" r10="0.41721" r11="0" r12="0" r13="0" r14="0" r15="1" id="92" color_r="1" color_g="1" color_b="1" type_file="Data/Objects/Environment/Statues/RobedStatue.xml">
        <parameters />
    </EnvObject>
    <EnvObject t0="-176.926" t1="-9.95515" t2="95.5229" s0="1.39015" s1="1.39015" s2="1.39015" r0="0.395767" r1="-0.0509774" r2="-0.916935" r3="0" r4="0.122444" r5="0.992473" r6="-0.00232762" r7="0" r8="0.910151" r9="-0.111352" r10="0.39903" r11="0" r12="0" r13="0" r14="0" r15="1" id="93" color_r="1" color_g="1" color_b="1" type_file="Data/Objects/Environment/Statues/RobedStatue.xml">
        <parameters />
    </EnvObject>
    <EnvObject t0="-164.033" t1="-9.8178" t2="100.628" s0="1.23666" s1="1.23666" s2="1.23666" r0="-0.522054" r1="0.169661" r2="0.835868" r3="0" r4="-0.103633" r5="0.960137" r6="-0.25961" r7="0" r8="-0.846593" r9="-0.222154" r10="-0.483661" r11="0" r12="0" r13="0" r14="0" r15="1" id="94" color_r="1" color_g="1" color_b="1" type_file="Data/Objects/Environment/Statues/RobedStatue.xml">
        <parameters />
    </EnvObject>
    <EnvObject t0="-167.718" t1="-8.54876" t2="107.214" s0="1.32302" s1="1.32302" s2="1.32302" r0="-0.384421" r1="0.171767" r2="0.907037" r3="0" r4="-0.0523346" r5="0.976902" r6="-0.207178" r7="0" r8="-0.921673" r9="-0.127113" r10="-0.366552" r11="0" r12="0" r13="0" r14="0" r15="1" id="95" color_r="1" color_g="1" color_b="1" type_file="Data/Objects/Environment/Statues/RobedStatue.xml">
        <parameters />
    </EnvObject>
    <EnvObject t0="-173.173" t1="-4.66561" t2="115.016" s0="1.27885" s1="1.27885" s2="1.27885" r0="-0.563765" r1="0.1218" r2="0.816905" r3="0" r4="0.0979553" r5="0.991946" r6="-0.0802973" r7="0" r8="-0.820106" r9="0.0347514" r10="-0.571155" r11="0" r12="0" r13="0" r14="0" r15="1" id="96" color_r="1" color_g="1" color_b="1" type_file="Data/Objects/Environment/Statues/RobedStatue.xml">
        <parameters />
    </EnvObject>
    <Decal t0="-182.112" t1="-9.11047" t2="116.646" s0="10.1079" s1="1.96763" s2="5.88441" r0="0.626671" r1="-0.157172" r2="-0.763269" r3="0" r4="0.10812" r5="0.987513" r6="-0.114577" r7="0" r8="0.771747" r9="-0.0107228" r10="0.63584" r11="0" r12="0" r13="0" r14="0" r15="1" id="97" type_file="Data/Objects/Decals/DarkStonyDirt.xml" i="0" color_r="0.266667" color_g="0.266667" color_b="0.266667">
        <parameters />
    </Decal>
    <Decal t0="-176.562" t1="-11.8946" t2="108.886" s0="10.1079" s1="1.96763" s2="5.88441" r0="0.58028" r1="-0.270604" r2="-0.768146" r3="0" r4="0.190122" r5="0.962135" r6="-0.19532" r7="0" r8="0.791915" r9="-0.0327009" r10="0.609756" r11="0" r12="0" r13="0" r14="0" r15="1" id="98" type_file="Data/Objects/Decals/DarkStonyDirt.xml" i="0" color_r="0.266667" color_g="0.266667" color_b="0.266667">
        <parameters />
    </Decal>
    <Decal t0="-172.445" t1="-14.7176" t2="101.872" s0="10.1079" s1="1.96763" s2="5.88441" r0="0.38785" r1="-0.242517" r2="-0.889246" r3="0" r4="0.00103171" r5="0.964879" r6="-0.262694" r7="0" r8="0.921722" r9="0.100968" r10="0.374478" r11="0" r12="0" r13="0" r14="0" r15="1" id="99" type_file="Data/Objects/Decals/DarkStonyDirt.xml" i="0" color_r="0.266667" color_g="0.266667" color_b="0.266667">
        <parameters />
    </Decal>
    <EnvObject t0="-192.738" t1="-7.61616" t2="108.936" s0="1.38253" s1="1.38253" s2="1.38253" r0="-0.12749" r1="-0.310713" r2="-0.941915" r3="0" r4="-0.295427" r5="0.918455" r6="-0.262988" r7="0" r8="0.94682" r9="0.244739" r10="-0.208887" r11="0" r12="0" r13="0" r14="0" r15="1" id="100" color_r="0.25098" color_g="0.203922" color_b="0.184314" type_file="Data/Objects/Environment/rocks/BlockyStone1.xml">
        <parameters />
    </EnvObject>
    <EnvObject t0="-190.543" t1="-7.14146" t2="107.771" s0="0.779216" s1="0.779216" s2="0.779216" r0="-0.78979" r1="0.0146621" r2="0.613202" r3="0" r4="-0.159565" r5="0.960383" r6="-0.22848" r7="0" r8="-0.592259" r9="-0.278296" r10="-0.756162" r11="0" r12="0" r13="0" r14="0" r15="1" id="101" color_r="0.25098" color_g="0.203922" color_b="0.184314" type_file="Data/Objects/Environment/rocks/BlockyStone1.xml">
        <parameters />
    </EnvObject>
    <EnvObject t0="-191.026" t1="-9.82981" t2="103.664" s0="1.13465" s1="1.13465" s2="1.13465" r0="-0.907553" r1="-0.0965929" r2="-0.408678" r3="0" r4="-0.0862255" r5="0.995314" r6="-0.0437658" r7="0" r8="0.41099" r9="-0.00448134" r10="-0.911629" r11="0" r12="0" r13="0" r14="0" r15="1" id="102" color_r="0.25098" color_g="0.203922" color_b="0.184314" type_file="Data/Objects/Environment/rocks/BlockyStone1.xml">
        <parameters />
    </EnvObject>
    <EnvObject t0="-195.265" t1="-7.55009" t2="103.397" s0="1.41461" s1="1.41461" s2="1.41461" r0="-0.703806" r1="0.0158386" r2="0.710216" r3="0" r4="0.047327" r5="0.998576" r6="0.0246304" r7="0" r8="-0.708814" r9="0.0509474" r10="-0.703553" r11="0" r12="0" r13="0" r14="0" r15="1" id="103" color_r="0.25098" color_g="0.203922" color_b="0.184314" type_file="Data/Objects/Environment/rocks/BlockyStone1.xml">
        <parameters />
    </EnvObject>
    <EnvObject t0="-190.519" t1="-13.2019" t2="91.7243" s0="1.08537" s1="1.05585" s2="1.03079" r0="0.0414794" r1="0.201466" r2="0.978617" r3="0" r4="-0.478434" r5="0.863872" r6="-0.157565" r7="0" r8="-0.877143" r9="-0.461668" r10="0.132221" r11="0" r12="0" r13="0" r14="0" r15="1" id="104" color_r="0.670588" color_g="0.694118" color_b="0.717647" type_file="Data/Objects/Environment/Rocks/coast_rock_large.xml">
        <parameters />
    </EnvObject>
    <EnvObject t0="-152.633" t1="-5.36836" t2="113.464" s0="1.08537" s1="1.05585" s2="1.03079" r0="0.0209772" r1="0.0473228" r2="0.998659" r3="0" r4="0.20979" r5="0.976432" r6="-0.0506763" r7="0" r8="-0.977522" r9="0.210571" r10="0.010555" r11="0" r12="0" r13="0" r14="0" r15="1" id="105" color_r="0.670588" color_g="0.694118" color_b="0.717647" type_file="Data/Objects/Environment/Rocks/coast_rock_large.xml">
        <parameters />
    </EnvObject>
    <EnvObject t0="-190.549" t1="4.57007" t2="117.33" s0="2.64755" s1="2.64755" s2="2.64755" r0="0.181927" r1="0.981582" r2="0.0582997" r3="0" r4="-0.482218" r5="0.14073" r6="-0.864674" r7="0" r8="-0.856953" r9="0.129194" r10="0.498939" r11="0" r12="0" r13="0" r14="0" r15="1" id="106" color_r="1" color_g="1" color_b="1" type_file="Data/Objects/Buildings/Post1.xml">
        <parameters />
    </EnvObject>
    <EnvObject t0="-186.105" t1="0.988127" t2="125.336" s0="0.617619" s1="24.5969" s2="0.617619" r0="1" r1="0" r2="0" r3="0" r4="0" r5="1" r6="0" r7="0" r8="0" r9="0" r10="1" r11="0" r12="0" r13="0" r14="0" r15="1" id="137" color_r="1" color_g="1" color_b="1" type_file="Data/Custom/timbles/therium-2/Objects/thinrope.xml">
        <parameters />
    </EnvObject>
    <EnvObject t0="-187.529" t1="4.03028" t2="122.532" s0="2.64755" s1="2.64755" s2="2.64755" r0="0.163298" r1="0.976175" r2="0.142882" r3="0" r4="-0.442286" r5="0.201893" r6="-0.873855" r7="0" r8="-0.881883" r9="0.079504" r10="0.464717" r11="0" r12="0" r13="0" r14="0" r15="1" id="138" color_r="1" color_g="1" color_b="1" type_file="Data/Objects/Buildings/Post1.xml">
        <parameters />
    </EnvObject>
    <EnvObject t0="-184.778" t1="-2.47126" t2="130.185" s0="2.64755" s1="2.64755" s2="2.64755" r0="0.558119" r1="-0.398165" r2="0.727989" r3="0" r4="0.341035" r5="0.909893" r6="0.236198" r7="0" r8="-0.756438" r9="0.116443" r10="0.643617" r11="0" r12="0" r13="0" r14="0" r15="1" id="139" color_r="1" color_g="1" color_b="1" type_file="Data/Objects/Buildings/Post1.xml">
        <parameters />
    </EnvObject>
    <EnvObject t0="-189.199" t1="4.38122" t2="119.757" s0="7.59837" s1="8.93377" s2="7.59837" r0="0.037686" r1="0.936644" r2="-0.348249" r3="0" r4="-0.713071" r5="-0.218942" r6="-0.666028" r7="0" r8="-0.700078" r9="0.273426" r10="0.659643" r11="0" r12="0" r13="0" r14="0" r15="1" id="140" color_r="1" color_g="1" color_b="1" type_file="Data/Custom/timbles/therium-2/Objects/thinrope.xml">
        <parameters />
    </EnvObject>
    <EnvObject t0="-190.968" t1="2.64304" t2="116.591" s0="0.617619" s1="24.5969" s2="0.617619" r0="1" r1="0" r2="0" r3="0" r4="0" r5="1" r6="0" r7="0" r8="0" r9="0" r10="1" r11="0" r12="0" r13="0" r14="0" r15="1" id="141" color_r="1" color_g="1" color_b="1" type_file="Data/Custom/timbles/therium-2/Objects/thinrope.xml">
        <parameters />
    </EnvObject>
    <EnvObject t0="-186.218" t1="3.36864" t2="125.256" s0="3.8767" s1="4.55803" s2="3.8767" r0="-0.187841" r1="-0.981856" r2="0.0259627" r3="0" r4="-0.530068" r5="0.0790842" r6="-0.844259" r7="0" r8="0.826888" r9="-0.172349" r10="-0.535306" r11="0" r12="0" r13="0" r14="0" r15="1" id="142" color_r="1" color_g="1" color_b="1" type_file="Data/Custom/timbles/therium-2/Objects/thinrope.xml">
        <parameters />
    </EnvObject>
    <EnvObject t0="-190.946" t1="4.69465" t2="116.635" s0="3.8767" s1="4.55802" s2="3.8767" r0="0.301537" r1="0.939358" r2="0.163347" r3="0" r4="0.474691" r5="-0.296484" r6="0.828713" r7="0" r8="0.826888" r9="-0.172348" r10="-0.535306" r11="0" r12="0" r13="0" r14="0" r15="1" id="143" color_r="1" color_g="1" color_b="1" type_file="Data/Custom/timbles/therium-2/Objects/thinrope.xml">
        <parameters />
    </EnvObject>
    <EnvObject t0="-169.677" t1="-25.5622" t2="70.5731" s0="1.40009" s1="1.36201" s2="1.32968" r0="-0.758028" r1="0.131963" r2="0.638733" r3="0" r4="0.632725" r5="0.386447" r6="0.671057" r7="0" r8="-0.158282" r9="0.912822" r10="-0.376434" r11="0" r12="0" r13="0" r14="0" r15="1" id="144" color_r="0.670588" color_g="0.694118" color_b="0.717647" type_file="Data/Objects/Environment/Rocks/coast_rock_large.xml">
        <parameters />
    </EnvObject>
    <EnvObject t0="-150.497" t1="-13.9814" t2="91.124" s0="1.40009" s1="1.36201" s2="1.32968" r0="-0.291666" r1="0.0335697" r2="0.955931" r3="0" r4="0.199052" r5="0.979635" r6="0.0263311" r7="0" r8="-0.93558" r9="0.19796" r10="-0.292409" r11="0" r12="0" r13="0" r14="0" r15="1" id="145" color_r="0.670588" color_g="0.694118" color_b="0.717647" type_file="Data/Objects/Environment/Rocks/coast_rock_large.xml">
        <parameters />
    </EnvObject>
    <EnvObject t0="-165.894" t1="4.36133" t2="110.066" s0="2.64755" s1="2.64755" s2="2.64755" r0="-0.250439" r1="0.952427" r2="-0.173675" r3="0" r4="-0.967741" r5="-0.251374" r6="0.0169538" r7="0" r8="-0.0275101" r9="0.172318" r10="0.984657" r11="0" r12="0" r13="0" r14="0" r15="1" id="146" color_r="1" color_g="1" color_b="1" type_file="Data/Objects/Buildings/Post1.xml">
        <parameters />
    </EnvObject>
    <EnvObject t0="-160.137" t1="6.17396" t2="109.847" s0="2.64755" s1="2.64755" s2="2.64755" r0="-0.188257" r1="0.975061" r2="-0.117538" r3="0" r4="-0.98099" r5="-0.192429" r6="-0.025116" r7="0" r8="-0.0471074" r9="0.110576" r10="0.992751" r11="0" r12="0" r13="0" r14="0" r15="1" id="147" color_r="1" color_g="1" color_b="1" type_file="Data/Objects/Buildings/Post1.xml">
        <parameters />
    </EnvObject>
    <EnvObject t0="-166.662" t1="2.05864" t2="110.017" s0="0.617619" s1="24.5969" s2="0.617619" r0="0.477793" r1="0.0369937" r2="-0.877693" r3="0" r4="-0.00158803" r5="0.999148" r6="0.0412484" r7="0" r8="0.878471" r9="-0.0183144" r10="0.477445" r11="0" r12="0" r13="0" r14="0" r15="1" id="148" color_r="1" color_g="1" color_b="1" type_file="Data/Custom/timbles/therium-2/Objects/thinrope.xml">
        <parameters />
    </EnvObject>
    <EnvObject t0="-163.258" t1="5.25642" t2="110.014" s0="7.59837" s1="8.93377" s2="7.59837" r0="-0.62593" r1="0.743931" r2="-0.234047" r3="0" r4="-0.77112" r5="-0.545521" r6="0.328301" r7="0" r8="0.116556" r9="0.385971" r10="0.915118" r11="0" r12="0" r13="0" r14="0" r15="1" id="149" color_r="1" color_g="1" color_b="1" type_file="Data/Custom/timbles/therium-2/Objects/thinrope.xml">
        <parameters />
    </EnvObject>
