<?xml version="2.0" ?>
<Type>saved</Type>
<Name></Name>
<Description></Description>
<Shader>post</Shader>
<Terrain>
    <Heightmap>Data/Textures/Terrain/eroded_plateau/eroded_plateau_hm.png</Heightmap>
    <DetailMap></DetailMap>
    <ColorMap>Data/Textures/Terrain/eroded_plateau/eroded_plateau_c.tga</ColorMap>
    <ModelOverride>Data/Custom/timbles/therium-2/Models/erodedplateauwithahole.obj</ModelOverride>
    <DetailMaps>
        <DetailMap colorpath="Data/Textures/Terrain/DetailTextures/volcanic.tga" normalpath="Data/Textures/Terrain/DetailTextures/volcanic_normal.tga" materialpath="Data/Materials/rock.xml" />
        <DetailMap colorpath="Data/Textures/Terrain/DetailTextures/pebbles.tga" normalpath="Data/Textures/Terrain/DetailTextures/pebbles_normal.tga" materialpath="Data/Materials/gravel.xml" />
        <DetailMap colorpath="Data/Textures/Terrain/DetailTextures/smooth_mud.tga" normalpath="Data/Textures/Terrain/DetailTextures/smooth_mud_normal.tga" materialpath="Data/Materials/dirt.xml" />
        <DetailMap colorpath="Data/Textures/Terrain/DetailTextures/rubble.tga" normalpath="Data/Textures/Terrain/DetailTextures/rubble_normal.tga" materialpath="Data/Materials/rocks.xml" />
    </DetailMaps>
    <DetailObjects />
</Terrain>
<OutOfDate Shadow="true" AO="true" NavMesh="true" />
<SpawnPoints>
    <SpawnPoint t0="0" t1="200" t2="0" s0="1" s1="1" s2="1" r0="1" r1="0" r2="0" r3="0" r4="0" r5="1" r6="0" r7="0" r8="0" r9="0" r10="1" r11="0" r12="0" r13="0" r14="0" r15="1" />
</SpawnPoints>
<AmbientSounds />
<Script>Data/Scripts/challengelevel.as</Script>
<LevelScriptParameters>
    <parameter name="Achievements" type="string" val="flawless, no_injuries, no_kills" />
    <parameter name="Level Boundaries" type="int" val="1" />
    <parameter name="Objectives" type="string" val="destroy_all" />
</LevelScriptParameters>
<Sky>
    <DomeTexture>Data/Textures/skies/cirrus2_volcano_slope.tga</DomeTexture>
    <SunAngularRad>0.1017</SunAngularRad>
    <SunColorAngle>38.0014</SunColorAngle>
    <RayToSun r0="0.133487" r1="0.953954" r2="0.268614" />
    <ExtraAO>0</ExtraAO>
    <SkyRotation>0</SkyRotation>
</Sky>
<ActorObjects>
    <Group t0="-1.88845" t1="56.331" t2="37.349" s0="5.95546" s1="20.9901" s2="5.85442" r0="1" r1="0" r2="0" r3="0" r4="0" r5="1" r6="0" r7="0" r8="0" r9="0" r10="1" r11="0" r12="0" r13="0" r14="0" r15="1" id="181" version="1">
        <parameters />
        <EnvObject t0="-1.61008" t1="62.4123" t2="37.9055" s0="1" s1="1" s2="1" r0="0.938175" r1="0" r2="0.346162" r3="0" r4="-0" r5="1" r6="0" r7="0" r8="-0.346162" r9="-0" r10="0.938175" r11="0" r12="0" r13="0" r14="0" r15="1" id="124" color_r="1" color_g="1" color_b="1" type_file="Data/Objects/Environment/Furniture/footpillow.xml">
            <parameters />
        </EnvObject>
        <EnvObject t0="-1.17848" t1="62.1536" t2="36.6752" s0="1" s1="1" s2="1" r0="0.945826" r1="0" r2="-0.324673" r3="0" r4="0" r5="1" r6="0" r7="0" r8="0.324673" r9="0" r10="0.945826" r11="0" r12="0" r13="0" r14="0" r15="1" id="115" color_r="1" color_g="1" color_b="1" type_file="Data/Objects/Buildings/trapdoor1.xml">
            <parameters />
        </EnvObject>
        <EnvObject t0="-2.66585" t1="62.4123" t2="37.5785" s0="0.63045" s1="0.798808" s2="0.859896" r0="0.938175" r1="0" r2="0.346162" r3="0" r4="-0" r5="1" r6="0" r7="0" r8="-0.346162" r9="-0" r10="0.938175" r11="0" r12="0" r13="0" r14="0" r15="1" id="114" color_r="1" color_g="1" color_b="1" type_file="Data/Objects/Environment/Furniture/catstand.xml">
            <parameters />
        </EnvObject>
        <EnvObject t0="-3.17573" t1="64.5335" t2="37.6109" s0="0.408725" s1="0.990753" s2="1.00002" r0="0.963826" r1="-0.0119266" r2="-0.266265" r3="0" r4="-0.266279" r5="0.000447163" r6="-0.963896" r7="0" r8="0.0116151" r9="0.999929" r10="-0.00274483" r11="0" r12="0" r13="0" r14="0" r15="1" id="113" color_r="1" color_g="1" color_b="1" type_file="Data/Objects/Buildings/post1.xml">
            <parameters />
        </EnvObject>
        <EnvObject t0="-1.38296" t1="64.5614" t2="38.5844" s0="0.408725" s1="0.990753" s2="1.00002" r0="-0.257805" r1="0.000346065" r2="-0.966197" r3="0" r4="-0.966127" r5="0.0119309" r6="0.257791" r7="0" r8="0.0116169" r9="0.999929" r10="-0.00274158" r11="0" r12="0" r13="0" r14="0" r15="1" id="112" color_r="1" color_g="1" color_b="1" type_file="Data/Objects/Buildings/post1.xml">
            <parameters />
        </EnvObject>
        <EnvObject t0="-2.10906" t1="64.5624" t2="35.8629" s0="0.408725" s1="0.990753" s2="1.00002" r0="-0.257805" r1="0.000346065" r2="-0.966197" r3="0" r4="-0.966127" r5="0.0119309" r6="0.257791" r7="0" r8="0.0116169" r9="0.999929" r10="-0.00274158" r11="0" r12="0" r13="0" r14="0" r15="1" id="111" color_r="1" color_g="1" color_b="1" type_file="Data/Objects/Buildings/post1.xml">
            <parameters />
        </EnvObject>
        <EnvObject t0="-0.0450339" t1="63.3872" t2="38.1989" s0="1" s1="1" s2="1" r0="-0.229878" r1="0" r2="-0.97322" r3="0" r4="0" r5="1" r6="0" r7="0" r8="0.97322" r9="0" r10="-0.229878" r11="0" r12="0" r13="0" r14="0" r15="1" id="110" color_r="1" color_g="1" color_b="1" type_file="Data/Objects/Buildings/post1.xml">
            <parameters />
        </EnvObject>
        <EnvObject t0="-0.817348" t1="63.5164" t2="35.5614" s0="1" s1="1" s2="1" r0="-0.229878" r1="0" r2="-0.97322" r3="0" r4="0" r5="1" r6="0" r7="0" r8="0.97322" r9="0" r10="-0.229878" r11="0" r12="0" r13="0" r14="0" r15="1" id="109" color_r="1" color_g="1" color_b="1" type_file="Data/Objects/Buildings/post1.xml">
            <parameters />
        </EnvObject>
        <EnvObject t0="-0.403995" t1="64.4991" t2="36.8453" s0="0.408725" s1="0.990753" s2="1.00002" r0="0.963826" r1="-0.0119266" r2="-0.266265" r3="0" r4="-0.266279" r5="0.000447163" r6="-0.963896" r7="0" r8="0.0116151" r9="0.999929" r10="-0.00274483" r11="0" r12="0" r13="0" r14="0" r15="1" id="108" color_r="1" color_g="1" color_b="1" type_file="Data/Objects/Buildings/post1.xml">
            <parameters />
        </EnvObject>
        <EnvObject t0="-2.81179" t1="64.3093" t2="38.9706" s0="1.2462" s1="1.56917" s2="0.99997" r0="0.965384" r1="0" r2="-0.260831" r3="0" r4="0" r5="1" r6="0" r7="0" r8="0.260831" r9="0" r10="0.965384" r11="0" r12="0" r13="0" r14="0" r15="1" id="107" color_r="1" color_g="1" color_b="1" type_file="Data/Objects/Buildings/post1.xml">
            <parameters />
        </EnvObject>
        <EnvObject t0="-3.5384" t1="64.2943" t2="36.256" s0="1.2798" s1="1.53763" s2="0.999999" r0="-0.966344" r1="0" r2="0.257253" r3="0" r4="0" r5="1" r6="0" r7="0" r8="-0.257253" r9="0" r10="-0.966344" r11="0" r12="0" r13="0" r14="0" r15="1" id="106" color_r="1" color_g="1" color_b="1" type_file="Data/Objects/Buildings/post1.xml">
            <parameters />
        </EnvObject>
        <EnvObject t0="-1.30209" t1="57.4808" t2="39.0939" s0="2.12394" s1="2.19968" s2="1.73149" r0="0.959033" r1="0" r2="-0.283295" r3="0" r4="0" r5="1" r6="0" r7="0" r8="0.283295" r9="0" r10="0.959033" r11="0" r12="0" r13="0" r14="0" r15="1" id="97" color_r="1" color_g="1" color_b="1" type_file="Data/Objects/Buildings/window1.xml">
            <parameters />
        </EnvObject>
        <EnvObject t0="-1.22442" t1="57.9777" t2="39.3618" s0="0.961346" s1="0.961346" s2="0.961346" r0="0.946915" r1="0" r2="-0.321485" r3="0" r4="0" r5="1" r6="0" r7="0" r8="0.321485" r9="0" r10="0.946915" r11="0" r12="0" r13="0" r14="0" r15="1" id="96" color_r="1" color_g="1" color_b="1" type_file="Data/Objects/Buildings/topsill1.xml">
            <parameters />
        </EnvObject>
        <EnvObject t0="-1.88845" t1="54.144" t2="37.349" s0="1" s1="1" s2="1" r0="0.958317" r1="0" r2="-0.285707" r3="0" r4="0" r5="1" r6="0" r7="0" r8="0.285707" r9="0" r10="0.958317" r11="0" r12="0" r13="0" r14="0" r15="1" id="57" color_r="1" color_g="1" color_b="1" type_file="Data/Objects/Buildings/cat_town/high_tower.xml">
            <parameters />
        </EnvObject>
        <Group t0="-1.67465" t1="65.6601" t2="37.2874" s0="4.24679" s1="2.32197" s2="3.92846" r0="1" r1="0" r2="0" r3="0" r4="0" r5="1" r6="0" r7="0" r8="0" r9="0" r10="1" r11="0" r12="0" r13="0" r14="0" r15="1" id="180" version="1">
            <parameters />
            <EnvObject t0="-2.01822" t1="65.5819" t2="36.5145" s0="1.61706" s1="2.0054" s2="1.3774" r0="-0.25593" r1="-0.00775453" r2="-0.966664" r3="0" r4="-0.84086" r5="0.495123" r6="0.218651" r7="0" r8="0.476923" r9="0.868788" r10="-0.133238" r11="0" r12="0" r13="0" r14="0" r15="1" id="100" color_r="1" color_g="1" color_b="1" type_file="Data/Objects/Buildings/fence1.xml">
                <parameters />
            </EnvObject>
            <EnvObject t0="-1.60994" t1="65.6038" t2="38.0236" s0="1.79844" s1="2.00606" s2="1.37739" r0="-0.256966" r1="-0.0096449" r2="-0.966372" r3="0" r4="-0.84086" r5="0.495122" r6="0.21865" r7="0" r8="0.476364" r9="0.86877" r10="-0.13534" r11="0" r12="0" r13="0" r14="0" r15="1" id="101" color_r="1" color_g="1" color_b="1" type_file="Data/Objects/Buildings/fence1.xml">
                <parameters />
            </EnvObject>
            <EnvObject t0="-1.64775" t1="65.6601" t2="37.246" s0="1.37741" s1="1.37741" s2="1.37741" r0="-0.255929" r1="-0.00775423" r2="-0.966664" r3="0" r4="-0.0605943" r5="0.99813" r6="0.00803596" r7="0" r8="0.964795" r9="0.060631" r10="-0.25592" r11="0" r12="0" r13="0" r14="0" r15="1" id="102" color_r="1" color_g="1" color_b="1" type_file="Data/Objects/Buildings/roofs/roofslate.xml">
                <parameters />
            </EnvObject>
        </Group>
        <Group t0="-3.98435" t1="58.7493" t2="37.9196" s0="0.829296" s1="1.9867" s2="1.16291" r0="1" r1="0" r2="0" r3="0" r4="0" r5="1" r6="0" r7="0" r8="0" r9="0" r10="1" r11="0" r12="0" r13="0" r14="0" r15="1" id="178" version="1">
            <parameters />
            <EnvObject t0="-4.01154" t1="59.0117" t2="37.9196" s0="0.961346" s1="0.961346" s2="0.961346" r0="0.295178" r1="0" r2="0.955442" r3="0" r4="-0" r5="1" r6="0" r7="0" r8="-0.955442" r9="-0" r10="0.295178" r11="0" r12="0" r13="0" r14="0" r15="1" id="98" color_r="1" color_g="1" color_b="1" type_file="Data/Objects/Buildings/topsill1.xml">
                <parameters />
            </EnvObject>
            <EnvObject t0="-3.74167" t1="58.5147" t2="37.8494" s0="2.12395" s1="2.19968" s2="1.73149" r0="0.256666" r1="0" r2="0.9665" r3="0" r4="-0" r5="1" r6="0" r7="0" r8="-0.9665" r9="-0" r10="0.256666" r11="0" r12="0" r13="0" r14="0" r15="1" id="99" color_r="1" color_g="1" color_b="1" type_file="Data/Objects/Buildings/window1.xml">
                <parameters />
            </EnvObject>
        </Group>
        <Group t0="-2.59898" t1="57.686" t2="35.287" s0="1.14948" s1="1.9867" s2="0.775438" r0="1" r1="0" r2="0" r3="0" r4="0" r5="1" r6="0" r7="0" r8="0" r9="0" r10="1" r11="0" r12="0" r13="0" r14="0" r15="1" id="47" version="1">
            <parameters />
            <EnvObject t0="-2.59898" t1="57.9484" t2="35.2534" s0="0.961346" s1="0.961346" s2="0.961346" r0="-0.974657" r1="0" r2="0.223707" r3="0" r4="0" r5="1" r6="0" r7="0" r8="-0.223707" r9="0" r10="-0.974657" r11="0" r12="0" r13="0" r14="0" r15="1" id="94" color_r="1" color_g="1" color_b="1" type_file="Data/Objects/Buildings/topsill1.xml">
                <parameters />
            </EnvObject>
            <EnvObject t0="-2.54888" t1="57.4515" t2="35.5277" s0="2.12395" s1="2.19968" s2="1.73149" r0="-0.982836" r1="0" r2="0.184482" r3="0" r4="0" r5="1" r6="0" r7="0" r8="-0.184482" r9="0" r10="-0.982836" r11="0" r12="0" r13="0" r14="0" r15="1" id="95" color_r="1" color_g="1" color_b="1" type_file="Data/Objects/Buildings/window1.xml">
                <parameters />
            </EnvObject>
        </Group>
    </Group>
    <Group t0="-4.17942" t1="43.6901" t2="38.71" s0="16.1265" s1="6.56767" s2="14.0604" r0="1" r1="0" r2="0" r3="0" r4="0" r5="1" r6="0" r7="0" r8="0" r9="0" r10="1" r11="0" r12="0" r13="0" r14="0" r15="1" id="190" version="1">
        <parameters />
        <EnvObject t0="-10.4604" t1="41.4531" t2="39.8578" s0="1.03072" s1="0.928338" s2="0.907061" r0="0.293596" r1="0" r2="0.95593" r3="0" r4="-0" r5="1" r6="0" r7="0" r8="-0.95593" r9="-0" r10="0.293596" r11="0" r12="0" r13="0" r14="0" r15="1" id="79" color_r="1" color_g="1" color_b="1" type_file="Data/Objects/Buildings/window_boxes/window_box_medium.xml">
            <parameters />
        </EnvObject>
        <EnvObject t0="-3.93181" t1="43.6535" t2="38.7024" s0="0.704624" s1="0.704624" s2="0.704624" r0="-0.293596" r1="0" r2="-0.95593" r3="0" r4="0" r5="1" r6="0" r7="0" r8="0.95593" r9="0" r10="-0.293596" r11="0" r12="0" r13="0" r14="0" r15="1" id="126" color_r="1" color_g="1" color_b="1" type_file="Data/Objects/Buildings/cat_town/window_block.xml">
            <parameters />
        </EnvObject>
        <EnvObject t0="0.993444" t1="44.1776" t2="33.6944" s0="0.87846" s1="0.982083" s2="0.907061" r0="-0.293596" r1="-1.43424e-007" r2="-0.955929" r3="0" r4="-0.0271971" r5="0.999595" r6="0.00835295" r7="0" r8="0.955543" r9="0.0284509" r10="-0.293477" r11="0" r12="0" r13="0" r14="0" r15="1" id="130" color_r="1" color_g="1" color_b="1" type_file="Data/Objects/Buildings/window1.xml">
            <parameters />
        </EnvObject>
        <EnvObject t0="0.969747" t1="44.842" t2="33.7033" s0="0.87846" s1="0.982083" s2="0.907061" r0="-0.293596" r1="-1.11759e-007" r2="-0.95593" r3="0" r4="-0.0356562" r5="0.999304" r6="0.010951" r7="0" r8="0.955264" r9="0.0373" r10="-0.293392" r11="0" r12="0" r13="0" r14="0" r15="1" id="139" color_r="1" color_g="1" color_b="1" type_file="Data/Objects/Buildings/window1.xml">
            <parameters />
        </EnvObject>
        <EnvObject t0="2.90373" t1="44.1615" t2="39.9876" s0="0.87846" s1="0.982083" s2="0.907061" r0="-0.293596" r1="-1.43424e-007" r2="-0.955929" r3="0" r4="-0.0271971" r5="0.999595" r6="0.00835295" r7="0" r8="0.955543" r9="0.0284509" r10="-0.293477" r11="0" r12="0" r13="0" r14="0" r15="1" id="150" color_r="1" color_g="1" color_b="1" type_file="Data/Objects/Buildings/window1.xml">
            <parameters />
        </EnvObject>
        <EnvObject t0="2.88012" t1="44.8259" t2="39.9965" s0="0.87846" s1="0.982083" s2="0.907061" r0="-0.293596" r1="-1.11759e-007" r2="-0.95593" r3="0" r4="-0.0356562" r5="0.999304" r6="0.010951" r7="0" r8="0.955264" r9="0.0373" r10="-0.293392" r11="0" r12="0" r13="0" r14="0" r15="1" id="151" color_r="1" color_g="1" color_b="1" type_file="Data/Objects/Buildings/window1.xml">
            <parameters />
        </EnvObject>
        <EnvObject t0="1.80585" t1="42.4047" t2="36.1123" s0="0.87846" s1="0.982083" s2="0.907061" r0="-0.293596" r1="-1.43424e-007" r2="-0.955929" r3="0" r4="-0.0271971" r5="0.999595" r6="0.00835295" r7="0" r8="0.955543" r9="0.0284509" r10="-0.293477" r11="0" r12="0" r13="0" r14="0" r15="1" id="152" color_r="1" color_g="1" color_b="1" type_file="Data/Objects/Buildings/window1.xml">
            <parameters />
        </EnvObject>
        <EnvObject t0="1.7822" t1="43.0691" t2="36.1213" s0="0.87846" s1="0.982083" s2="0.907061" r0="-0.293596" r1="-1.11759e-007" r2="-0.95593" r3="0" r4="-0.0356562" r5="0.999304" r6="0.010951" r7="0" r8="0.955264" r9="0.0373" r10="-0.293392" r11="0" r12="0" r13="0" r14="0" r15="1" id="156" color_r="1" color_g="1" color_b="1" type_file="Data/Objects/Buildings/window1.xml">
            <parameters />
        </EnvObject>
        <EnvObject t0="-10.6314" t1="44.5794" t2="38.1881" s0="1.19986" s1="1.72991" s2="0.907049" r0="0.293596" r1="-1.69501e-007" r2="0.95593" r3="0" r4="0.0623308" r5="0.997872" r6="-0.0191436" r7="0" r8="-0.953895" r9="0.0652043" r10="0.292971" r11="0" r12="0" r13="0" r14="0" r15="1" id="157" color_r="1" color_g="1" color_b="1" type_file="Data/Objects/Buildings/window1.xml">
            <parameters />
        </EnvObject>
        <EnvObject t0="-9.10124" t1="44.6137" t2="43.1627" s0="1.19986" s1="1.72991" s2="0.907049" r0="0.293596" r1="-1.69501e-007" r2="0.95593" r3="0" r4="0.0623308" r5="0.997872" r6="-0.0191436" r7="0" r8="-0.953895" r9="0.0652043" r10="0.292971" r11="0" r12="0" r13="0" r14="0" r15="1" id="158" color_r="1" color_g="1" color_b="1" type_file="Data/Objects/Buildings/window1.xml">
            <parameters />
        </EnvObject>
        <EnvObject t0="-9.79745" t1="42.8333" t2="39.6527" s0="1.03072" s1="0.928338" s2="0.907061" r0="0.293596" r1="0" r2="0.95593" r3="0" r4="-0" r5="1" r6="0" r7="0" r8="-0.95593" r9="-0" r10="0.293596" r11="0" r12="0" r13="0" r14="0" r15="1" id="160" color_r="1" color_g="1" color_b="1" type_file="Data/Objects/Buildings/window_boxes/window_box_medium.xml">
            <parameters />
        </EnvObject>
        <Group t0="-9.95365" t1="46.6407" t2="40.5837" s0="3.17581" s1="0.534902" s2="9.69557" r0="1" r1="0" r2="0" r3="0" r4="0" r5="1" r6="0" r7="0" r8="0" r9="0" r10="1" r11="0" r12="0" r13="0" r14="0" r15="1" id="188" version="1">
            <parameters />
            <EnvObject t0="-10.9386" t1="46.6407" t2="37.3768" s0="1.10556" s1="1.10556" s2="1.10555" r0="0.293596" r1="0" r2="0.95593" r3="0" r4="-0" r5="1" r6="0" r7="0" r8="-0.95593" r9="-0" r10="0.293596" r11="0" r12="0" r13="0" r14="0" r15="1" id="9" color_r="1" color_g="1" color_b="1" type_file="Data/Objects/Buildings/cat_town/wood_trim.xml">
                <parameters />
            </EnvObject>
            <EnvObject t0="-8.96869" t1="46.6407" t2="43.7907" s0="1.10556" s1="1.10556" s2="1.10555" r0="0.293596" r1="0" r2="0.95593" r3="0" r4="-0" r5="1" r6="0" r7="0" r8="-0.95593" r9="-0" r10="0.293596" r11="0" r12="0" r13="0" r14="0" r15="1" id="43" color_r="1" color_g="1" color_b="1" type_file="Data/Objects/Buildings/cat_town/wood_trim.xml">
                <parameters />
            </EnvObject>
            <EnvObject t0="-9.95367" t1="46.6407" t2="40.5838" s0="1.10556" s1="1.10556" s2="1.10555" r0="0.293596" r1="0" r2="0.95593" r3="0" r4="-0" r5="1" r6="0" r7="0" r8="-0.95593" r9="-0" r10="0.293596" r11="0" r12="0" r13="0" r14="0" r15="1" id="44" color_r="1" color_g="1" color_b="1" type_file="Data/Objects/Buildings/cat_town/wood_trim.xml">
                <parameters />
            </EnvObject>
        </Group>
        <Group t0="2.0401" t1="46.6929" t2="36.8002" s0="3.27968" s1="0.552114" s2="10.0132" r0="1" r1="0" r2="0" r3="0" r4="0" r5="1" r6="0" r7="0" r8="0" r9="0" r10="1" r11="0" r12="0" r13="0" r14="0" r15="1" id="189" version="1">
            <parameters />
            <EnvObject t0="3.05737" t1="46.6929" t2="40.1123" s0="1.14182" s1="1.14182" s2="1.14182" r0="-0.293596" r1="0" r2="-0.95593" r3="0" r4="0" r5="1" r6="0" r7="0" r8="0.95593" r9="0" r10="-0.293596" r11="0" r12="0" r13="0" r14="0" r15="1" id="69" color_r="1" color_g="1" color_b="1" type_file="Data/Objects/Buildings/cat_town/wood_trim.xml">
                <parameters />
            </EnvObject>
            <EnvObject t0="1.02282" t1="46.6929" t2="33.4881" s0="1.14182" s1="1.14182" s2="1.14182" r0="-0.293596" r1="0" r2="-0.95593" r3="0" r4="0" r5="1" r6="0" r7="0" r8="0.95593" r9="0" r10="-0.293596" r11="0" r12="0" r13="0" r14="0" r15="1" id="226" color_r="1" color_g="1" color_b="1" type_file="Data/Objects/Buildings/cat_town/wood_trim.xml">
                <parameters />
            </EnvObject>
            <EnvObject t0="2.0401" t1="46.6929" t2="36.8002" s0="1.14182" s1="1.14182" s2="1.14182" r0="-0.293596" r1="0" r2="-0.95593" r3="0" r4="0" r5="1" r6="0" r7="0" r8="0.95593" r9="0" r10="-0.293596" r11="0" r12="0" r13="0" r14="0" r15="1" id="227" color_r="1" color_g="1" color_b="1" type_file="Data/Objects/Buildings/cat_town/wood_trim.xml">
                <parameters />
            </EnvObject>
        </Group>
        <Group t0="-2.89348" t1="46.661" t2="43.6796" s0="12.7488" s1="0.528639" s2="4.1113" r0="1" r1="0" r2="0" r3="0" r4="0" r5="1" r6="0" r7="0" r8="0" r9="0" r10="1" r11="0" r12="0" r13="0" r14="0" r15="1" id="193" version="1">
            <parameters />
            <EnvObject t0="-4.47783" t1="46.661" t2="44.1662" s0="1.09237" s1="1.09237" s2="1.09237" r0="-0.95593" r1="0" r2="0.293596" r3="0" r4="0" r5="1" r6="0" r7="0" r8="-0.293596" r9="0" r10="-0.95593" r11="0" r12="0" r13="0" r14="0" r15="1" id="228" color_r="1" color_g="1" color_b="1" type_file="Data/Objects/Buildings/cat_town/wood_trim.xml">
                <parameters />
            </EnvObject>
            <EnvObject t0="-7.64657" t1="46.661" t2="45.1394" s0="1.09237" s1="1.09237" s2="1.09237" r0="-0.95593" r1="0" r2="0.293596" r3="0" r4="0" r5="1" r6="0" r7="0" r8="-0.293596" r9="0" r10="-0.95593" r11="0" r12="0" r13="0" r14="0" r15="1" id="230" color_r="1" color_g="1" color_b="1" type_file="Data/Objects/Buildings/cat_town/wood_trim.xml">
                <parameters />
            </EnvObject>
            <EnvObject t0="1.8596" t1="46.661" t2="42.2197" s0="1.09237" s1="1.09237" s2="1.09237" r0="-0.95593" r1="0" r2="0.293596" r3="0" r4="0" r5="1" r6="0" r7="0" r8="-0.293596" r9="0" r10="-0.95593" r11="0" r12="0" r13="0" r14="0" r15="1" id="231" color_r="1" color_g="1" color_b="1" type_file="Data/Objects/Buildings/cat_town/wood_trim.xml">
                <parameters />
            </EnvObject>
            <EnvObject t0="-1.30912" t1="46.661" t2="43.193" s0="1.09237" s1="1.09237" s2="1.09237" r0="-0.95593" r1="0" r2="0.293596" r3="0" r4="0" r5="1" r6="0" r7="0" r8="-0.293596" r9="0" r10="-0.95593" r11="0" r12="0" r13="0" r14="0" r15="1" id="232" color_r="1" color_g="1" color_b="1" type_file="Data/Objects/Buildings/cat_town/wood_trim.xml">
                <parameters />
            </EnvObject>
        </Group>
        <Group t0="-5.86324" t1="46.675" t2="34.0103" s0="12.7488" s1="0.528639" s2="4.11138" r0="1" r1="0" r2="0" r3="0" r4="0" r5="1" r6="0" r7="0" r8="0" r9="0" r10="1" r11="0" r12="0" r13="0" r14="0" r15="1" id="194" version="1">
            <parameters />
            <EnvObject t0="-7.44763" t1="46.675" t2="34.4968" s0="1.09237" s1="1.09237" s2="1.09237" r0="-0.95593" r1="0" r2="0.293596" r3="0" r4="0" r5="1" r6="0" r7="0" r8="-0.293596" r9="0" r10="-0.95593" r11="0" r12="0" r13="0" r14="0" r15="1" id="233" color_r="1" color_g="1" color_b="1" type_file="Data/Objects/Buildings/cat_town/wood_trim.xml">
                <parameters />
            </EnvObject>
            <EnvObject t0="-10.6163" t1="46.675" t2="35.4702" s0="1.09237" s1="1.09237" s2="1.09237" r0="-0.95593" r1="0" r2="0.293596" r3="0" r4="0" r5="1" r6="0" r7="0" r8="-0.293596" r9="0" r10="-0.95593" r11="0" r12="0" r13="0" r14="0" r15="1" id="235" color_r="1" color_g="1" color_b="1" type_file="Data/Objects/Buildings/cat_town/wood_trim.xml">
                <parameters />
            </EnvObject>
            <EnvObject t0="-1.11015" t1="46.675" t2="32.5504" s0="1.09237" s1="1.09237" s2="1.09237" r0="-0.95593" r1="0" r2="0.293596" r3="0" r4="0" r5="1" r6="0" r7="0" r8="-0.293596" r9="0" r10="-0.95593" r11="0" r12="0" r13="0" r14="0" r15="1" id="236" color_r="1" color_g="1" color_b="1" type_file="Data/Objects/Buildings/cat_town/wood_trim.xml">
                <parameters />
            </EnvObject>
            <EnvObject t0="-4.27889" t1="46.675" t2="33.5236" s0="1.09237" s1="1.09237" s2="1.09237" r0="-0.95593" r1="0" r2="0.293596" r3="0" r4="0" r5="1" r6="0" r7="0" r8="-0.293596" r9="0" r10="-0.95593" r11="0" r12="0" r13="0" r14="0" r15="1" id="237" color_r="1" color_g="1" color_b="1" type_file="Data/Objects/Buildings/cat_town/wood_trim.xml">
                <parameters />
            </EnvObject>
        </Group>
    </Group>
    <Group t0="21.3665" t1="44.4888" t2="19.059" s0="15.0423" s1="7.23922" s2="11.7732" r0="1" r1="0" r2="0" r3="0" r4="0" r5="1" r6="0" r7="0" r8="0" r9="0" r10="1" r11="0" r12="0" r13="0" r14="0" r15="1" id="191" version="1">
        <parameters />
        <EnvObject t0="14.4266" t1="42.0227" t2="18.1635" s0="1.13635" s1="1.02348" s2="1.00002" r0="5.96046e-008" r1="0" r2="1" r3="0" r4="-0" r5="1" r6="0" r7="0" r8="-1" r9="-0" r10="5.96046e-008" r11="0" r12="0" r13="0" r14="0" r15="1" id="6" color_r="1" color_g="1" color_b="1" type_file="Data/Objects/Buildings/window_boxes/window_box_medium.xml">
            <parameters />
        </EnvObject>
        <EnvObject t0="21.681" t1="44.4486" t2="19.059" s0="0.776835" s1="0.776835" s2="0.776835" r0="5.96046e-008" r1="0" r2="-1" r3="0" r4="0" r5="1" r6="0" r7="0" r8="1" r9="0" r10="5.96046e-008" r11="0" r12="0" r13="0" r14="0" r15="1" id="7" color_r="1" color_g="1" color_b="1" type_file="Data/Objects/Buildings/cat_town/window_block.xml">
            <parameters />
        </EnvObject>
        <EnvObject t0="28.4925" t1="45.0264" t2="15.3753" s0="0.968486" s1="1.08273" s2="1.00002" r0="7.16827e-008" r1="2.79397e-009" r2="-1" r3="0" r4="-0.028451" r5="0.999595" r6="-2.79397e-009" r7="0" r8="0.999595" r9="0.028451" r10="5.96046e-008" r11="0" r12="0" r13="0" r14="0" r15="1" id="8" color_r="1" color_g="1" color_b="1" type_file="Data/Objects/Buildings/window1.xml">
            <parameters />
        </EnvObject>
        <EnvObject t0="28.4646" t1="45.7589" t2="15.3771" s0="0.968486" s1="1.08273" s2="1.00002" r0="2.75031e-008" r1="0" r2="-1" r3="0" r4="-0.0373" r5="0.999304" r6="0" r7="0" r8="0.999304" r9="0.0373" r10="0" r11="0" r12="0" r13="0" r14="0" r15="1" id="10" color_r="1" color_g="1" color_b="1" type_file="Data/Objects/Buildings/window1.xml">
            <parameters />
        </EnvObject>
        <EnvObject t0="28.4688" t1="45.0087" t2="22.6259" s0="0.968486" s1="1.08273" s2="1.00002" r0="7.16827e-008" r1="2.79397e-009" r2="-1" r3="0" r4="-0.028451" r5="0.999595" r6="-2.79397e-009" r7="0" r8="0.999595" r9="0.028451" r10="5.96046e-008" r11="0" r12="0" r13="0" r14="0" r15="1" id="11" color_r="1" color_g="1" color_b="1" type_file="Data/Objects/Buildings/window1.xml">
            <parameters />
        </EnvObject>
        <EnvObject t0="28.4409" t1="45.7412" t2="22.6276" s0="0.968486" s1="1.08273" s2="1.00002" r0="2.75031e-008" r1="0" r2="-1" r3="0" r4="-0.0373" r5="0.999304" r6="0" r7="0" r8="0.999304" r9="0.0373" r10="0" r11="0" r12="0" r13="0" r14="0" r15="1" id="12" color_r="1" color_g="1" color_b="1" type_file="Data/Objects/Buildings/window1.xml">
            <parameters />
        </EnvObject>
        <EnvObject t0="28.5661" t1="43.0719" t2="18.1865" s0="0.968486" s1="1.08273" s2="1.00002" r0="7.16827e-008" r1="2.79397e-009" r2="-1" r3="0" r4="-0.028451" r5="0.999595" r6="-2.79397e-009" r7="0" r8="0.999595" r9="0.028451" r10="5.96046e-008" r11="0" r12="0" r13="0" r14="0" r15="1" id="13" color_r="1" color_g="1" color_b="1" type_file="Data/Objects/Buildings/window1.xml">
            <parameters />
        </EnvObject>
        <EnvObject t0="28.5382" t1="43.8044" t2="18.1883" s0="0.968486" s1="1.08273" s2="1.00002" r0="2.75031e-008" r1="0" r2="-1" r3="0" r4="-0.0373" r5="0.999304" r6="0" r7="0" r8="0.999304" r9="0.0373" r10="0" r11="0" r12="0" r13="0" r14="0" r15="1" id="14" color_r="1" color_g="1" color_b="1" type_file="Data/Objects/Buildings/window1.xml">
            <parameters />
        </EnvObject>
        <EnvObject t0="14.7868" t1="45.4694" t2="16.3486" s0="1.32282" s1="1.90719" s2="1.00001" r0="3.35858e-007" r1="-1.11759e-008" r2="1" r3="0" r4="0.0652041" r5="0.997872" r6="-1.11759e-008" r7="0" r8="-0.997872" r9="0.0652041" r10="3.57628e-007" r11="0" r12="0" r13="0" r14="0" r15="1" id="15" color_r="1" color_g="1" color_b="1" type_file="Data/Objects/Buildings/window1.xml">
            <parameters />
        </EnvObject>
        <EnvObject t0="14.7893" t1="45.5073" t2="22.0864" s0="1.32282" s1="1.90719" s2="1.00001" r0="3.35858e-007" r1="-1.11759e-008" r2="1" r3="0" r4="0.0652041" r5="0.997872" r6="-1.11759e-008" r7="0" r8="-0.997872" r9="0.0652041" r10="3.57628e-007" r11="0" r12="0" r13="0" r14="0" r15="1" id="16" color_r="1" color_g="1" color_b="1" type_file="Data/Objects/Buildings/window1.xml">
            <parameters />
        </EnvObject>
        <EnvObject t0="15.1917" t1="43.5444" t2="18.1619" s0="1.13635" s1="1.02348" s2="1.00002" r0="5.96046e-008" r1="0" r2="1" r3="0" r4="-0" r5="1" r6="0" r7="0" r8="-1" r9="-0" r10="5.96046e-008" r11="0" r12="0" r13="0" r14="0" r15="1" id="17" color_r="1" color_g="1" color_b="1" type_file="Data/Objects/Buildings/window_boxes/window_box_medium.xml">
            <parameters />
        </EnvObject>
        <Group t0="14.7257" t1="47.742" t2="19.0925" s0="0.253306" s1="0.58869" s2="11.1056" r0="1" r1="0" r2="0" r3="0" r4="0" r5="1" r6="0" r7="0" r8="0" r9="0" r10="1" r11="0" r12="0" r13="0" r14="0" r15="1" id="192" version="1">
            <parameters />
            <EnvObject t0="14.7258" t1="47.742" t2="15.394" s0="1.21885" s1="1.21885" s2="1.21885" r0="5.96046e-008" r1="0" r2="1" r3="0" r4="-0" r5="1" r6="0" r7="0" r8="-1" r9="-0" r10="5.96046e-008" r11="0" r12="0" r13="0" r14="0" r15="1" id="18" color_r="1" color_g="1" color_b="1" type_file="Data/Objects/Buildings/cat_town/wood_trim.xml">
                <parameters />
            </EnvObject>
            <EnvObject t0="14.7257" t1="47.742" t2="22.791" s0="1.21885" s1="1.21885" s2="1.21885" r0="5.96046e-008" r1="0" r2="1" r3="0" r4="-0" r5="1" r6="0" r7="0" r8="-1" r9="-0" r10="5.96046e-008" r11="0" r12="0" r13="0" r14="0" r15="1" id="19" color_r="1" color_g="1" color_b="1" type_file="Data/Objects/Buildings/cat_town/wood_trim.xml">
                <parameters />
            </EnvObject>
            <EnvObject t0="14.7258" t1="47.742" t2="19.0925" s0="1.21885" s1="1.21885" s2="1.21885" r0="5.96046e-008" r1="0" r2="1" r3="0" r4="-0" r5="1" r6="0" r7="0" r8="-1" r9="-0" r10="5.96046e-008" r11="0" r12="0" r13="0" r14="0" r15="1" id="20" color_r="1" color_g="1" color_b="1" type_file="Data/Objects/Buildings/cat_town/wood_trim.xml">
                <parameters />
            </EnvObject>
        </Group>
        <Group t0="28.5903" t1="47.7995" t2="18.9873" s0="0.261282" s1="0.607671" s2="11.4696" r0="1" r1="0" r2="0" r3="0" r4="0" r5="1" r6="0" r7="0" r8="0" r9="0" r10="1" r11="0" r12="0" r13="0" r14="0" r15="1" id="207" version="1">
            <parameters />
            <EnvObject t0="28.5903" t1="47.7995" t2="22.8072" s0="1.25884" s1="1.25884" s2="1.25884" r0="5.96046e-008" r1="0" r2="-1" r3="0" r4="0" r5="1" r6="0" r7="0" r8="1" r9="0" r10="5.96046e-008" r11="0" r12="0" r13="0" r14="0" r15="1" id="21" color_r="1" color_g="1" color_b="1" type_file="Data/Objects/Buildings/cat_town/wood_trim.xml">
                <parameters />
            </EnvObject>
            <EnvObject t0="28.5903" t1="47.7995" t2="15.1675" s0="1.25884" s1="1.25884" s2="1.25884" r0="5.96046e-008" r1="0" r2="-1" r3="0" r4="0" r5="1" r6="0" r7="0" r8="1" r9="0" r10="5.96046e-008" r11="0" r12="0" r13="0" r14="0" r15="1" id="22" color_r="1" color_g="1" color_b="1" type_file="Data/Objects/Buildings/cat_town/wood_trim.xml">
                <parameters />
            </EnvObject>
            <EnvObject t0="28.5903" t1="47.7995" t2="18.9873" s0="1.25884" s1="1.25884" s2="1.25884" r0="5.96046e-008" r1="0" r2="-1" r3="0" r4="0" r5="1" r6="0" r7="0" r8="1" r9="0" r10="5.96046e-008" r11="0" r12="0" r13="0" r14="0" r15="1" id="23" color_r="1" color_g="1" color_b="1" type_file="Data/Objects/Buildings/cat_town/wood_trim.xml">
                <parameters />
            </EnvObject>
        </Group>
        <Group t0="21.1642" t1="47.7644" t2="24.6404" s0="14.6277" s1="0.581793" s2="0.250395" r0="1" r1="0" r2="0" r3="0" r4="0" r5="1" r6="0" r7="0" r8="0" r9="0" r10="1" r11="0" r12="0" r13="0" r14="0" r15="1" id="222" version="1">
            <parameters />
            <EnvObject t0="19.337" t1="47.7644" t2="24.6404" s0="1.20432" s1="1.20432" s2="1.20432" r0="-1" r1="0" r2="0" r3="0" r4="0" r5="1" r6="0" r7="0" r8="0" r9="0" r10="-1" r11="0" r12="0" r13="0" r14="0" r15="1" id="24" color_r="1" color_g="1" color_b="1" type_file="Data/Objects/Buildings/cat_town/wood_trim.xml">
                <parameters />
            </EnvObject>
            <EnvObject t0="15.6825" t1="47.7644" t2="24.6404" s0="1.20432" s1="1.20432" s2="1.20432" r0="-1" r1="0" r2="0" r3="0" r4="0" r5="1" r6="0" r7="0" r8="0" r9="0" r10="-1" r11="0" r12="0" r13="0" r14="0" r15="1" id="25" color_r="1" color_g="1" color_b="1" type_file="Data/Objects/Buildings/cat_town/wood_trim.xml">
                <parameters />
            </EnvObject>
            <EnvObject t0="26.6458" t1="47.7644" t2="24.6404" s0="1.20432" s1="1.20432" s2="1.20432" r0="-1" r1="0" r2="0" r3="0" r4="0" r5="1" r6="0" r7="0" r8="0" r9="0" r10="-1" r11="0" r12="0" r13="0" r14="0" r15="1" id="26" color_r="1" color_g="1" color_b="1" type_file="Data/Objects/Buildings/cat_town/wood_trim.xml">
                <parameters />
            </EnvObject>
            <EnvObject t0="22.9914" t1="47.7644" t2="24.6404" s0="1.20432" s1="1.20432" s2="1.20432" r0="-1" r1="0" r2="0" r3="0" r4="0" r5="1" r6="0" r7="0" r8="0" r9="0" r10="-1" r11="0" r12="0" r13="0" r14="0" r15="1" id="27" color_r="1" color_g="1" color_b="1" type_file="Data/Objects/Buildings/cat_town/wood_trim.xml">
                <parameters />
            </EnvObject>
        </Group>
        <Group t0="21.1642" t1="47.7798" t2="13.4889" s0="14.6277" s1="0.581793" s2="0.250396" r0="1" r1="0" r2="0" r3="0" r4="0" r5="1" r6="0" r7="0" r8="0" r9="0" r10="1" r11="0" r12="0" r13="0" r14="0" r15="1" id="223" version="1">
            <parameters />
            <EnvObject t0="19.337" t1="47.7798" t2="13.4889" s0="1.20432" s1="1.20432" s2="1.20432" r0="-1" r1="0" r2="0" r3="0" r4="0" r5="1" r6="0" r7="0" r8="0" r9="0" r10="-1" r11="0" r12="0" r13="0" r14="0" r15="1" id="28" color_r="1" color_g="1" color_b="1" type_file="Data/Objects/Buildings/cat_town/wood_trim.xml">
                <parameters />
            </EnvObject>
            <EnvObject t0="15.6825" t1="47.7798" t2="13.4889" s0="1.20432" s1="1.20432" s2="1.20432" r0="-1" r1="0" r2="0" r3="0" r4="0" r5="1" r6="0" r7="0" r8="0" r9="0" r10="-1" r11="0" r12="0" r13="0" r14="0" r15="1" id="29" color_r="1" color_g="1" color_b="1" type_file="Data/Objects/Buildings/cat_town/wood_trim.xml">
                <parameters />
            </EnvObject>
            <EnvObject t0="26.6458" t1="47.7798" t2="13.4889" s0="1.20432" s1="1.20432" s2="1.20432" r0="-1" r1="0" r2="0" r3="0" r4="0" r5="1" r6="0" r7="0" r8="0" r9="0" r10="-1" r11="0" r12="0" r13="0" r14="0" r15="1" id="30" color_r="1" color_g="1" color_b="1" type_file="Data/Objects/Buildings/cat_town/wood_trim.xml">
                <parameters />
            </EnvObject>
            <EnvObject t0="22.9914" t1="47.7798" t2="13.4889" s0="1.20432" s1="1.20432" s2="1.20432" r0="-1" r1="0" r2="0" r3="0" r4="0" r5="1" r6="0" r7="0" r8="0" r9="0" r10="-1" r11="0" r12="0" r13="0" r14="0" r15="1" id="31" color_r="1" color_g="1" color_b="1" type_file="Data/Objects/Buildings/cat_town/wood_trim.xml">
                <parameters />
            </EnvObject>
        </Group>
    </Group>
    <Group t0="22.883" t1="44.7018" t2="41.1881" s0="14.398" s1="7.23922" s2="17.0424" r0="1" r1="0" r2="0" r3="0" r4="0" r5="1" r6="0" r7="0" r8="0" r9="0" r10="1" r11="0" r12="0" r13="0" r14="0" r15="1" id="224" version="1">
        <parameters />
        <EnvObject t0="25.2006" t1="42.2357" t2="34.5462" s0="1.13635" s1="1.02348" s2="1.00002" r0="-0.980104" r1="0" r2="-0.198486" r3="0" r4="0" r5="1" r6="0" r7="0" r8="0.198486" r9="0" r10="-0.980104" r11="0" r12="0" r13="0" r14="0" r15="1" id="32" color_r="0.894118" color_g="0.894118" color_b="0.894118" type_file="Data/Objects/Buildings/window_boxes/window_box_medium.xml">
            <parameters />
        </EnvObject>
        <EnvObject t0="22.883" t1="44.6616" t2="41.4785" s0="0.776835" s1="0.776835" s2="0.776835" r0="0.980104" r1="0" r2="0.198486" r3="0" r4="-0" r5="1" r6="0" r7="0" r8="-0.198486" r9="-0" r10="0.980104" r11="0" r12="0" r13="0" r14="0" r15="1" id="33" color_r="0.894118" color_g="0.894118" color_b="0.894118" type_file="Data/Objects/Buildings/cat_town/window_block.xml">
            <parameters />
        </EnvObject>
        <EnvObject t0="25.1413" t1="45.2394" t2="48.8856" s0="0.968486" s1="1.08273" s2="1.00002" r0="0.980104" r1="1.15018e-007" r2="0.198486" r3="0" r4="0.00564703" r5="0.999595" r6="-0.027885" r7="0" r8="-0.198406" r9="0.0284511" r10="0.979707" r11="0" r12="0" r13="0" r14="0" r15="1" id="34" color_r="0.894118" color_g="0.894118" color_b="0.894118" type_file="Data/Objects/Buildings/window1.xml">
            <parameters />
        </EnvObject>
        <EnvObject t0="25.1452" t1="45.9719" t2="48.858" s0="0.968486" s1="1.08273" s2="1.00002" r0="0.980104" r1="-2.60072e-007" r2="0.198486" r3="0" r4="0.00740381" r5="0.999304" r6="-0.036558" r7="0" r8="-0.198348" r9="0.0373001" r10="0.979422" r11="0" r12="0" r13="0" r14="0" r15="1" id="35" color_r="0.894118" color_g="0.894118" color_b="0.894118" type_file="Data/Objects/Buildings/window1.xml">
            <parameters />
        </EnvObject>
        <EnvObject t0="18.0398" t1="45.2217" t2="47.4233" s0="0.968486" s1="1.08273" s2="1.00002" r0="0.980104" r1="1.15018e-007" r2="0.198486" r3="0" r4="0.00564703" r5="0.999595" r6="-0.027885" r7="0" r8="-0.198406" r9="0.0284511" r10="0.979707" r11="0" r12="0" r13="0" r14="0" r15="1" id="36" color_r="0.894118" color_g="0.894118" color_b="0.894118" type_file="Data/Objects/Buildings/window1.xml">
            <parameters />
        </EnvObject>
        <EnvObject t0="18.0436" t1="45.9542" t2="47.3956" s0="0.968486" s1="1.08273" s2="1.00002" r0="0.980104" r1="-2.60072e-007" r2="0.198486" r3="0" r4="0.00740381" r5="0.999304" r6="-0.036558" r7="0" r8="-0.198348" r9="0.0373001" r10="0.979422" r11="0" r12="0" r13="0" r14="0" r15="1" id="37" color_r="0.894118" color_g="0.894118" color_b="0.894118" type_file="Data/Objects/Buildings/window1.xml">
            <parameters />
        </EnvObject>
        <EnvObject t0="22.3715" t1="43.2849" t2="48.3998" s0="0.968486" s1="1.08273" s2="1.00002" r0="0.980104" r1="1.15018e-007" r2="0.198486" r3="0" r4="0.00564703" r5="0.999595" r6="-0.027885" r7="0" r8="-0.198406" r9="0.0284511" r10="0.979707" r11="0" r12="0" r13="0" r14="0" r15="1" id="38" color_r="0.894118" color_g="0.894118" color_b="0.894118" type_file="Data/Objects/Buildings/window1.xml">
            <parameters />
        </EnvObject>
        <EnvObject t0="22.3753" t1="44.0174" t2="48.3721" s0="0.968486" s1="1.08273" s2="1.00002" r0="0.980104" r1="-2.60072e-007" r2="0.198486" r3="0" r4="0.00740381" r5="0.999304" r6="-0.036558" r7="0" r8="-0.198348" r9="0.0373001" r10="0.979422" r11="0" r12="0" r13="0" r14="0" r15="1" id="40" color_r="0.894118" color_g="0.894118" color_b="0.894118" type_file="Data/Objects/Buildings/window1.xml">
            <parameters />
        </EnvObject>
        <EnvObject t0="26.9079" t1="45.6824" t2="35.2596" s0="1.32282" s1="1.90719" s2="1.00001" r0="-0.980103" r1="4.00469e-008" r2="-0.198486" r3="0" r4="-0.0129421" r5="0.997872" r6="0.0639069" r7="0" r8="0.198064" r9="0.0652042" r10="-0.978018" r11="0" r12="0" r13="0" r14="0" r15="1" id="41" color_r="0.894118" color_g="0.894118" color_b="0.894118" type_file="Data/Objects/Buildings/window1.xml">
            <parameters />
        </EnvObject>
        <EnvObject t0="21.2838" t1="45.7203" t2="34.1231" s0="1.32282" s1="1.90719" s2="1.00001" r0="-0.980103" r1="4.00469e-008" r2="-0.198486" r3="0" r4="-0.0129421" r5="0.997872" r6="0.0639069" r7="0" r8="0.198064" r9="0.0652042" r10="-0.978018" r11="0" r12="0" r13="0" r14="0" r15="1" id="61" color_r="0.894118" color_g="0.894118" color_b="0.894118" type_file="Data/Objects/Buildings/window1.xml">
            <parameters />
        </EnvObject>
        <EnvObject t0="25.0503" t1="43.7575" t2="35.2965" s0="1.13635" s1="1.02348" s2="1.00002" r0="-0.980104" r1="0" r2="-0.198486" r3="0" r4="0" r5="1" r6="0" r7="0" r8="0.198486" r9="0" r10="-0.980104" r11="0" r12="0" r13="0" r14="0" r15="1" id="62" color_r="0.894118" color_g="0.894118" color_b="0.894118" type_file="Data/Objects/Buildings/window_boxes/window_box_medium.xml">
            <parameters />
        </EnvObject>
