<?xml version="2.0" ?>
<Type>saved</Type>
<Name></Name>
<Description></Description>
<Shader>post</Shader>
<Terrain>
    <Heightmap>Data/Textures/Terrain/TerrainSculpt2/Terrain2_hm.png</Heightmap>
    <DetailMap></DetailMap>
    <ColorMap>Data/Textures/Terrain/shielded_stands/shielded_stands_winter_c.tga</ColorMap>
    <WeightMap>Data/Textures/Terrain/shielded_stands/shielded_stands_winter_w.tga</WeightMap>
    <DetailMaps>
        <DetailMap colorpath="Data/Textures/Terrain/DetailTextures/grass.tga" normalpath="Data/Textures/Terrain/DetailTextures/grass_normal.png" materialpath="Data/Materials/grass.xml" />
        <DetailMap colorpath="Data/Textures/Terrain/DetailTextures/grass_stones_c.tga" normalpath="Data/Textures/Terrain/DetailTextures/grass_stones_n.tga" materialpath="Data/Materials/gravel.xml" />
        <DetailMap colorpath="Data/Textures/Terrain/DetailTextures/rubble_rocks_c.tga" normalpath="Data/Textures/Terrain/DetailTextures/rubble_rocks_n.tga" materialpath="Data/Materials/rocks.xml" />
        <DetailMap colorpath="Data/Textures/Terrain/DetailTextures/snow.tga" normalpath="Data/Textures/Terrain/DetailTextures/snow_normal.tga" materialpath="Data/Materials/snow.xml" />
    </DetailMaps>
    <DetailObjects>
        <DetailObject obj_path="Data/Objects/Plants/Groundcover/Grass/WildGrass.xml" weight_path="Data/Textures/Terrain/shielded_stands/shielded_stands_winter_grass.png" normal_conform="0.5" density="8" min_embed="0" max_embed="0.4" min_scale="0.7" max_scale="1" view_distance="40" jitter_degrees="10" overbright="0.4" />
        <DetailObject obj_path="Data/Objects/Environment/Rocks/lichen_rock_c.xml" weight_path="Data/Textures/Terrain/shielded_stands/shielded_stands_winter_rocks.png" normal_conform="0.9" density="0.6" min_embed="0.4" max_embed="0.6" min_scale="0.1" max_scale="0.8" view_distance="30" jitter_degrees="30" overbright="0.2" collision_type="static" />
    </DetailObjects>
</Terrain>
<OutOfDate Shadow="true" AO="true" NavMesh="true" />
<SpawnPoints>
    <SpawnPoint t0="0" t1="200" t2="0" s0="1" s1="1" s2="1" r0="1" r1="0" r2="0" r3="0" r4="0" r5="1" r6="0" r7="0" r8="0" r9="0" r10="1" r11="0" r12="0" r13="0" r14="0" r15="1" />
</SpawnPoints>
<AmbientSounds />
<Script>Data/Scripts/challengelevel.as</Script>
<LevelScriptParameters>
    <parameter name="Achievements" type="string" val="no_injuries, no_kills" />
    <parameter name="Extra AO" type="string" val="0" />
    <parameter name="Level Boundaries" type="string" val="1" />
    <parameter name="Objectives" type="string" val="destroy_all" />
    <parameter name="Sky Rotation" type="string" val="64" />
</LevelScriptParameters>
<Sky>
    <DomeTexture>Data/Custom/timbles/therium-2/Textures/level1.tga</DomeTexture>
    <SunAngularRad>0.122851</SunAngularRad>
    <SunColorAngle>350.578</SunColorAngle>
    <RayToSun r0="0.55691" r1="0.77619" r2="0.295602" />
    <ExtraAO>0</ExtraAO>
    <SkyRotation>64</SkyRotation>
</Sky>
<ActorObjects>
    <EnvObject t0="412.207" t1="20.3788" t2="-73.4713" s0="1.36882" s1="1.34634" s2="1.61469" r0="1" r1="0" r2="0" r3="0" r4="0" r5="1" r6="0" r7="0" r8="0" r9="0" r10="1" r11="0" r12="0" r13="0" r14="0" r15="1" id="1" color_r="1" color_g="1" color_b="1" type_file="Data/Objects/Environment/Land/jagged_outcrop.xml">
        <parameters />
    </EnvObject>
    <EnvObject t0="429.019" t1="26.6014" t2="135.902" s0="1.36882" s1="1.34634" s2="1.61469" r0="0.565466" r1="0.0633876" r2="0.822332" r3="0" r4="0.0307766" r5="0.994726" r6="-0.0978393" r7="0" r8="-0.824197" r9="0.0806334" r10="0.560533" r11="0" r12="0" r13="0" r14="0" r15="1" id="2" color_r="1" color_g="1" color_b="1" type_file="Data/Objects/Environment/Land/jagged_outcrop.xml">
        <parameters />
    </EnvObject>
    <EnvObject t0="404.529" t1="35.601" t2="201.205" s0="1.36882" s1="1.34634" s2="1.61469" r0="0.0798135" r1="0.0470736" r2="0.995698" r3="0" r4="0.0310772" r5="0.998281" r6="-0.0496868" r7="0" r8="-0.996325" r9="0.0349092" r10="0.0782134" r11="0" r12="0" r13="0" r14="0" r15="1" id="3" color_r="1" color_g="1" color_b="1" type_file="Data/Objects/Environment/Land/jagged_outcrop.xml">
        <parameters />
    </EnvObject>
    <EnvObject t0="321.735" t1="-2.58083" t2="-60.617" s0="4.02678" s1="3.91726" s2="3.82427" r0="-0.867391" r1="-0.146042" r2="-0.475715" r3="0" r4="0.244316" r5="0.707841" r6="-0.662775" r7="0" r8="0.433523" r9="-0.69111" r10="-0.578295" r11="0" r12="0" r13="0" r14="0" r15="1" id="4" color_r="0.670588" color_g="0.694118" color_b="0.717647" type_file="Data/Objects/Environment/Rocks/coast_rock_large.xml">
        <parameters />
    </EnvObject>
    <EnvObject t0="298.12" t1="5.54254" t2="-133.893" s0="4.02678" s1="3.91726" s2="3.82427" r0="-0.0481651" r1="0.0222957" r2="-0.99859" r3="0" r4="0.646053" r5="0.763162" r6="-0.0141219" r7="0" r8="0.761771" r9="-0.645822" r10="-0.051162" r11="0" r12="0" r13="0" r14="0" r15="1" id="5" color_r="0.670588" color_g="0.694118" color_b="0.717647" type_file="Data/Objects/Environment/Rocks/coast_rock_large.xml">
        <parameters />
    </EnvObject>
    <EnvObject t0="307.579" t1="16.2225" t2="-129.593" s0="4.02678" s1="3.91726" s2="3.82427" r0="0.235773" r1="0.295878" r2="-0.925671" r3="0" r4="-0.941831" r5="-0.165188" r6="-0.292689" r7="0" r8="-0.23951" r9="0.940834" r10="0.23972" r11="0" r12="0" r13="0" r14="0" r15="1" id="6" color_r="0.670588" color_g="0.694118" color_b="0.717647" type_file="Data/Objects/Environment/Rocks/coast_rock_large.xml">
        <parameters />
    </EnvObject>
    <EnvObject t0="195.332" t1="3.93518" t2="-231.697" s0="0.916385" s1="0.901338" s2="1.08099" r0="1" r1="0" r2="0" r3="0" r4="0" r5="1" r6="0" r7="0" r8="0" r9="0" r10="1" r11="0" r12="0" r13="0" r14="0" r15="1" id="7" color_r="1" color_g="1" color_b="1" type_file="Data/Objects/Environment/Land/jagged_outcrop.xml">
        <parameters />
    </EnvObject>
    <EnvObject t0="24.5835" t1="13.359" t2="-90.7355" s0="5.08417" s1="4.94589" s2="4.82848" r0="0.215587" r1="0.0443272" r2="-0.975478" r3="0" r4="-0.255131" r5="0.966826" r6="-0.0124514" r7="0" r8="0.942566" r9="0.251559" r10="0.219744" r11="0" r12="0" r13="0" r14="0" r15="1" id="8" color_r="0.670588" color_g="0.694118" color_b="0.717647" type_file="Data/Objects/Environment/Rocks/coast_rock_large.xml">
        <parameters />
    </EnvObject>
    <EnvObject t0="-2.37934" t1="45.01" t2="-78.2911" s0="5.08417" s1="4.94589" s2="4.82848" r0="0.354417" r1="-0.900219" r2="0.252971" r3="0" r4="0.764109" r5="0.122873" r6="-0.633277" r7="0" r8="0.539005" r9="0.417741" r10="0.731414" r11="0" r12="0" r13="0" r14="0" r15="1" id="9" color_r="0.670588" color_g="0.694118" color_b="0.717647" type_file="Data/Objects/Environment/Rocks/coast_rock_large.xml">
        <parameters />
    </EnvObject>
    <EnvObject t0="1.41443" t1="14.1939" t2="-18.8359" s0="5.08417" s1="4.94589" s2="4.82848" r0="-0.14482" r1="-0.217571" r2="0.965241" r3="0" r4="0.989344" r5="-0.0170785" r6="0.144587" r7="0" r8="-0.014973" r9="0.975895" r10="0.217726" r11="0" r12="0" r13="0" r14="0" r15="1" id="10" color_r="0.670588" color_g="0.694118" color_b="0.717647" type_file="Data/Objects/Environment/Rocks/coast_rock_large.xml">
        <parameters />
    </EnvObject>
    <EnvObject t0="-25.5831" t1="2.65503" t2="257.473" s0="1.27947" s1="1.25846" s2="1.50929" r0="-0.996233" r1="0.000915416" r2="0.0867153" r3="0" r4="0.0123518" r5="0.991247" r6="0.13144" r7="0" r8="-0.085836" r9="0.132016" r10="-0.987524" r11="0" r12="0" r13="0" r14="0" r15="1" id="11" color_r="1" color_g="1" color_b="1" type_file="Data/Objects/Environment/Land/jagged_outcrop.xml">
        <parameters />
    </EnvObject>
    <EnvObject t0="80.8009" t1="-11.0854" t2="148.421" s0="4.00402" s1="4.00402" s2="4.00402" r0="-0.234729" r1="-0.912112" r2="-0.336087" r3="0" r4="-0.255407" r5="0.39147" r6="-0.884035" r7="0" r8="0.937907" r9="-0.12167" r10="-0.324849" r11="0" r12="0" r13="0" r14="0" r15="1" id="12" color_r="0.372549" color_g="0.337255" color_b="0.27451" type_file="Data/Objects/Environment/rocks/BlockyStone1.xml">
        <parameters />
    </EnvObject>
    <EnvObject t0="90.7758" t1="-1.10501" t2="132.706" s0="4.00402" s1="4.00402" s2="4.00402" r0="0.43328" r1="-0.791259" r2="-0.431482" r3="0" r4="0.351205" r5="0.589143" r6="-0.727712" r7="0" r8="0.830014" r9="0.163765" r10="0.533158" r11="0" r12="0" r13="0" r14="0" r15="1" id="13" color_r="0.372549" color_g="0.337255" color_b="0.27451" type_file="Data/Objects/Environment/rocks/BlockyStone1.xml">
        <parameters />
    </EnvObject>
    <EnvObject t0="94.1449" t1="-3.40675" t2="150.799" s0="4.00402" s1="4.00402" s2="4.00402" r0="0.175495" r1="-0.761377" r2="-0.624104" r3="0" r4="-0.660276" r5="0.379194" r6="-0.648265" r7="0" r8="0.730231" r9="0.525848" r10="-0.436173" r11="0" r12="0" r13="0" r14="0" r15="1" id="14" color_r="0.372549" color_g="0.337255" color_b="0.27451" type_file="Data/Objects/Environment/rocks/BlockyStone1.xml">
        <parameters />
    </EnvObject>
    <EnvObject t0="112.201" t1="1.07677" t2="146.054" s0="5.87794" s1="5.87794" s2="5.87794" r0="-0.0924659" r1="-0.689594" r2="-0.718269" r3="0" r4="-0.709435" r5="0.551794" r6="-0.438436" r7="0" r8="0.698679" r9="0.469025" r10="-0.540244" r11="0" r12="0" r13="0" r14="0" r15="1" id="15" color_r="0.372549" color_g="0.337255" color_b="0.27451" type_file="Data/Objects/Environment/rocks/BlockyStone1.xml">
        <parameters />
    </EnvObject>
    <EnvObject t0="97.4168" t1="-9.49685" t2="157.266" s0="5.87794" s1="5.87794" s2="5.87794" r0="-0.828018" r1="-0.560526" r2="0.0140233" r3="0" r4="-0.376514" r5="0.574378" r6="0.726861" r7="0" r8="-0.415479" r9="0.596574" r10="-0.686641" r11="0" r12="0" r13="0" r14="0" r15="1" id="16" color_r="0.372549" color_g="0.337255" color_b="0.27451" type_file="Data/Objects/Environment/rocks/BlockyStone1.xml">
        <parameters />
    </EnvObject>
    <EnvObject t0="268.699" t1="19.436" t2="230.737" s0="1.36882" s1="1.34634" s2="1.61469" r0="-0.238117" r1="0.0399867" r2="0.970413" r3="0" r4="-0.175182" r5="0.980997" r6="-0.0834084" r7="0" r8="-0.955307" r9="-0.189859" r10="-0.226587" r11="0" r12="0" r13="0" r14="0" r15="1" id="17" color_r="1" color_g="1" color_b="1" type_file="Data/Objects/Environment/Land/jagged_outcrop.xml">
        <parameters />
    </EnvObject>
    <EnvObject t0="70.1361" t1="-17.806" t2="266.703" s0="3.64274" s1="3.94339" s2="3.82427" r0="-0.491542" r1="0.0513744" r2="-0.869337" r3="0" r4="0.837397" r5="-0.246158" r6="-0.488029" r7="0" r8="-0.239067" r9="-0.967867" r10="0.0779763" r11="0" r12="0" r13="0" r14="0" r15="1" id="18" color_r="0.670588" color_g="0.694118" color_b="0.717647" type_file="Data/Objects/Environment/Rocks/coast_rock_large.xml">
        <parameters />
    </EnvObject>
    <EnvObject t0="11.8404" t1="-15.443" t2="308.424" s0="3.64274" s1="3.94339" s2="3.82427" r0="-0.969021" r1="-0.033452" r2="0.244701" r3="0" r4="-0.237856" r5="-0.140368" r6="-0.961104" r7="0" r8="0.0664989" r9="-0.989534" r10="0.128062" r11="0" r12="0" r13="0" r14="0" r15="1" id="19" color_r="0.670588" color_g="0.694118" color_b="0.717647" type_file="Data/Objects/Environment/Rocks/coast_rock_large.xml">
        <parameters />
    </EnvObject>
    <EnvObject t0="35.2477" t1="-10.1142" t2="371.534" s0="3.64274" s1="3.94339" s2="3.82427" r0="-0.912712" r1="-0.00528683" r2="0.408568" r3="0" r4="-0.4077" r5="-0.0546206" r6="-0.911481" r7="0" r8="0.0271351" r9="-0.998493" r10="0.0476976" r11="0" r12="0" r13="0" r14="0" r15="1" id="20" color_r="0.670588" color_g="0.694118" color_b="0.717647" type_file="Data/Objects/Environment/Rocks/coast_rock_large.xml">
        <parameters />
    </EnvObject>
    <EnvObject t0="-224.95" t1="40.1483" t2="346.113" s0="1.15483" s1="1.21647" s2="1.24323" r0="-0.105809" r1="0.275523" r2="0.955454" r3="0" r4="0.181338" r5="0.950082" r6="-0.253892" r7="0" r8="-0.977712" r9="0.146396" r10="-0.15049" r11="0" r12="0" r13="0" r14="0" r15="1" id="21" color_r="1" color_g="1" color_b="1" type_file="Data/Objects/Environment/Land/jagged_outcrop.xml">
        <parameters />
    </EnvObject>
    <EnvObject t0="-193.109" t1="24.3606" t2="308.731" s0="1.15483" s1="1.21647" s2="1.24323" r0="0.158548" r1="-0.292589" r2="-0.943003" r3="0" r4="0.155183" r5="0.950598" r6="-0.268854" r7="0" r8="0.97508" r9="-0.103712" r10="0.19612" r11="0" r12="0" r13="0" r14="0" r15="1" id="22" color_r="1" color_g="1" color_b="1" type_file="Data/Objects/Environment/Land/jagged_outcrop.xml">
        <parameters />
    </EnvObject>
    <EnvObject t0="-73.6388" t1="-0.722219" t2="193.04" s0="2.32071" s1="2.32071" s2="2.32071" r0="0.480678" r1="-0.331849" r2="0.81168" r3="0" r4="0.25682" r5="0.938315" r6="0.231534" r7="0" r8="-0.838446" r9="0.0971623" r10="0.536253" r11="0" r12="0" r13="0" r14="0" r15="1" id="23" color_r="0.368627" color_g="0.321569" color_b="0.290196" type_file="Data/Objects/Environment/rocks/BlockyStone1.xml">
        <parameters />
    </EnvObject>
    <EnvObject t0="-67.2982" t1="0.532203" t2="195.99" s0="2.67763" s1="2.67763" s2="2.67763" r0="-0.422756" r1="-0.250902" r2="0.870819" r3="0" r4="-0.0699726" r5="0.967079" r6="0.244667" r7="0" r8="-0.903538" r9="0.042501" r10="-0.426395" r11="0" r12="0" r13="0" r14="0" r15="1" id="24" color_r="0.368627" color_g="0.321569" color_b="0.290196" type_file="Data/Objects/Environment/rocks/BlockyStone1.xml">
        <parameters />
    </EnvObject>
    <EnvObject t0="-62.315" t1="-7.49603" t2="187.806" s0="2.67763" s1="2.67763" s2="2.67763" r0="-0.280672" r1="-0.604603" r2="0.745438" r3="0" r4="-0.859754" r5="0.503626" r6="0.0847614" r7="0" r8="-0.426669" r9="-0.617103" r10="-0.661164" r11="0" r12="0" r13="0" r14="0" r15="1" id="25" color_r="0.368627" color_g="0.321569" color_b="0.290196" type_file="Data/Objects/Environment/rocks/BlockyStone1.xml">
        <parameters />
    </EnvObject>
    <EnvObject t0="-24.3119" t1="0.269405" t2="195.953" s0="2.67763" s1="2.67763" s2="2.67763" r0="-0.280672" r1="-0.604603" r2="0.745438" r3="0" r4="-0.859754" r5="0.503625" r6="0.0847613" r7="0" r8="-0.426668" r9="-0.617103" r10="-0.661164" r11="0" r12="0" r13="0" r14="0" r15="1" id="26" color_r="0.368627" color_g="0.321569" color_b="0.290196" type_file="Data/Objects/Environment/rocks/BlockyStone1.xml">
        <parameters />
    </EnvObject>
    <EnvObject t0="65.0921" t1="-9.71737" t2="148.076" s0="2.67763" s1="2.67763" s2="2.67763" r0="0.627679" r1="-0.631691" r2="-0.454956" r3="0" r4="-0.18164" r5="0.449449" r6="-0.874644" r7="0" r8="0.756985" r9="0.631634" r10="0.167369" r11="0" r12="0" r13="0" r14="0" r15="1" id="27" color_r="0.368627" color_g="0.321569" color_b="0.290196" type_file="Data/Objects/Environment/rocks/BlockyStone1.xml">
        <parameters />
    </EnvObject>
    <EnvObject t0="12.8401" t1="-4.61825" t2="108.575" s0="4.45786" s1="3.70256" s2="3.60132" r0="0.229168" r1="-0.449486" r2="-0.863391" r3="0" r4="0.287387" r5="0.8787" r6="-0.381176" r7="0" r8="0.929995" r9="-0.160774" r10="0.330547" r11="0" r12="0" r13="0" r14="0" r15="1" id="28" color_r="0.368627" color_g="0.321569" color_b="0.290196" type_file="Data/Objects/Environment/rocks/BlockyStone1.xml">
        <parameters />
    </EnvObject>
    <EnvObject t0="7.25428" t1="-8.12193" t2="110.467" s0="4.45786" s1="3.70256" s2="3.60132" r0="-0.903954" r1="0.422601" r2="-0.0653861" r3="0" r4="-0.0938949" r5="-0.0469758" r6="0.994473" r7="0" r8="0.417194" r9="0.905098" r10="0.0821438" r11="0" r12="0" r13="0" r14="0" r15="1" id="29" color_r="0.368627" color_g="0.321569" color_b="0.290196" type_file="Data/Objects/Environment/rocks/BlockyStone1.xml">
        <parameters />
    </EnvObject>
    <EnvObject t0="-55.6453" t1="38.2201" t2="-39.6202" s0="5.08417" s1="4.94589" s2="4.82848" r0="0.261044" r1="-0.843177" r2="0.470008" r3="0" r4="-0.727442" r5="0.148242" r6="0.669965" r7="0" r8="-0.634574" r9="-0.516794" r10="-0.574665" r11="0" r12="0" r13="0" r14="0" r15="1" id="30" color_r="0.670588" color_g="0.694118" color_b="0.717647" type_file="Data/Objects/Environment/Rocks/coast_rock_large.xml">
        <parameters />
    </EnvObject>
    <EnvObject t0="-107.312" t1="23.7281" t2="28.9836" s0="5.08417" s1="4.94589" s2="4.82848" r0="-0.724028" r1="-0.400261" r2="0.56176" r3="0" r4="0.53982" r5="0.178181" r6="0.822706" r7="0" r8="-0.429393" r9="0.898912" r10="0.0870609" r11="0" r12="0" r13="0" r14="0" r15="1" id="31" color_r="0.670588" color_g="0.694118" color_b="0.717647" type_file="Data/Objects/Environment/Rocks/coast_rock_large.xml">
        <parameters />
    </EnvObject>
    <EnvObject t0="-221.133" t1="23.9177" t2="61.958" s0="1" s1="1" s2="1" r0="0.489604" r1="0" r2="-0.871945" r3="0" r4="0" r5="1" r6="0" r7="0" r8="0.871945" r9="0" r10="0.489604" r11="0" r12="0" r13="0" r14="0" r15="1" id="32" color_r="1" color_g="1" color_b="1" type_file="Data/Objects/Environment/Land/jagged_outcrop.xml">
        <parameters />
    </EnvObject>
    <EnvObject t0="-306.849" t1="48.1955" t2="133.145" s0="1.70759" s1="1.46729" s2="1.39374" r0="-0.426253" r1="0.150717" r2="0.89196" r3="0" r4="-0.0858227" r5="0.974837" r6="-0.205734" r7="0" r8="-0.900524" r9="-0.164245" r10="-0.402592" r11="0" r12="0" r13="0" r14="0" r15="1" id="33" color_r="1" color_g="1" color_b="1" type_file="Data/Objects/Environment/Land/jagged_outcrop.xml">
        <parameters />
    </EnvObject>
    <EnvObject t0="-238.061" t1="32.8356" t2="-33.4363" s0="1.70759" s1="1.46729" s2="1.39374" r0="-0.592455" r1="-0.095648" r2="0.799905" r3="0" r4="-0.0405778" r5="0.995209" r6="0.0889471" r7="0" r8="-0.804581" r9="0.0202388" r10="-0.593498" r11="0" r12="0" r13="0" r14="0" r15="1" id="34" color_r="1" color_g="1" color_b="1" type_file="Data/Objects/Environment/Land/jagged_outcrop.xml">
        <parameters />
    </EnvObject>
    <EnvObject t0="92.6337" t1="-1.59754" t2="42.9938" s0="2.63179" s1="2.56021" s2="2.49944" r0="-0.593873" r1="-0.00500581" r2="0.804543" r3="0" r4="0.426923" r5="0.845626" r6="0.320394" r7="0" r8="-0.681947" r9="0.533752" r10="-0.500058" r11="0" r12="0" r13="0" r14="0" r15="1" id="35" color_r="0.670588" color_g="0.694118" color_b="0.717647" type_file="Data/Objects/Environment/Rocks/coast_rock_large.xml">
        <parameters />
    </EnvObject>
    <EnvObject t0="115.754" t1="4.04217" t2="25.836" s0="4.25382" s1="4.13812" s2="4.03989" r0="-0.632567" r1="-0.0588313" r2="0.772268" r3="0" r4="0.170487" r5="0.962077" r6="0.212937" r7="0" r8="-0.755509" r9="0.266359" r10="-0.598548" r11="0" r12="0" r13="0" r14="0" r15="1" id="36" color_r="0.670588" color_g="0.694118" color_b="0.717647" type_file="Data/Objects/Environment/Rocks/coast_rock_large.xml">
        <parameters />
    </EnvObject>
    <EnvObject t0="97.9903" t1="5.9503" t2="42.0664" s0="-2.69553" s1="2.43707" s2="3.02297" r0="-0.632567" r1="-0.0588313" r2="0.772268" r3="0" r4="0.170487" r5="0.962077" r6="0.212937" r7="0" r8="-0.755509" r9="0.266359" r10="-0.598548" r11="0" r12="0" r13="0" r14="0" r15="1" id="37" color_r="0.670588" color_g="0.694118" color_b="0.717647" type_file="Data/Objects/Environment/Rocks/coast_rock_large.xml">
        <parameters />
    </EnvObject>
    <ActorObject t0="157.191" t1="54.2537" t2="101.925" s0="1" s1="1" s2="1" r0="-0.685001" r1="2.88584e-009" r2="0.728542" r3="0" r4="9.75054e-008" r5="1" r6="8.77169e-008" r7="0" r8="-0.728542" r9="1.31123e-007" r10="-0.685001" r11="0" r12="0" r13="0" r14="0" r15="1" id="38" type_file="Data/Custom/timbles/therium-2/Objects/IGF_Characters/ghost.xml" is_player="1">
        <parameters>
            <parameter name="Aggression" type="float" val="0.5" />
            <parameter name="Attack Damage" type="float" val="1" />
            <parameter name="Attack Knockback" type="float" val="1" />
            <parameter name="Attack Speed" type="float" val="1" />
            <parameter name="Block Follow-up" type="float" val="0.5" />
            <parameter name="Block Skill" type="float" val="0.5" />
            <parameter name="Character Scale" type="float" val="1" />
            <parameter name="Damage Resistance" type="float" val="1" />
            <parameter name="Ear Size" type="float" val="1" />
            <parameter name="Fat" type="float" val="0.5" />
            <parameter name="Ground Aggression" type="float" val="0.5" />
            <parameter name="Left handed" type="int" val="0" />
            <parameter name="Lives" type="int" val="1" />
            <parameter name="Movement Speed" type="float" val="1" />
            <parameter name="Muscle" type="float" val="0.5" />
            <parameter name="Teams" type="string" val="player, Ghost" />
        </parameters>
        <Connections>
            <Connection id="-1" />
        </Connections>
        <ItemConnections />
        <Palette />
    </ActorObject>
    <Hotspot t0="171.717" t1="-17.3154" t2="-109.749" s0="74.0022" s1="9.82799" s2="70.0643" r0="1" r1="0" r2="0" r3="0" r4="0" r5="1" r6="0" r7="0" r8="0" r9="0" r10="1" r11="0" r12="0" r13="0" r14="0" r15="1" id="61" type_file="Data/Custom/steelraven7/water_hotspot/Objects/waterhotspot.xml">
        <parameters>
            <parameter name="Drag" type="float" val="30" />
            <parameter name="Float Force" type="float" val="10000" />
        </parameters>
    </Hotspot>
    <EnvObject t0="165.823" t1="52.592" t2="77.867" s0="1.21504" s1="1.21504" s2="1.21504" r0="0.351829" r1="0.113843" r2="0.929116" r3="0" r4="0.186593" r5="0.964127" r6="-0.18879" r7="0" r8="-0.917278" r9="0.239788" r10="0.317966" r11="0" r12="0" r13="0" r14="0" r15="1" id="62" color_r="1" color_g="1" color_b="1" type_file="Data/Objects/Buildings/cat_town/babylon_tower.xml">
        <parameters />
    </EnvObject>
    <EnvObject t0="91.884" t1="4.96572" t2="-253.312" s0="1.75948" s1="1.17688" s2="2.07552" r0="0.99225" r1="0.064552" r2="-0.106178" r3="0" r4="-0.0166352" r5="0.915793" r6="0.401306" r7="0" r8="0.123143" r9="-0.396429" r10="0.909769" r11="0" r12="0" r13="0" r14="0" r15="1" id="93" color_r="1" color_g="1" color_b="1" type_file="Data/Objects/Environment/Land/jagged_outcrop.xml">
        <parameters />
    </EnvObject>
    <EnvObject t0="61.3782" t1="24.1284" t2="-222.556" s0="1.89419" s1="1.26699" s2="2.23444" r0="0.69552" r1="-0.355981" r2="-0.624123" r3="0" r4="0.385881" r5="0.917802" r6="-0.0934629" r7="0" r8="0.606093" r9="-0.175832" r10="0.775716" r11="0" r12="0" r13="0" r14="0" r15="1" id="94" color_r="1" color_g="1" color_b="1" type_file="Data/Objects/Environment/Land/jagged_outcrop.xml">
        <parameters />
    </EnvObject>
    <EnvObject t0="223.194" t1="38.1639" t2="-332.117" s0="1.89419" s1="1.26699" s2="2.23444" r0="-0.970911" r1="-0.108789" r2="-0.213302" r3="0" r4="-0.133063" r5="0.985749" r6="0.102924" r7="0" r8="0.199065" r9="0.128312" r10="-0.97155" r11="0" r12="0" r13="0" r14="0" r15="1" id="95" color_r="1" color_g="1" color_b="1" type_file="Data/Objects/Environment/Land/jagged_outcrop.xml">
        <parameters />
    </EnvObject>
    <EnvObject t0="299.444" t1="14.7776" t2="30.3469" s0="1.94832" s1="1.34634" s2="1.57645" r0="0.962784" r1="0" r2="-0.270273" r3="0" r4="0" r5="1" r6="0" r7="0" r8="0.270273" r9="0" r10="0.962784" r11="0" r12="0" r13="0" r14="0" r15="1" id="96" color_r="1" color_g="1" color_b="1" type_file="Data/Objects/Environment/Land/jagged_outcrop.xml">
        <parameters />
    </EnvObject>
    <EnvObject t0="67.7734" t1="1.52866" t2="66.01" s0="1.19184" s1="1.00612" s2="1.32645" r0="-0.930533" r1="-0.0885067" r2="-0.355352" r3="0" r4="-0.133063" r5="0.985749" r6="0.102924" r7="0" r8="0.341178" r9="0.143058" r10="-0.929049" r11="0" r12="0" r13="0" r14="0" r15="1" id="97" color_r="1" color_g="1" color_b="1" type_file="Data/Objects/Environment/Land/jagged_outcrop.xml">
        <parameters />
    </EnvObject>
    <EnvObject t0="84.6568" t1="-6.23043" t2="40.2007" s0="4.25382" s1="4.13812" s2="4.03989" r0="0.923791" r1="0.373306" r2="0.0851604" r3="0" r4="-0.369978" r5="0.927551" r6="-0.0525868" r7="0" r8="-0.0986216" r9="0.0170717" r10="0.994979" r11="0" r12="0" r13="0" r14="0" r15="1" id="98" color_r="0.670588" color_g="0.694118" color_b="0.717647" type_file="Data/Objects/Environment/Rocks/coast_rock_large.xml">
        <parameters />
    </EnvObject>
    <EnvObject t0="125.695" t1="37.0348" t2="81.9079" s0="1.83371" s1="2.47741" s2="1.83371" r0="0.695534" r1="0.425844" r2="-0.578696" r3="0" r4="-0.303122" r5="0.904159" r6="0.30102" r7="0" r8="0.651421" r9="-0.0339541" r10="0.757956" r11="0" r12="0" r13="0" r14="0" r15="1" id="112" color_r="1" color_g="1" color_b="1" type_file="Data/Objects/Crete/hex_crete_rubble.xml">
        <parameters />
    </EnvObject>
    <EnvObject t0="124.11" t1="39.724" t2="72.0927" s0="1.83371" s1="2.10613" s2="1.83371" r0="0.908707" r1="0.275026" r2="-0.314025" r3="0" r4="-0.274238" r5="0.960482" r6="0.0476255" r7="0" r8="0.314714" r9="0.04284" r10="0.948219" r11="0" r12="0" r13="0" r14="0" r15="1" id="113" color_r="1" color_g="1" color_b="1" type_file="Data/Objects/Crete/hex_crete_rubble.xml">
        <parameters />
    </EnvObject>
    <Decal t0="164.293" t1="50.6388" t2="75.1964" s0="7.71768" s1="1.37106" s2="7.71766" r0="-0.178146" r1="-0.966667" r2="0.183898" r3="0" r4="-0.43568" r5="-0.0900841" r6="-0.895582" r7="0" r8="0.882296" r9="-0.239665" r10="-0.40511" r11="0" r12="0" r13="0" r14="0" r15="1" id="114" type_file="Data/Objects/Decals/signs/glyph_rabbit.xml" i="0" color_r="1" color_g="1" color_b="1">
        <parameters />
    </Decal>
    <EnvObject t0="162.967" t1="45.4412" t2="78.36" s0="0.822929" s1="0.822929" s2="0.822929" r0="0.664546" r1="0.146511" r2="0.732743" r3="0" r4="0.136865" r5="0.940137" r6="-0.312106" r7="0" r8="-0.734606" r9="0.307696" r10="0.604712" r11="0" r12="0" r13="0" r14="0" r15="1" id="115" color_r="1" color_g="1" color_b="1" type_file="Data/Objects/Crete/hex_crete_rubble.xml">
        <parameters />
    </EnvObject>
    <EnvObject t0="164.968" t1="49.2478" t2="87.1781" s0="1.28985" s1="1.28985" s2="1.28985" r0="0.959552" r1="-0.261855" r2="-0.103399" r3="0" r4="0.280131" r5="0.851481" r6="0.443291" r7="0" r8="-0.0280356" r9="-0.454326" r10="0.890394" r11="0" r12="0" r13="0" r14="0" r15="1" id="124" color_r="1" color_g="1" color_b="1" type_file="Data/Objects/Crete/CreteBlockBroken.xml">
        <parameters />
    </EnvObject>
    <EnvObject t0="169.109" t1="55.6302" t2="93.0283" s0="2.02142" s1="2.02142" s2="2.02142" r0="-0.98247" r1="0.152424" r2="-0.107324" r3="0" r4="0.16615" r5="0.977042" r6="-0.133357" r7="0" r8="0.0845331" r9="-0.148851" r10="-0.98524" r11="0" r12="0" r13="0" r14="0" r15="1" id="125" color_r="1" color_g="1" color_b="1" type_file="Data/Objects/Crete/CreteBlockBroken.xml">
        <parameters />
    </EnvObject>
    <EnvObject t0="64.7928" t1="44.7723" t2="-140.684" s0="5.48602" s1="5.48602" s2="5.48602" r0="0.77736" r1="0.00656761" r2="-0.629021" r3="0" r4="0.0724019" r5="0.992366" r6="0.0998374" r7="0" r8="0.624875" r9="-0.123152" r10="0.770951" r11="0" r12="0" r13="0" r14="0" r15="1" id="126" color_r="1" color_g="1" color_b="1" type_file="Data/Objects/Environment/Statues/RobedStatue.xml">
        <parameters />
    </EnvObject>
    <EnvObject t0="159.065" t1="35.7472" t2="-211.082" s0="5.48602" s1="5.48602" s2="5.48602" r0="0.602796" r1="-0.0458464" r2="-0.796577" r3="0" r4="0.206636" r5="0.973258" r6="0.100353" r7="0" r8="0.770674" r9="-0.225094" r10="0.59615" r11="0" r12="0" r13="0" r14="0" r15="1" id="127" color_r="1" color_g="1" color_b="1" type_file="Data/Objects/Environment/Statues/RobedStatue.xml">
        <parameters />
    </EnvObject>
    <EnvObject t0="149.395" t1="6.20261" t2="-207.622" s0="3.41679" s1="3.41679" s2="3.41679" r0="0.475589" r1="-0.115135" r2="-0.872101" r3="0" r4="0.16483" r5="0.985502" r6="-0.0402184" r7="0" r8="0.864087" r9="-0.124621" r10="0.487671" r11="0" r12="0" r13="0" r14="0" r15="1" id="128" color_r="0.698039" color_g="0.662745" color_b="0.431373" type_file="Data/Objects/Crete/hex_crete_rubble.xml">
        <parameters />
    </EnvObject>
    <EnvObject t0="67.0056" t1="18.0526" t2="-140.737" s0="3.41679" s1="3.41679" s2="3.41679" r0="0.825974" r1="0.0847326" r2="-0.557304" r3="0" r4="0.151324" r5="0.919022" r6="0.364004" r7="0" r8="0.543018" r9="-0.384991" r10="0.746266" r11="0" r12="0" r13="0" r14="0" r15="1" id="129" color_r="0.698039" color_g="0.662745" color_b="0.431373" type_file="Data/Objects/Crete/hex_crete_rubble.xml">
        <parameters />
    </EnvObject>
    <EnvObject t0="141.671" t1="32.0369" t2="40.5922" s0="2.74882" s1="2.74882" s2="2.74882" r0="1" r1="0" r2="0" r3="0" r4="0" r5="1" r6="0" r7="0" r8="0" r9="0" r10="1" r11="0" r12="0" r13="0" r14="0" r15="1" id="130" color_r="1" color_g="1" color_b="1" type_file="Data/Objects/Crete/CreteBlockStandard.xml">
        <parameters />
    </EnvObject>
    <EnvObject t0="141.795" t1="37.309" t2="48.0826" s0="1" s1="1" s2="1" r0="1" r1="0" r2="0" r3="0" r4="0" r5="1" r6="0" r7="0" r8="0" r9="0" r10="1" r11="0" r12="0" r13="0" r14="0" r15="1" id="131" color_r="1" color_g="1" color_b="1" type_file="Data/Objects/Buildings/terraces/cat_stairs.xml">
        <parameters />
    </EnvObject>
    <EnvObject t0="152.167" t1="39.1716" t2="40.4512" s0="2.43965" s1="2.43965" s2="2.43965" r0="1" r1="0" r2="0" r3="0" r4="0" r5="1" r6="0" r7="0" r8="0" r9="0" r10="1" r11="0" r12="0" r13="0" r14="0" r15="1" id="132" color_r="1" color_g="1" color_b="1" type_file="Data/Objects/Crete/CreteBlockStandard.xml">
        <parameters />
    </EnvObject>
    <Decal t0="147.191" t1="43.2265" t2="40.1588" s0="5.56261" s1="1.56074" s2="5.56261" r0="-1.19209e-007" r1="-1" r2="-3.12909e-009" r3="0" r4="-1" r5="-1.19209e-007" r6="-8.42937e-008" r7="0" r8="8.42937e-008" r9="3.12909e-009" r10="-1" r11="0" r12="0" r13="0" r14="0" r15="1" id="133" type_file="Data/Objects/Decals/signs/glyph_rabbit.xml" i="0" color_r="1" color_g="1" color_b="1">
        <parameters />
    </Decal>
    <EnvObject t0="146.044" t1="32.0377" t2="22.4353" s0="4.93658" s1="2.74882" s2="2.74882" r0="1" r1="0" r2="0" r3="0" r4="0" r5="1" r6="0" r7="0" r8="0" r9="0" r10="1" r11="0" r12="0" r13="0" r14="0" r15="1" id="134" color_r="1" color_g="1" color_b="1" type_file="Data/Objects/Crete/CreteBlockStandard.xml">
        <parameters />
    </EnvObject>
    <EnvObject t0="141.42" t1="40.3474" t2="33.7469" s0="2.31102" s1="2.31102" s2="2.31102" r0="0.998557" r1="9.31323e-009" r2="0.053707" r3="0" r4="-0.053707" r5="3.60131e-007" r6="0.998557" r7="0" r8="-9.31323e-009" r9="-1" r10="3.60131e-007" r11="0" r12="0" r13="0" r14="0" r15="1" id="135" color_r="1" color_g="1" color_b="1" type_file="Data/Objects/Buildings/Fence1.xml">
        <parameters />
    </EnvObject>
    <EnvObject t0="141.386" t1="40.3474" t2="29.1336" s0="2.31102" s1="2.31102" s2="2.31102" r0="0.997279" r1="-1.15484e-007" r2="-0.0737236" r3="0" r4="0.0737236" r5="1.61876e-006" r6="0.997279" r7="0" r8="3.72529e-009" r9="-1" r10="1.62306e-006" r11="0" r12="0" r13="0" r14="0" r15="1" id="136" color_r="1" color_g="1" color_b="1" type_file="Data/Objects/Buildings/Fence1.xml">
        <parameters />
    </EnvObject>
    <EnvObject t0="141.676" t1="40.4489" t2="31.3754" s0="1.71253" s1="1.71253" s2="1.71253" r0="0.890617" r1="2.23517e-007" r2="0.454755" r3="0" r4="-0.454755" r5="3.72529e-007" r6="0.890617" r7="0" r8="1.49012e-008" r9="-1" r10="4.32134e-007" r11="0" r12="0" r13="0" r14="0" r15="1" id="137" color_r="1" color_g="1" color_b="1" type_file="Data/Objects/Buildings/Fence1.xml">
        <parameters />
    </EnvObject>
    <EnvObject t0="142.117" t1="39.2374" t2="33.7399" s0="1.35143" s1="1.35143" s2="1.35143" r0="1" r1="0" r2="0" r3="0" r4="0" r5="-0.5" r6="0.866025" r7="0" r8="0" r9="-0.866025" r10="-0.5" r11="0" r12="0" r13="0" r14="0" r15="1" id="141" color_r="1" color_g="1" color_b="1" type_file="Data/Objects/Buildings/Post1.xml">
        <parameters />
    </EnvObject>
    <EnvObject t0="140.796" t1="40.1539" t2="33.2932" s0="1.42757" s1="1.42757" s2="1.42757" r0="1" r1="0" r2="0" r3="0" r4="0" r5="-1.19209e-007" r6="1" r7="0" r8="0" r9="-1" r10="-1.19209e-007" r11="0" r12="0" r13="0" r14="0" r15="1" id="142" color_r="1" color_g="1" color_b="1" type_file="Data/Objects/Buildings/Post1.xml">
        <parameters />
    </EnvObject>
    <EnvObject t0="142.111" t1="40.1539" t2="33.2932" s0="1.42757" s1="1.42757" s2="1.42757" r0="1" r1="0" r2="0" r3="0" r4="0" r5="-1.19209e-007" r6="1" r7="0" r8="0" r9="-1" r10="-1.19209e-007" r11="0" r12="0" r13="0" r14="0" r15="1" id="143" color_r="1" color_g="1" color_b="1" type_file="Data/Objects/Buildings/Post1.xml">
        <parameters />
    </EnvObject>
    <EnvObject t0="140.781" t1="39.2374" t2="33.7399" s0="1.35143" s1="1.35143" s2="1.35143" r0="1" r1="0" r2="0" r3="0" r4="0" r5="-0.5" r6="0.866025" r7="0" r8="0" r9="-0.866025" r10="-0.5" r11="0" r12="0" r13="0" r14="0" r15="1" id="144" color_r="1" color_g="1" color_b="1" type_file="Data/Objects/Buildings/Post1.xml">
        <parameters />
    </EnvObject>
    <EnvObject t0="140.781" t1="39.4039" t2="29.357" s0="1.35143" s1="1.35143" s2="1.35143" r0="1" r1="0" r2="0" r3="0" r4="0" r5="0.500001" r6="0.866025" r7="0" r8="0" r9="-0.866025" r10="0.500001" r11="0" r12="0" r13="0" r14="0" r15="1" id="145" color_r="1" color_g="1" color_b="1" type_file="Data/Objects/Buildings/Post1.xml">
        <parameters />
    </EnvObject>
    <EnvObject t0="142.097" t1="39.4039" t2="29.357" s0="1.35143" s1="1.35143" s2="1.35143" r0="1" r1="0" r2="0" r3="0" r4="0" r5="0.500001" r6="0.866025" r7="0" r8="0" r9="-0.866025" r10="0.500001" r11="0" r12="0" r13="0" r14="0" r15="1" id="146" color_r="1" color_g="1" color_b="1" type_file="Data/Objects/Buildings/Post1.xml">
        <parameters />
    </EnvObject>
    <EnvObject t0="151.713" t1="39.3726" t2="53.7163" s0="1.19942" s1="1.1668" s2="1.1391" r0="0.97707" r1="-0.19175" r2="0.092552" r3="0" r4="0.0410342" r5="-0.256952" r6="-0.965553" r7="0" r8="0.208926" r9="0.94721" r10="-0.243192" r11="0" r12="0" r13="0" r14="0" r15="1" id="148" color_r="0.670588" color_g="0.694118" color_b="0.717647" type_file="Data/Objects/Environment/Rocks/coast_rock_large.xml">
        <parameters />
    </EnvObject>
    <EnvObject t0="151.962" t1="39.7937" t2="31.7556" s0="1.06707" s1="0.564977" s2="0.568719" r0="1" r1="0" r2="0" r3="0" r4="0" r5="1" r6="0" r7="0" r8="0" r9="0" r10="1" r11="0" r12="0" r13="0" r14="0" r15="1" id="151" color_r="1" color_g="1" color_b="1" type_file="Data/Objects/Buildings/arena/arena_staircase_roof.xml">
        <parameters />
    </EnvObject>
    <EnvObject t0="151.951" t1="41.0946" t2="35.4824" s0="1" s1="1" s2="1" r0="-1" r1="2.78181e-008" r2="-5.96046e-008" r3="0" r4="2.78181e-008" r5="1" r6="8.29043e-016" r7="0" r8="5.96046e-008" r9="-8.29043e-016" r10="-1" r11="0" r12="0" r13="0" r14="0" r15="1" id="152" color_r="1" color_g="1" color_b="1" type_file="Data/Objects/Buildings/Door1.xml">
        <parameters />
    </EnvObject>
    <EnvObject t0="217.571" t1="38.9193" t2="-49.8732" s0="2.60818" s1="2.60818" s2="2.60818" r0="1" r1="0" r2="0" r3="0" r4="0" r5="1" r6="0" r7="0" r8="0" r9="0" r10="1" r11="0" r12="0" r13="0" r14="0" r15="1" id="154" color_r="1" color_g="1" color_b="1" type_file="Data/Objects/Buildings/pillar1.xml">
        <parameters />
    </EnvObject>
    <EnvObject t0="149.479" t1="40.26" t2="19.2097" s0="0.571799" s1="1.10432" s2="0.435796" r0="5.96046e-008" r1="-1" r2="-0" r3="0" r4="1" r5="5.96046e-008" r6="0" r7="0" r8="0" r9="-0" r10="1" r11="0" r12="0" r13="0" r14="0" r15="1" id="155" color_r="1" color_g="1" color_b="1" type_file="Data/Objects/Crete/CreteBlockStandard.xml">
        <parameters />
    </EnvObject>
    <EnvObject t0="149.626" t1="40.3608" t2="19.8084" s0="0.268873" s1="0.951828" s2="0.458102" r0="5.96046e-008" r1="-1" r2="-0" r3="0" r4="1" r5="5.96046e-008" r6="0" r7="0" r8="0" r9="-0" r10="1" r11="0" r12="0" r13="0" r14="0" r15="1" id="156" color_r="1" color_g="1" color_b="1" type_file="Data/Objects/Crete/crete_block_marble_standard.xml">
        <parameters />
    </EnvObject>
    <EnvObject t0="144.477" t1="26.6666" t2="16.854" s0="1" s1="1" s2="1" r0="-1" r1="-2.78181e-008" r2="5.96046e-008" r3="0" r4="-2.78181e-008" r5="1" r6="8.29043e-016" r7="0" r8="-5.96046e-008" r9="-8.29043e-016" r10="-1" r11="0" r12="0" r13="0" r14="0" r15="1" id="257" color_r="1" color_g="1" color_b="1" type_file="Data/Objects/Buildings/door1.xml">
        <parameters />
    </EnvObject>
    <EnvObject t0="150.693" t1="49.8249" t2="93.953" s0="0.308645" s1="0.308645" s2="0.308645" r0="0.642616" r1="-0.033105" r2="-0.765473" r3="0" r4="-0.181477" r5="0.964061" r6="-0.194044" r7="0" r8="0.744386" r9="0.263611" r10="0.613513" r11="0" r12="0" r13="0" r14="0" r15="1" id="297" color_r="1" color_g="1" color_b="1" type_file="Data/Objects/Crete/hex_crete_rubble.xml">
        <parameters />
    </EnvObject>
    <ActorObject t0="145.252" t1="41.2842" t2="21.6397" s0="1" s1="1" s2="1" r0="1" r1="0" r2="0" r3="0" r4="0" r5="1" r6="0" r7="0" r8="0" r9="0" r10="1" r11="0" r12="0" r13="0" r14="0" r15="1" id="298" type_file="Data/Custom/timbles/therium-2/Objects/IGF_Characters/heavy.xml" is_player="0">
        <parameters>
            <parameter name="Aggression" type="string" val="0.5" />
            <parameter name="Attack Damage" type="string" val="1.2000000000000002" />
            <parameter name="Attack Knockback" type="string" val="1.2000000000000002" />
            <parameter name="Attack Speed" type="string" val="0.9" />
            <parameter name="Block Follow-up" type="string" val="0.5" />
            <parameter name="Block Skill" type="string" val="0.5" />
            <parameter name="Character Scale" type="string" val="1.12" />
            <parameter name="Damage Resistance" type="string" val="1.3" />
            <parameter name="Ear Size" type="string" val="1" />
            <parameter name="Fat" type="string" val="0.5" />
            <parameter name="Ground Aggression" type="string" val="0.5" />
            <parameter name="Left handed" type="string" val="0" />
            <parameter name="Lives" type="string" val="1" />
            <parameter name="Movement Speed" type="string" val="0.8" />
            <parameter name="Muscle" type="string" val="0.6000000000000001" />
            <parameter name="Teams" type="string" val="guard" />
        </parameters>
        <Connections>
            <Connection id="311" />
        </Connections>
        <ItemConnections />
        <Palette>
            <Color label="Clothes" channel="0" red="0.0784314" green="0.27451" blue="0.423529" />
            <Color label="Fur" channel="1" red="0.94902" green="0.776471" blue="0.776471" />
            <Color label="Leather" channel="2" red="0.0784314" green="0.0627451" blue="0.0627451" />
            <Color label="Armor" channel="3" red="0.239216" green="0.247059" blue="0.247059" />
        </Palette>
        <EnvObjectAttachments>
            <EnvObjectAttachment>
                <BoneConnect bone_id="8" num_connections="1" m0="0.992683" m1="0.0885316" m2="-0.0821117" m3="0" m4="-0.0884124" m5="0.996071" m6="0.00509082" m7="0" m8="0.0822398" m9="0.00220612" m10="0.99661" m11="0" m12="0.477864" m13="0.178791" m14="-0.042398" m15="1" />
                <BoneConnect bone_id="9" num_connections="1" m0="0.994642" m1="0.0995123" m2="-0.0279994" m3="0" m4="-0.0969801" m5="0.992016" m6="0.0806188" m7="0" m8="0.0357984" m9="-0.0774715" m10="0.996352" m11="0" m12="0.468111" m13="0.185038" m14="-0.040561" m15="1" />
                <BoneConnect bone_id="-1" num_connections="0" m0="1" m1="0" m2="0" m3="0" m4="0" m5="1" m6="0" m7="0" m8="0" m9="0" m10="1" m11="0" m12="0" m13="0" m14="0" m15="1" />
                <BoneConnect bone_id="-1" num_connections="0" m0="1" m1="0" m2="0" m3="0" m4="0" m5="1" m6="0" m7="0" m8="0" m9="0" m10="1" m11="0" m12="0" m13="0" m14="0" m15="1" />
            </EnvObjectAttachment>
            <EnvObjectAttachment>
