<?xml version="2.0" ?>
<Type>saved</Type>
<Name></Name>
<Description></Description>
<Shader>post</Shader>
<Terrain>
    <Heightmap>Data/Textures/Terrain/desert_teeth/desert_teeth_hm.png</Heightmap>
    <DetailMap></DetailMap>
    <ColorMap>Data/Textures/Terrain/red_desert/red_desert_c.tga</ColorMap>
    <WeightMap>Data/Textures/Terrain/red_desert/red_desert_w.png</WeightMap>
    <DetailMaps>
        <DetailMap colorpath="Data/Textures/Terrain/DetailTextures/pebbles.tga" normalpath="Data/Textures/Terrain/DetailTextures/pebbles_normal.tga" materialpath="Data/Materials/rocks.xml" />
        <DetailMap colorpath="Data/Textures/Terrain/DetailTextures/pebbly_sand.tga" normalpath="Data/Textures/Terrain/DetailTextures/pebbly_sand_normal.tga" materialpath="Data/Materials/gravel.xml" />
        <DetailMap colorpath="Data/Textures/Terrain/DetailTextures/sandwaves.tga" normalpath="Data/Textures/Terrain/DetailTextures/sandwaves_normal.tga" materialpath="Data/Materials/sand.xml" />
        <DetailMap colorpath="Data/Textures/Terrain/DetailTextures/rubble.tga" normalpath="Data/Textures/Terrain/DetailTextures/rubble_normal.tga" materialpath="Data/Materials/rock.xml" />
    </DetailMaps>
    <DetailObjects />
</Terrain>
<OutOfDate Shadow="true" AO="true" NavMesh="true" />
<SpawnPoints>
    <SpawnPoint t0="0" t1="200" t2="0" s0="1" s1="1" s2="1" r0="1" r1="0" r2="0" r3="0" r4="0" r5="1" r6="0" r7="0" r8="0" r9="0" r10="1" r11="0" r12="0" r13="0" r14="0" r15="1" />
</SpawnPoints>
<AmbientSounds />
<Script></Script>
<LevelScriptParameters>
    <parameter name="Achievements" type="string" val="flawless, no_injuries, no_kills" />
    <parameter name="Extra AO" type="string" val="0" />
    <parameter name="Level Boundaries" type="string" val="1" />
    <parameter name="Objectives" type="string" val="destroy_all" />
    <parameter name="Sky Rotation" type="string" val="-188" />
</LevelScriptParameters>
<Sky>
    <DomeTexture>Data/Textures/skies/cirrus2_volcano_slope.tga</DomeTexture>
    <SunAngularRad>0.21298</SunAngularRad>
    <SunColorAngle>74.7995</SunColorAngle>
    <RayToSun r0="-0.873906" r1="0.34759" r2="-0.339809" />
    <ExtraAO>0</ExtraAO>
    <SkyRotation>-188</SkyRotation>
</Sky>
<ActorObjects>
    <EnvObject t0="-233.843" t1="12.2161" t2="47.2194" s0="1.01956" s1="1.01956" s2="1.01956" r0="-0.542307" r1="2.84646e-007" r2="-0.840181" r3="0" r4="-8.61849e-008" r5="1" r6="3.94421e-007" r7="0" r8="0.840181" r9="2.86308e-007" r10="-0.542307" r11="0" r12="0" r13="0" r14="0" r15="1" id="3" color_r="1" color_g="1" color_b="1" type_file="Data/Objects/Buildings/stairs1.xml">
        <parameters />
    </EnvObject>
    <EnvObject t0="-233.051" t1="11.3587" t2="46.6876" s0="1.01956" s1="1.01956" s2="1.01956" r0="-0.542307" r1="4.0013e-007" r2="-0.840181" r3="0" r4="3.73184e-009" r5="1" r6="4.73834e-007" r7="0" r8="0.840181" r9="2.53828e-007" r10="-0.542307" r11="0" r12="0" r13="0" r14="0" r15="1" id="4" color_r="1" color_g="1" color_b="1" type_file="Data/Objects/Buildings/stairs1.xml">
        <parameters />
    </EnvObject>
    <EnvObject t0="-236.652" t1="9.99218" t2="49.1818" s0="1.01956" s1="0.362525" s2="1.01956" r0="0.542307" r1="1.47656e-007" r2="0.840181" r3="0" r4="-3.75765e-007" r5="1" r6="6.67997e-008" r7="0" r8="-0.840181" r9="-3.51936e-007" r10="0.542307" r11="0" r12="0" r13="0" r14="0" r15="1" id="5" color_r="1" color_g="1" color_b="1" type_file="Data/Objects/Buildings/cat_town/babylon_tower.xml">
        <parameters />
    </EnvObject>
    <EnvObject t0="-232.753" t1="9.05367" t2="46.5118" s0="0.358264" s1="1.16411" s2="0.808753" r0="0.542307" r1="5.96046e-008" r2="0.84018" r3="0" r4="-0.660071" r5="0.618697" r6="0.426053" r7="0" r8="-0.519817" r9="-0.78563" r10="0.335524" r11="0" r12="0" r13="0" r14="0" r15="1" id="6" color_r="1" color_g="1" color_b="1" type_file="Data/Objects/Crete/CreteBlockStandard.xml">
        <parameters />
    </EnvObject>
    <EnvObject t0="-236.697" t1="14.3632" t2="49.0855" s0="1.01956" s1="1.01956" s2="1.01956" r0="0.542307" r1="1.47656e-007" r2="0.840181" r3="0" r4="-3.75765e-007" r5="1" r6="6.67997e-008" r7="0" r8="-0.840181" r9="-3.51936e-007" r10="0.542307" r11="0" r12="0" r13="0" r14="0" r15="1" id="7" color_r="1" color_g="1" color_b="1" type_file="Data/Custom/twowolves/landmark_lantern/jims_lantern.xml">
        <parameters />
    </EnvObject>
    <Group t0="-235.147" t1="14.0481" t2="51.8661" s0="1.16181" s1="3.14406" s2="0.62564" r0="0.542307" r1="1.47656e-007" r2="0.840181" r3="0" r4="-3.75765e-007" r5="1" r6="6.67997e-008" r7="0" r8="-0.840181" r9="-3.51936e-007" r10="0.542307" r11="0" r12="0" r13="0" r14="0" r15="1" id="8" version="1">
        <parameters />
        <EnvObject t0="-235.143" t1="13.2607" t2="51.8386" s0="0.0910002" s1="0.265055" s2="0.142339" r0="0.469651" r1="-0.5" r2="0.727618" r3="0" r4="0.271153" r5="0.866025" r6="0.420091" r7="0" r8="-0.840181" r9="-2.98023e-007" r10="0.542307" r11="0" r12="0" r13="0" r14="0" r15="1" id="9" color_r="1" color_g="1" color_b="1" type_file="Data/Objects/Crete/CreteBlockStandard.xml">
            <parameters />
        </EnvObject>
        <EnvObject t0="-234.994" t1="14.0442" t2="52.085" s0="0.0909993" s1="0.0922002" s2="0.13659" r0="0.501495" r1="0.380589" r2="0.776952" r3="0" r4="-0.206397" r5="0.924744" r6="-0.319763" r7="0" r8="-0.84018" r9="-1.14739e-006" r10="0.542307" r11="0" r12="0" r13="0" r14="0" r15="1" id="10" color_r="1" color_g="1" color_b="1" type_file="Data/Objects/Crete/CreteBlockStandard.xml">
            <parameters />
        </EnvObject>
        <EnvObject t0="-234.985" t1="14.4174" t2="52.1158" s0="0.0909994" s1="0.0922002" s2="0.153863" r0="-0.496597" r1="0.401839" r2="-0.769361" r3="0" r4="-0.21792" r5="-0.91571" r6="-0.337618" r7="0" r8="-0.84018" r9="-7.15256e-007" r10="0.542307" r11="0" r12="0" r13="0" r14="0" r15="1" id="11" color_r="1" color_g="1" color_b="1" type_file="Data/Objects/Crete/CreteBlockStandard.xml">
            <parameters />
        </EnvObject>
        <EnvObject t0="-235.105" t1="15.0168" t2="51.9133" s0="0.0827634" s1="0.206877" s2="0.145578" r0="-0.437023" r1="-0.592108" r2="-0.677066" r3="0" r4="0.321106" r5="-0.805858" r6="0.497477" r7="0" r8="-0.84018" r9="-1.3411e-006" r10="0.542308" r11="0" r12="0" r13="0" r14="0" r15="1" id="12" color_r="1" color_g="1" color_b="1" type_file="Data/Objects/Crete/CreteBlockStandard.xml">
            <parameters />
        </EnvObject>
    </Group>
    <Group t0="-238.708" t1="13.8942" t2="50.6126" s0="0.625648" s1="3.14407" s2="1.16132" r0="0.542307" r1="1.47656e-007" r2="0.840181" r3="0" r4="-3.75765e-007" r5="1" r6="6.67997e-008" r7="0" r8="-0.840181" r9="-3.51936e-007" r10="0.542307" r11="0" r12="0" r13="0" r14="0" r15="1" id="13" version="1">
        <parameters />
        <EnvObject t0="-238.681" t1="13.1069" t2="50.6168" s0="0.0910002" s1="0.265055" s2="0.142339" r0="-0.727617" r1="-0.500001" r2="0.469652" r3="0" r4="-0.420091" r5="0.866025" r6="0.271154" r7="0" r8="-0.542307" r9="-2.98023e-007" r10="-0.84018" r11="0" r12="0" r13="0" r14="0" r15="1" id="14" color_r="1" color_g="1" color_b="1" type_file="Data/Objects/Crete/CreteBlockStandard.xml">
            <parameters />
        </EnvObject>
        <EnvObject t0="-238.928" t1="13.8903" t2="50.7665" s0="0.0909994" s1="0.0922002" s2="0.13659" r0="-0.776951" r1="0.380588" r2="0.501498" r3="0" r4="0.319761" r5="0.924745" r6="-0.206398" r7="0" r8="-0.54231" r9="-1.46031e-006" r10="-0.840178" r11="0" r12="0" r13="0" r14="0" r15="1" id="15" color_r="1" color_g="1" color_b="1" type_file="Data/Objects/Crete/CreteBlockStandard.xml">
            <parameters />
        </EnvObject>
        <EnvObject t0="-238.958" t1="14.2636" t2="50.7746" s0="0.0909994" s1="0.0922002" s2="0.153863" r0="0.76936" r1="0.40184" r2="-0.496598" r3="0" r4="0.337618" r5="-0.91571" r6="-0.217921" r7="0" r8="-0.542309" r9="-9.98378e-007" r10="-0.840179" r11="0" r12="0" r13="0" r14="0" r15="1" id="16" color_r="1" color_g="1" color_b="1" type_file="Data/Objects/Crete/CreteBlockStandard.xml">
            <parameters />
        </EnvObject>
        <EnvObject t0="-238.755" t1="14.863" t2="50.6548" s0="0.0827634" s1="0.206877" s2="0.145578" r0="0.677066" r1="-0.592108" r2="-0.437024" r3="0" r4="-0.497477" r5="-0.805858" r6="0.321105" r7="0" r8="-0.542308" r9="1.19209e-007" r10="-0.84018" r11="0" r12="0" r13="0" r14="0" r15="1" id="17" color_r="1" color_g="1" color_b="1" type_file="Data/Objects/Crete/CreteBlockStandard.xml">
            <parameters />
        </EnvObject>
    </Group>
    <Group t0="-238.144" t1="14.0473" t2="46.7227" s0="1.16171" s1="3.14417" s2="0.62564" r0="0.542307" r1="1.47656e-007" r2="0.840181" r3="0" r4="-3.75765e-007" r5="1" r6="6.67997e-008" r7="0" r8="-0.840181" r9="-3.51936e-007" r10="0.542307" r11="0" r12="0" r13="0" r14="0" r15="1" id="18" version="1">
        <parameters />
        <EnvObject t0="-238.148" t1="13.2599" t2="46.7502" s0="0.0910002" s1="0.265055" s2="0.142339" r0="-0.469652" r1="-0.5" r2="-0.727618" r3="0" r4="-0.271154" r5="0.866026" r6="-0.42009" r7="0" r8="0.84018" r9="7.30157e-007" r10="-0.542307" r11="0" r12="0" r13="0" r14="0" r15="1" id="19" color_r="1" color_g="1" color_b="1" type_file="Data/Objects/Crete/CreteBlockStandard.xml">
            <parameters />
        </EnvObject>
        <EnvObject t0="-238.297" t1="14.0434" t2="46.5038" s0="0.0909994" s1="0.0922002" s2="0.13659" r0="-0.501495" r1="0.380588" r2="-0.776952" r3="0" r4="0.206396" r5="0.924745" r6="0.319763" r7="0" r8="0.84018" r9="-4.61936e-007" r10="-0.542306" r11="0" r12="0" r13="0" r14="0" r15="1" id="20" color_r="1" color_g="1" color_b="1" type_file="Data/Objects/Crete/CreteBlockStandard.xml">
            <parameters />
        </EnvObject>
        <EnvObject t0="-238.306" t1="14.4166" t2="46.4729" s0="0.0909994" s1="0.0922002" s2="0.153863" r0="0.496596" r1="0.40184" r2="0.769361" r3="0" r4="0.217921" r5="-0.91571" r6="0.337618" r7="0" r8="0.84018" r9="3.27826e-007" r10="-0.542307" r11="0" r12="0" r13="0" r14="0" r15="1" id="21" color_r="1" color_g="1" color_b="1" type_file="Data/Objects/Crete/CreteBlockStandard.xml">
            <parameters />
        </EnvObject>
        <EnvObject t0="-238.186" t1="15.0161" t2="46.6763" s0="0.0827634" s1="0.206877" s2="0.145578" r0="0.437024" r1="-0.592107" r2="0.677067" r3="0" r4="-0.321104" r5="-0.805859" r6="-0.497477" r7="0" r8="0.84018" r9="2.83122e-007" r10="-0.542307" r11="0" r12="0" r13="0" r14="0" r15="1" id="22" color_r="1" color_g="1" color_b="1" type_file="Data/Objects/Crete/CreteBlockStandard.xml">
            <parameters />
        </EnvObject>
    </Group>
    <ActorObject t0="-234.909" t1="13.5693" t2="47.6966" s0="1" s1="1" s2="1" r0="-0.5" r1="-3.17864e-008" r2="-0.866025" r3="0" r4="7.35136e-008" r5="1" r6="-7.9147e-008" r7="0" r8="0.866025" r9="-1.03238e-007" r10="-0.5" r11="0" r12="0" r13="0" r14="0" r15="1" id="1" type_file="Data/Custom/timbles/therium-2/Objects/IGF_Characters/ghost.xml" is_player="1">
        <parameters>
            <parameter name="Aggression" type="float" val="0.5" />
            <parameter name="Attack Damage" type="float" val="1" />
            <parameter name="Attack Knockback" type="float" val="1" />
            <parameter name="Attack Speed" type="float" val="1" />
            <parameter name="Block Follow-up" type="float" val="0.5" />
            <parameter name="Block Skill" type="float" val="0.5" />
            <parameter name="Character Scale" type="float" val="1" />
            <parameter name="Damage Resistance" type="float" val="1" />
            <parameter name="Ear Size" type="float" val="1" />
            <parameter name="Fat" type="float" val="0.5" />
            <parameter name="Ground Aggression" type="float" val="0.5" />
            <parameter name="Left handed" type="int" val="0" />
            <parameter name="Lives" type="int" val="1" />
            <parameter name="Movement Speed" type="float" val="1" />
            <parameter name="Muscle" type="float" val="0.5" />
            <parameter name="Teams" type="string" val="player, Ghost" />
        </parameters>
        <Connections>
            <Connection id="-1" />
        </Connections>
        <ItemConnections />
        <Palette />
    </ActorObject>
    <EnvObject t0="-232.384" t1="10.845" t2="46.2782" s0="1.01956" s1="1.01956" s2="1.01956" r0="-0.542308" r1="3.04279e-007" r2="-0.84018" r3="0" r4="-9.49112e-008" r5="1" r6="4.23421e-007" r7="0" r8="0.84018" r9="3.09367e-007" r10="-0.542308" r11="0" r12="0" r13="0" r14="0" r15="1" id="2" color_r="1" color_g="1" color_b="1" type_file="Data/Objects/Buildings/stairs1.xml">
        <parameters />
    </EnvObject>
    <EnvObject t0="-231.593" t1="9.98758" t2="45.7464" s0="1.01956" s1="1.01956" s2="1.01956" r0="-0.542308" r1="4.08963e-007" r2="-0.84018" r3="0" r4="9.77262e-009" r5="1" r6="4.80449e-007" r7="0" r8="0.84018" r9="2.5234e-007" r10="-0.542308" r11="0" r12="0" r13="0" r14="0" r15="1" id="23" color_r="1" color_g="1" color_b="1" type_file="Data/Objects/Buildings/stairs1.xml">
        <parameters />
    </EnvObject>
    <EnvObject t0="-230.874" t1="9.48291" t2="45.3035" s0="1.01956" s1="1.01956" s2="1.01956" r0="-0.542308" r1="3.04279e-007" r2="-0.84018" r3="0" r4="-9.49112e-008" r5="1" r6="4.23421e-007" r7="0" r8="0.84018" r9="3.09367e-007" r10="-0.542308" r11="0" r12="0" r13="0" r14="0" r15="1" id="25" color_r="1" color_g="1" color_b="1" type_file="Data/Objects/Buildings/stairs1.xml">
        <parameters />
    </EnvObject>
    <EnvObject t0="-230.083" t1="8.62551" t2="44.7717" s0="1.01956" s1="1.01956" s2="1.01956" r0="-0.542308" r1="4.08963e-007" r2="-0.84018" r3="0" r4="9.77262e-009" r5="1" r6="4.80449e-007" r7="0" r8="0.84018" r9="2.5234e-007" r10="-0.542308" r11="0" r12="0" r13="0" r14="0" r15="1" id="26" color_r="1" color_g="1" color_b="1" type_file="Data/Objects/Buildings/stairs1.xml">
        <parameters />
    </EnvObject>
    <EnvObject t0="-240.275" t1="13.9927" t2="67.577" s0="0.373895" s1="0.445384" s2="0.285313" r0="0.594306" r1="-0.0647187" r2="0.801631" r3="0" r4="-0.0502365" r5="0.991823" r6="0.117318" r7="0" r8="-0.802669" r9="-0.109994" r10="0.586195" r11="0" r12="0" r13="0" r14="0" r15="1" id="24" color_r="1" color_g="1" color_b="1" type_file="Data/Objects/Environment/Land/jagged_outcrop.xml">
        <parameters />
    </EnvObject>
    <EnvObject t0="-246.163" t1="5.88486" t2="26.5144" s0="0.437645" s1="0.437645" s2="0.437645" r0="0.228007" r1="-0.237823" r2="-0.944165" r3="0" r4="-0.224988" r5="0.930597" r6="-0.288737" r7="0" r8="0.947306" r9="0.27826" r10="0.158675" r11="0" r12="0" r13="0" r14="0" r15="1" id="27" color_r="1" color_g="1" color_b="1" type_file="Data/Objects/Environment/Land/jagged_outcrop.xml">
        <parameters />
    </EnvObject>
    <EnvObject t0="-177.707" t1="8.04098" t2="105.233" s0="0.373895" s1="0.360298" s2="0.40379" r0="0.964489" r1="-0.168499" r2="0.203393" r3="0" r4="0.100377" r5="0.946132" r6="0.307831" r7="0" r8="-0.244306" r9="-0.276484" r10="0.929447" r11="0" r12="0" r13="0" r14="0" r15="1" id="28" color_r="1" color_g="1" color_b="1" type_file="Data/Objects/Environment/Land/jagged_outcrop.xml">
        <parameters />
    </EnvObject>
    <EnvObject t0="-190.875" t1="1.27297" t2="42.3573" s0="1.56127" s1="1.5188" s2="1.48275" r0="0.169304" r1="0.0709109" r2="0.983009" r3="0" r4="-0.770252" r5="0.631765" r6="0.0870875" r7="0" r8="-0.614855" r9="-0.77191" r10="0.16158" r11="0" r12="0" r13="0" r14="0" r15="1" id="29" color_r="0.670588" color_g="0.694118" color_b="0.717647" type_file="Data/Objects/Environment/Rocks/coast_rock_large.xml">
        <parameters />
    </EnvObject>
    <EnvObject t0="-195.043" t1="2.8785" t2="44.8536" s0="1.36693" s1="1.32975" s2="1.29818" r0="0.102344" r1="-0.189982" r2="-0.976438" r3="0" r4="0.987275" r5="0.139494" r6="0.076339" r7="0" r8="0.121704" r9="-0.971827" r10="0.201841" r11="0" r12="0" r13="0" r14="0" r15="1" id="30" color_r="0.670588" color_g="0.694118" color_b="0.717647" type_file="Data/Objects/Environment/Rocks/coast_rock_large.xml">
        <parameters />
    </EnvObject>
    <EnvObject t0="-222.685" t1="30.3666" t2="92.1582" s0="1" s1="1" s2="1" r0="1" r1="0" r2="0" r3="0" r4="0" r5="1" r6="0" r7="0" r8="0" r9="0" r10="1" r11="0" r12="0" r13="0" r14="0" r15="1" id="31" color_r="1" color_g="1" color_b="1" type_file="Data/Objects/Environment/Land/sandstone_spire.xml">
        <parameters />
    </EnvObject>
    <EnvObject t0="-209.083" t1="13.837" t2="105.784" s0="1" s1="1" s2="1" r0="-0.791684" r1="0.0573597" r2="0.608237" r3="0" r4="0.00935744" r5="0.996604" r6="-0.0818052" r7="0" r8="-0.610864" r9="-0.0590721" r10="-0.789533" r11="0" r12="0" r13="0" r14="0" r15="1" id="32" color_r="1" color_g="1" color_b="1" type_file="Data/Objects/Environment/Land/sandstone_spire.xml">
        <parameters />
    </EnvObject>
    <EnvObject t0="-184.431" t1="0.605987" t2="42.4834" s0="2.23629" s1="2.23629" s2="2.23629" r0="-0.148036" r1="-0.878747" r2="0.453759" r3="0" r4="0.0634205" r5="0.449432" r6="0.891063" r7="0" r8="-0.98695" r9="0.160683" r10="-0.0108037" r11="0" r12="0" r13="0" r14="0" r15="1" id="33" color_r="0.45098" color_g="0.45098" color_b="0.45098" type_file="Data/Objects/rocks/RoundStone1.xml">
        <parameters />
    </EnvObject>
    <EnvObject t0="-192.389" t1="5.47928" t2="49.3842" s0="2.23629" s1="2.23629" s2="2.23629" r0="0.914717" r1="0.027851" r2="0.403135" r3="0" r4="0.0782061" r5="-0.990958" r6="-0.108989" r7="0" r8="0.396456" r9="0.131221" r10="-0.908623" r11="0" r12="0" r13="0" r14="0" r15="1" id="34" color_r="0.45098" color_g="0.45098" color_b="0.45098" type_file="Data/Objects/rocks/RoundStone1.xml">
        <parameters />
    </EnvObject>
    <EnvObject t0="-230.767" t1="-14.3706" t2="-17.6869" s0="0.767868" s1="0.504968" s2="0.767867" r0="-0.359433" r1="0.0249878" r2="0.932839" r3="0" r4="-0.36185" r5="0.917696" r6="-0.164006" r7="0" r8="-0.860161" r9="-0.396496" r10="-0.320809" r11="0" r12="0" r13="0" r14="0" r15="1" id="35" color_r="1" color_g="1" color_b="1" type_file="Data/Objects/Environment/Land/jagged_outcrop.xml">
        <parameters />
    </EnvObject>
    <EnvObject t0="-214.469" t1="2.51411" t2="-28.387" s0="1" s1="1" s2="1" r0="-0.670573" r1="0.0147604" r2="-0.741706" r3="0" r4="0.0380156" r5="0.999172" r6="-0.0144853" r7="0" r8="0.740878" r9="-0.0379096" r10="-0.670579" r11="0" r12="0" r13="0" r14="0" r15="1" id="36" color_r="1" color_g="1" color_b="1" type_file="Data/Objects/Environment/Land/sandstone_spire.xml">
        <parameters />
    </EnvObject>
    <EnvObject t0="-205.267" t1="-4.13222" t2="-24.4082" s0="0.670457" s1="0.670457" s2="0.670457" r0="1" r1="0" r2="0" r3="0" r4="0" r5="1" r6="0" r7="0" r8="0" r9="0" r10="1" r11="0" r12="0" r13="0" r14="0" r15="1" id="37" color_r="1" color_g="1" color_b="1" type_file="Data/Objects/Environment/Land/sandstone_mesa.xml">
        <parameters />
    </EnvObject>
    <EnvObject t0="-189.375" t1="10.5655" t2="14.7554" s0="1" s1="1" s2="1" r0="0.423557" r1="0.0854562" r2="0.90183" r3="0" r4="-0.0363283" r5="0.996342" r6="-0.0773499" r7="0" r8="-0.905141" r9="1.78814e-007" r10="0.425112" r11="0" r12="0" r13="0" r14="0" r15="1" id="38" color_r="1" color_g="1" color_b="1" type_file="Data/Objects/Environment/Land/sandstone_bridge.xml">
        <parameters />
    </EnvObject>
    <EnvObject t0="-175.249" t1="17.188" t2="51.37" s0="0.539621" s1="0.539621" s2="0.539621" r0="1" r1="0" r2="0" r3="0" r4="0" r5="1" r6="0" r7="0" r8="0" r9="0" r10="1" r11="0" r12="0" r13="0" r14="0" r15="1" id="39" color_r="1" color_g="1" color_b="1" type_file="Data/Objects/Environment/Land/sandstone_mesa.xml">
        <parameters />
    </EnvObject>
    <EnvObject t0="-179.295" t1="6.13243" t2="60.6097" s0="0.672431" s1="0.672431" s2="0.672431" r0="0.138048" r1="0.0310204" r2="0.989941" r3="0" r4="-0.00369688" r5="0.999519" r6="-0.030805" r7="0" r8="-0.99042" r9="0.000592925" r10="0.138096" r11="0" r12="0" r13="0" r14="0" r15="1" id="40" color_r="1" color_g="1" color_b="1" type_file="Data/Objects/Environment/Land/sandstone_spire.xml">
        <parameters />
    </EnvObject>
    <EnvObject t0="-198.977" t1="5.91439" t2="130.274" s0="1.16731" s1="1.16731" s2="1.16731" r0="0.155681" r1="0.946411" r2="0.28297" r3="0" r4="-0.355912" r5="0.320963" r6="-0.877674" r7="0" r8="-0.921463" r9="0.0359268" r10="0.386805" r11="0" r12="0" r13="0" r14="0" r15="1" id="41" color_r="1" color_g="1" color_b="1" type_file="Data/Objects/Environment/Land/sandstone_spire.xml">
        <parameters />
    </EnvObject>
    <EnvObject t0="-158.884" t1="3.32893" t2="104.319" s0="0.373895" s1="0.360298" s2="0.40379" r0="0.397593" r1="0.418461" r2="-0.816589" r3="0" r4="0.0971204" r5="0.865759" r6="0.490949" r7="0" r8="0.912412" r9="-0.274507" r10="0.303578" r11="0" r12="0" r13="0" r14="0" r15="1" id="42" color_r="1" color_g="1" color_b="1" type_file="Data/Objects/Environment/Land/jagged_outcrop.xml">
        <parameters />
    </EnvObject>
    <EnvObject t0="-139.06" t1="-9.59862" t2="38.2821" s0="1" s1="1" s2="1" r0="0.939955" r1="0.00778304" r2="-0.341209" r3="0" r4="-0.0363283" r5="0.996342" r6="-0.0773498" r7="0" r8="0.339358" r9="0.0851009" r10="0.9368" r11="0" r12="0" r13="0" r14="0" r15="1" id="43" color_r="1" color_g="1" color_b="1" type_file="Data/Objects/Environment/Land/sandstone_bridge.xml">
        <parameters />
    </EnvObject>
    <EnvObject t0="-130.174" t1="-1.38661" t2="35.5494" s0="0.81646" s1="0.81646" s2="0.81646" r0="1" r1="0" r2="0" r3="0" r4="0" r5="1" r6="0" r7="0" r8="0" r9="0" r10="1" r11="0" r12="0" r13="0" r14="0" r15="1" id="44" color_r="1" color_g="1" color_b="1" type_file="Data/Objects/Environment/Land/sandstone_mesa.xml">
        <parameters />
    </EnvObject>
    <EnvObject t0="-171.537" t1="-8.43602" t2="-2.74251" s0="1.35626" s1="1.63459" s2="1.0665" r0="-0.713758" r1="5.51747e-008" r2="0.700392" r3="0" r4="5.51747e-008" r5="1" r6="-2.25492e-008" r7="0" r8="-0.700392" r9="2.25492e-008" r10="-0.713758" r11="0" r12="0" r13="0" r14="0" r15="1" id="45" color_r="1" color_g="1" color_b="1" type_file="Data/Objects/Buildings/terraces/cat_patio_box.xml">
        <parameters />
    </EnvObject>
    <EnvObject t0="-165.505" t1="-14.4708" t2="-46.6556" s0="0.618366" s1="0.618366" s2="0.618366" r0="-0.879212" r1="3.11771e-008" r2="0.47643" r3="0" r4="2.65996e-008" r5="1" r6="-1.63516e-008" r7="0" r8="-0.47643" r9="-1.70365e-009" r10="-0.879212" r11="0" r12="0" r13="0" r14="0" r15="1" id="46" color_r="1" color_g="1" color_b="1" type_file="Data/Objects/Buildings/terraces/cat_patio_ramp.xml">
        <parameters />
    </EnvObject>
    <EnvObject t0="-151.292" t1="-11.2154" t2="-18.9995" s0="0.666968" s1="1.02224" s2="0.666968" r0="-0.700392" r1="5.49591e-008" r2="-0.713759" r3="0" r4="5.49591e-008" r5="1" r6="2.30697e-008" r7="0" r8="0.713759" r9="-2.30697e-008" r10="-0.700392" r11="0" r12="0" r13="0" r14="0" r15="1" id="47" color_r="1" color_g="1" color_b="1" type_file="Data/Objects/Buildings/terraces/cat_patio_box.xml">
        <parameters />
    </EnvObject>
    <EnvObject t0="-94.3384" t1="-13.5897" t2="-17.9812" s0="0.666968" s1="1.21193" s2="0.666968" r0="-0.700392" r1="5.49591e-008" r2="-0.713758" r3="0" r4="5.49591e-008" r5="1" r6="2.30697e-008" r7="0" r8="0.713758" r9="-2.30697e-008" r10="-0.700392" r11="0" r12="0" r13="0" r14="0" r15="1" id="48" color_r="1" color_g="1" color_b="1" type_file="Data/Objects/Buildings/terraces/cat_patio_box.xml">
        <parameters />
    </EnvObject>
    <EnvObject t0="-94.3384" t1="-3.89292" t2="-17.981" s0="0.564179" s1="1.02516" s2="0.564179" r0="-0.700392" r1="5.49591e-008" r2="-0.713758" r3="0" r4="5.49591e-008" r5="1" r6="2.30697e-008" r7="0" r8="0.713758" r9="-2.30697e-008" r10="-0.700392" r11="0" r12="0" r13="0" r14="0" r15="1" id="49" color_r="1" color_g="1" color_b="1" type_file="Data/Objects/Buildings/terraces/cat_patio_box.xml">
        <parameters />
    </EnvObject>
    <EnvObject t0="-116.274" t1="-5.06328" t2="-52.6707" s0="0.430662" s1="0.430662" s2="0.430662" r0="1" r1="0" r2="0" r3="0" r4="0" r5="1" r6="0" r7="0" r8="0" r9="0" r10="1" r11="0" r12="0" r13="0" r14="0" r15="1" id="50" color_r="1" color_g="1" color_b="1" type_file="Data/Objects/Environment/Land/sandstone_mesa.xml">
        <parameters />
    </EnvObject>
    <EnvObject t0="-121.949" t1="-9.77664" t2="-51.7147" s0="0.435694" s1="0.435694" s2="0.435694" r0="1" r1="0" r2="0" r3="0" r4="0" r5="1" r6="0" r7="0" r8="0" r9="0" r10="1" r11="0" r12="0" r13="0" r14="0" r15="1" id="51" color_r="1" color_g="1" color_b="1" type_file="Data/Objects/Environment/Land/sandstone_spire.xml">
        <parameters />
    </EnvObject>
    <EnvObject t0="-113.377" t1="-14.8195" t2="-45.7997" s0="0.435694" s1="0.435694" s2="0.435694" r0="-0.991193" r1="0.00490468" r2="-0.13236" r3="0" r4="0.00335138" r5="0.999923" r6="0.0119556" r7="0" r8="0.132408" r9="0.0114067" r10="-0.991133" r11="0" r12="0" r13="0" r14="0" r15="1" id="52" color_r="1" color_g="1" color_b="1" type_file="Data/Objects/Environment/Land/sandstone_spire.xml">
        <parameters />
    </EnvObject>
    <EnvObject t0="-292.888" t1="-17.2901" t2="-52.7777" s0="1.20638" s1="1.20638" s2="1.20638" r0="-0.421306" r1="-0.135259" r2="0.896773" r3="0" r4="0.00535245" r5="0.988428" r6="0.151597" r7="0" r8="-0.9069" r9="0.0686692" r10="-0.415707" r11="0" r12="0" r13="0" r14="0" r15="1" id="53" color_r="1" color_g="1" color_b="1" type_file="Data/Objects/Environment/Land/jagged_outcrop.xml">
        <parameters />
    </EnvObject>
    <EnvObject t0="-144.921" t1="-4.4212" t2="-27.0668" s0="0.59909" s1="0.583677" s2="0.583677" r0="0.686274" r1="-4.72139e-008" r2="0.727343" r3="0" r4="-4.72139e-008" r5="1" r6="1.09461e-007" r7="0" r8="-0.727343" r9="-1.09461e-007" r10="0.686274" r11="0" r12="0" r13="0" r14="0" r15="1" id="54" color_r="1" color_g="1" color_b="1" type_file="Data/Objects/Buildings/cat_town/medium_block.xml">
        <parameters />
    </EnvObject>
    <EnvObject t0="-148.989" t1="-0.579811" t2="-30.3955" s0="1.45081" s1="1.45081" s2="1.45081" r0="0.5" r1="-5.96046e-008" r2="-0.866025" r3="0" r4="-5.96046e-008" r5="1" r6="-1.03238e-007" r7="0" r8="0.866025" r9="1.03238e-007" r10="0.5" r11="0" r12="0" r13="0" r14="0" r15="1" id="55" color_r="1" color_g="1" color_b="1" type_file="Data/Objects/Buildings/cat_town/medium_tower.xml">
        <parameters />
    </EnvObject>
    <EnvObject t0="-178.769" t1="-9.41832" t2="-54.0313" s0="0.578958" s1="0.701208" s2="0.701208" r0="-0.866026" r1="1.15147e-007" r2="0.5" r3="0" r4="1.15147e-007" r5="1" r6="-3.08536e-008" r7="0" r8="-0.5" r9="3.08536e-008" r10="-0.866026" r11="0" r12="0" r13="0" r14="0" r15="1" id="56" color_r="1" color_g="1" color_b="1" type_file="Data/Objects/Buildings/cat_town/window_block.xml">
        <parameters />
    </EnvObject>
    <EnvObject t0="-160.419" t1="-10.145" t2="-25.9006" s0="1.26865" s1="1.36702" s2="1.78771" r0="-0.866025" r1="5.75737e-008" r2="0.5" r3="0" r4="5.75737e-008" r5="1" r6="-1.54268e-008" r7="0" r8="-0.5" r9="1.54268e-008" r10="-0.866025" r11="0" r12="0" r13="0" r14="0" r15="1" id="57" color_r="1" color_g="1" color_b="1" type_file="Data/Objects/Buildings/cat_town/ramp_floor.xml">
        <parameters />
    </EnvObject>
    <EnvObject t0="-180.186" t1="-4.23013" t2="-56.4529" s0="2.51505" s1="2.51505" s2="2.51505" r0="-0.866025" r1="1.78814e-007" r2="0.5" r3="0" r4="-0.25" r5="0.866025" r6="-0.433013" r7="0" r8="-0.433013" r9="-0.5" r10="-0.75" r11="0" r12="0" r13="0" r14="0" r15="1" id="58" color_r="1" color_g="1" color_b="1" type_file="Data/Objects/Buildings/Roofs/china_roof.xml">
        <parameters />
    </EnvObject>
    <EnvObject t0="-178.534" t1="-2.35894" t2="-53.607" s0="1.88253" s1="1.88254" s2="2.74427" r0="0.433013" r1="0.5" r2="0.75" r3="0" r4="-0.25" r5="0.866025" r6="-0.433013" r7="0" r8="-0.866025" r9="1.49012e-007" r10="0.5" r11="0" r12="0" r13="0" r14="0" r15="1" id="59" color_r="1" color_g="1" color_b="1" type_file="Data/Objects/Buildings/Roofs/china_roof_trim.xml">
        <parameters />
    </EnvObject>
    <EnvObject t0="-175.323" t1="-5.41806" t2="-55.5217" s0="2.09978" s1="2.09978" s2="2.09978" r0="-0.866026" r1="1.15147e-007" r2="0.5" r3="0" r4="1.15147e-007" r5="1" r6="-3.08536e-008" r7="0" r8="-0.5" r9="3.08536e-008" r10="-0.866026" r11="0" r12="0" r13="0" r14="0" r15="1" id="60" color_r="1" color_g="1" color_b="1" type_file="Data/Objects/Buildings/Post1.xml">
        <parameters />
    </EnvObject>
    <EnvObject t0="-181.545" t1="-5.41806" t2="-51.9294" s0="2.09978" s1="2.09978" s2="2.09978" r0="-0.866025" r1="1.15147e-007" r2="0.5" r3="0" r4="1.15147e-007" r5="1" r6="-3.08536e-008" r7="0" r8="-0.5" r9="3.08536e-008" r10="-0.866025" r11="0" r12="0" r13="0" r14="0" r15="1" id="61" color_r="1" color_g="1" color_b="1" type_file="Data/Objects/Buildings/Post1.xml">
        <parameters />
    </EnvObject>
    <EnvObject t0="-179.057" t1="-6.2949" t2="-54.8004" s0="1" s1="1" s2="1" r0="0.866025" r1="0" r2="-0.5" r3="0" r4="0" r5="1" r6="0" r7="0" r8="0.5" r9="0" r10="0.866025" r11="0" r12="0" r13="0" r14="0" r15="1" id="62" color_r="1" color_g="1" color_b="1" type_file="Data/Custom/twowolves/decor_trapdoor/jims_trapdoor.xml">
        <parameters />
    </EnvObject>
    <EnvObject t0="-149.167" t1="-5.26623" t2="-21.2448" s0="0.789843" s1="0.577483" s2="0.789843" r0="-0.5" r1="5.16191e-008" r2="0.866025" r3="0" r4="5.16191e-008" r5="1" r6="-2.98023e-008" r7="0" r8="-0.866025" r9="2.98023e-008" r10="-0.5" r11="0" r12="0" r13="0" r14="0" r15="1" id="63" color_r="1" color_g="1" color_b="1" type_file="Data/Objects/Buildings/cat_town/slope_arch.xml">
        <parameters />
    </EnvObject>
    <EnvObject t0="-142.355" t1="-4.7008" t2="-20.0982" s0="0.845822" s1="0.845822" s2="0.845822" r0="0.866025" r1="0" r2="0.5" r3="0" r4="-0" r5="1" r6="0" r7="0" r8="-0.5" r9="-0" r10="0.866025" r11="0" r12="0" r13="0" r14="0" r15="1" id="64" color_r="1" color_g="1" color_b="1" type_file="Data/Objects/Buildings/terraces/cat_stairs.xml">
        <parameters />
    </EnvObject>
    <EnvObject t0="-156.906" t1="0.274458" t2="-11.3313" s0="1" s1="1" s2="1" r0="1" r1="0" r2="0" r3="0" r4="0" r5="1" r6="0" r7="0" r8="0" r9="0" r10="1" r11="0" r12="0" r13="0" r14="0" r15="1" id="65" color_r="1" color_g="1" color_b="1" type_file="C:\Program Files (x86)\Steam\steamapps\common\Overgrowth\Data\Custom\timbles\therium-2\Objects\Bell.xml">
        <parameters />
    </EnvObject>
    <EnvObject t0="-159.595" t1="-6.98865" t2="-28.7717" s0="1" s1="1" s2="1" r0="-0.707423" r1="5.50726e-008" r2="0.706791" r3="0" r4="5.50726e-008" r5="1" r6="-2.27974e-008" r7="0" r8="-0.706791" r9="2.27974e-008" r10="-0.707423" r11="0" r12="0" r13="0" r14="0" r15="1" id="66" color_r="1" color_g="1" color_b="1" type_file="Data/Objects/Buildings/stairs1.xml">
        <parameters />
    </EnvObject>
    <EnvObject t0="-160.226" t1="-7.77396" t2="-29.4042" s0="1" s1="1" s2="1" r0="-0.707422" r1="5.50726e-008" r2="0.706791" r3="0" r4="5.50726e-008" r5="1" r6="-2.27974e-008" r7="0" r8="-0.706791" r9="2.27974e-008" r10="-0.707422" r11="0" r12="0" r13="0" r14="0" r15="1" id="67" color_r="1" color_g="1" color_b="1" type_file="Data/Objects/Buildings/stairs1.xml">
        <parameters />
    </EnvObject>
    <EnvObject t0="-160.302" t1="-9.67949" t2="-29.3395" s0="0.388355" s1="0.693276" s2="0.693277" r0="0.676182" r1="-0.0374076" r2="-0.735785" r3="0" r4="0.567504" r5="0.663311" r6="0.487811" r7="0" r8="0.469807" r9="-0.747409" r10="0.469747" r11="0" r12="0" r13="0" r14="0" r15="1" id="68" color_r="1" color_g="1" color_b="1" type_file="Data/Objects/Buildings/cat_town/medium_tower.xml">
        <parameters />
    </EnvObject>
</ActorObjects>
