<?xml version="2.0" ?>
<Type>saved</Type>
<Name></Name>
<Description></Description>
<Shader>post</Shader>
<Terrain>
    <Heightmap>Data/Textures/Terrain/painted_desert/painted_desert_hm.png</Heightmap>
    <DetailMap></DetailMap>
    <ColorMap>Data/Textures/Terrain/painted_desert/painted_desert_c.tga</ColorMap>
    <DetailMaps>
        <DetailMap colorpath="Data/Textures/Terrain/DetailTextures/pebbles.tga" normalpath="Data/Textures/Terrain/DetailTextures/pebbles_normal.tga" materialpath="Data/Materials/gravel.xml" />
        <DetailMap colorpath="Data/Textures/Terrain/DetailTextures/dead_grass.tga" normalpath="Data/Textures/Terrain/DetailTextures/dead_grass_normal.tga" materialpath="Data/Materials/drygrass.xml" />
        <DetailMap colorpath="Data/Textures/Terrain/DetailTextures/sandwaves.tga" normalpath="Data/Textures/Terrain/DetailTextures/sandwaves_normal.tga" materialpath="Data/Materials/sand.xml" />
        <DetailMap colorpath="Data/Textures/Terrain/DetailTextures/red_dirt.tga" normalpath="Data/Textures/Terrain/DetailTextures/red_dirt_normal.tga" materialpath="Data/Materials/dirt.xml" />
    </DetailMaps>
    <DetailObjects />
</Terrain>
<OutOfDate Shadow="true" AO="true" NavMesh="true" />
<SpawnPoints>
    <SpawnPoint t0="0" t1="200" t2="0" s0="1" s1="1" s2="1" r0="1" r1="0" r2="0" r3="0" r4="0" r5="1" r6="0" r7="0" r8="0" r9="0" r10="1" r11="0" r12="0" r13="0" r14="0" r15="1" />
</SpawnPoints>
<AmbientSounds />
<Script>Data/Scripts/challengelevel.as</Script>
<LevelScriptParameters>
    <parameter name="Achievements" type="string" val="flawless, no_injuries, no_kills" />
    <parameter name="Level Boundaries" type="int" val="1" />
    <parameter name="Objectives" type="string" val="destroy_all" />
</LevelScriptParameters>
<Sky>
    <DomeTexture>Data/Textures/skies/AltoStratus1.tga</DomeTexture>
    <SunAngularRad>0.191282</SunAngularRad>
    <SunColorAngle>322.925</SunColorAngle>
    <RayToSun r0="0.002267" r1="0.691823" r2="0.722064" />
    <ExtraAO>0</ExtraAO>
    <SkyRotation>0</SkyRotation>
</Sky>
<ActorObjects>
    <ActorObject t0="138.585" t1="7.58607" t2="17.5614" s0="1" s1="1" s2="1" r0="-0.661172" r1="2.45332e-008" r2="0.750234" r3="0" r4="-2.45332e-008" r5="1" r6="-5.43216e-008" r7="0" r8="-0.750234" r9="-5.43216e-008" r10="-0.661172" r11="0" r12="0" r13="0" r14="0" r15="1" id="1" type_file="Data/Custom/timbles/therium-2/Objects/IGF_Characters/ghost.xml" is_player="1">
        <parameters>
            <parameter name="Aggression" type="float" val="0.5" />
            <parameter name="Attack Damage" type="float" val="1" />
            <parameter name="Attack Knockback" type="float" val="1" />
            <parameter name="Attack Speed" type="float" val="1" />
            <parameter name="Block Follow-up" type="float" val="0.5" />
            <parameter name="Block Skill" type="float" val="0.5" />
            <parameter name="Character Scale" type="float" val="1" />
            <parameter name="Damage Resistance" type="float" val="1" />
            <parameter name="Ear Size" type="float" val="1" />
            <parameter name="Fat" type="float" val="0.5" />
            <parameter name="Ground Aggression" type="float" val="0.5" />
            <parameter name="Left handed" type="int" val="0" />
            <parameter name="Lives" type="int" val="1" />
            <parameter name="Movement Speed" type="float" val="1" />
            <parameter name="Muscle" type="float" val="0.5" />
            <parameter name="Teams" type="string" val="player, Ghost" />
        </parameters>
        <Connections>
            <Connection id="-1" />
        </Connections>
        <ItemConnections />
        <Palette />
    </ActorObject>
    <EnvObject t0="171.039" t1="1.6717" t2="45.3456" s0="4.10085" s1="4.10085" s2="4.10085" r0="-0.261177" r1="-0.613861" r2="0.744957" r3="0" r4="0.595813" r5="0.504673" r6="0.62475" r7="0" r8="-0.759469" r9="0.607026" r10="0.233937" r11="0" r12="0" r13="0" r14="0" r15="1" id="2" color_r="0.2" color_g="0.168627" color_b="0.14902" type_file="Data/Objects/Environment/rocks/BlockyStone1.xml">
        <parameters />
    </EnvObject>
    <EnvObject t0="137.693" t1="5.99463" t2="16.7208" s0="1.01956" s1="1.01956" s2="1.01956" r0="-0.682768" r1="3.2351e-007" r2="0.730635" r3="0" r4="2.69982e-007" r5="1" r6="-1.90485e-007" r7="0" r8="-0.730635" r9="6.72012e-008" r10="-0.682768" r11="0" r12="0" r13="0" r14="0" r15="1" id="3" color_r="1" color_g="1" color_b="1" type_file="Data/Objects/Buildings/stairs1.xml">
        <parameters />
    </EnvObject>
    <EnvObject t0="136.985" t1="5.13723" t2="16.0839" s0="1.01956" s1="1.01956" s2="1.01956" r0="-0.682768" r1="4.4272e-007" r2="0.730635" r3="0" r4="3.296e-007" r5="1" r6="-2.97932e-007" r7="0" r8="-0.730635" r9="3.73989e-008" r10="-0.682768" r11="0" r12="0" r13="0" r14="0" r15="1" id="4" color_r="1" color_g="1" color_b="1" type_file="Data/Objects/Buildings/stairs1.xml">
        <parameters />
    </EnvObject>
    <EnvObject t0="140.281" t1="3.77073" t2="18.9675" s0="1.01956" s1="0.362525" s2="1.01956" r0="0.682768" r1="-1.56824e-007" r2="-0.730635" r3="0" r4="6.187e-008" r5="1" r6="-1.56824e-007" r7="0" r8="0.730635" r9="6.187e-008" r10="0.682768" r11="0" r12="0" r13="0" r14="0" r15="1" id="5" color_r="1" color_g="1" color_b="1" type_file="Data/Objects/Buildings/cat_town/babylon_tower.xml">
        <parameters />
    </EnvObject>
    <EnvObject t0="137.508" t1="4.95903" t2="16.4994" s0="0.33888" s1="0.379195" s2="0.286584" r0="0.682768" r1="-2.08616e-007" r2="-0.730635" r3="0" r4="0.574009" r5="0.618697" r6="0.536403" r7="0" r8="0.452042" r9="-0.78563" r10="0.422427" r11="0" r12="0" r13="0" r14="0" r15="1" id="6" color_r="1" color_g="1" color_b="1" type_file="Data/Objects/Crete/CreteBlockStandard.xml">
        <parameters />
    </EnvObject>
    <EnvObject t0="140.199" t1="8.14173" t2="19.0346" s0="1.01956" s1="1.01956" s2="1.01956" r0="0.682768" r1="-1.56824e-007" r2="-0.730635" r3="0" r4="6.187e-008" r5="1" r6="-1.56824e-007" r7="0" r8="0.730635" r9="6.187e-008" r10="0.682768" r11="0" r12="0" r13="0" r14="0" r15="1" id="7" color_r="1" color_g="1" color_b="1" type_file="Data/Custom/twowolves/landmark_lantern/jims_lantern.xml">
        <parameters />
    </EnvObject>
    <EnvObject t0="178.095" t1="1.78875" t2="55.5539" s0="4.10085" s1="4.10085" s2="4.10085" r0="0.0988465" r1="-0.967865" r2="0.231229" r3="0" r4="0.98447" r5="0.0612365" r6="-0.164524" r7="0" r8="0.145077" r9="0.243901" r10="0.958887" r11="0" r12="0" r13="0" r14="0" r15="1" id="23" color_r="0.2" color_g="0.168627" color_b="0.14902" type_file="Data/Objects/Environment/rocks/BlockyStone1.xml">
        <parameters />
    </EnvObject>
    <EnvObject t0="124.115" t1="-12.9488" t2="-7.36669" s0="4.10085" s1="4.10085" s2="4.10085" r0="-0.169103" r1="0.394959" r2="0.903001" r3="0" r4="0.903243" r5="0.428736" r6="-0.0183749" r7="0" r8="-0.394407" r9="0.812522" r10="-0.429245" r11="0" r12="0" r13="0" r14="0" r15="1" id="24" color_r="0.2" color_g="0.168627" color_b="0.14902" type_file="Data/Objects/Environment/rocks/BlockyStone1.xml">
        <parameters />
    </EnvObject>
    <EnvObject t0="124.951" t1="-24.402" t2="-14.0445" s0="6.92233" s1="6.92233" s2="6.92233" r0="-0.0390504" r1="0.980823" r2="-0.190947" r3="0" r4="0.645429" r5="-0.121122" r6="-0.754155" r7="0" r8="-0.762821" r9="-0.152693" r10="-0.628322" r11="0" r12="0" r13="0" r14="0" r15="1" id="25" color_r="0.2" color_g="0.168627" color_b="0.14902" type_file="Data/Objects/Environment/rocks/BlockyStone1.xml">
        <parameters />
    </EnvObject>
    <EnvObject t0="121.448" t1="-27.4118" t2="-29.2748" s0="6.92233" s1="6.92233" s2="6.92233" r0="-0.507544" r1="-0.382037" r2="0.7723" r3="0" r4="0.0144974" r5="0.892415" r6="0.450982" r7="0" r8="-0.861504" r9="0.24009" r10="-0.447401" r11="0" r12="0" r13="0" r14="0" r15="1" id="26" color_r="0.2" color_g="0.168627" color_b="0.14902" type_file="Data/Objects/Environment/rocks/BlockyStone1.xml">
        <parameters />
    </EnvObject>
    <EnvObject t0="82.652" t1="-4.12158" t2="38.4005" s0="2.3475" s1="2.3475" s2="2.3475" r0="0.836461" r1="0.0794179" r2="0.542241" r3="0" r4="-0.182855" r5="0.973187" r6="0.139537" r7="0" r8="-0.51662" r9="-0.215869" r10="0.828555" r11="0" r12="0" r13="0" r14="0" r15="1" id="30" color_r="0.254902" color_g="0.254902" color_b="0.254902" type_file="Data/Objects/Crete/CreteBlockStandard.xml">
        <parameters />
    </EnvObject>
    <EnvObject t0="147.79" t1="-2.82742" t2="3.71636" s0="1.78336" s1="2.81394" s2="1.99456" r0="0.326352" r1="0.869949" r2="-0.369707" r3="0" r4="-0.941164" r5="0.262737" r6="-0.212554" r7="0" r8="-0.0877751" r9="0.417322" r10="0.90451" r11="0" r12="0" r13="0" r14="0" r15="1" id="36" color_r="0.2" color_g="0.168627" color_b="0.14902" type_file="Data/Objects/Environment/rocks/BlockyStone1.xml">
        <parameters />
    </EnvObject>
    <EnvObject t0="140.509" t1="-1.75383" t2="36.6452" s0="1.78336" s1="2.81394" s2="1.99456" r0="0.48111" r1="-0.224069" r2="0.847541" r3="0" r4="0.455277" r5="0.890049" r6="-0.0231324" r7="0" r8="-0.74917" r9="0.396995" r10="0.530225" r11="0" r12="0" r13="0" r14="0" r15="1" id="37" color_r="0.2" color_g="0.168627" color_b="0.14902" type_file="Data/Objects/Environment/rocks/BlockyStone1.xml">
        <parameters />
    </EnvObject>
    <EnvObject t0="139.842" t1="-1.35951" t2="36.5808" s0="1.78336" s1="2.81394" s2="1.99456" r0="-0.297475" r1="-0.273135" r2="0.914826" r3="0" r4="0.69517" r5="0.594821" r6="0.403642" r7="0" r8="-0.654406" r9="0.756033" r10="0.0129308" r11="0" r12="0" r13="0" r14="0" r15="1" id="38" color_r="0.2" color_g="0.168627" color_b="0.14902" type_file="Data/Objects/Environment/rocks/BlockyStone1.xml">
        <parameters />
    </EnvObject>
    <EnvObject t0="108.699" t1="17.1034" t2="10.615" s0="1.39847" s1="1.39847" s2="1.39847" r0="5.96046e-008" r1="0" r2="1" r3="0" r4="-0" r5="1" r6="0" r7="0" r8="-1" r9="-0" r10="5.96046e-008" r11="0" r12="0" r13="0" r14="0" r15="1" id="39" color_r="0.384314" color_g="0.384314" color_b="0.384314" type_file="Data/Objects/Buildings/arena/arena_vip_gate.xml">
        <parameters />
    </EnvObject>
    <EnvObject t0="108.629" t1="36.7041" t2="10.6892" s0="1" s1="0.999999" s2="1.56537" r0="0.961316" r1="0.275447" r2="7.56044e-008" r3="0" r4="-0.275447" r5="0.961316" r6="1.09761e-007" r7="0" r8="-4.24464e-008" r9="-1.2634e-007" r10="1" r11="0" r12="0" r13="0" r14="0" r15="1" id="40" color_r="0.313726" color_g="0.313726" color_b="0.313726" type_file="Data/Objects/Buildings/arena/arena_vip_roof.xml">
        <parameters />
    </EnvObject>
    <EnvObject t0="118.084" t1="0.390576" t2="29.8718" s0="8.98506" s1="8.98506" s2="8.98506" r0="0.153317" r1="0.237169" r2="-0.959294" r3="0" r4="-0.371029" r5="0.913561" r6="0.166564" r7="0" r8="0.915877" r9="0.330389" r10="0.228061" r11="0" r12="0" r13="0" r14="0" r15="1" id="41" color_r="1" color_g="1" color_b="1" type_file="Data/Objects/Buildings/arena/arena_statue_standing.xml">
        <parameters />
    </EnvObject>
    <EnvObject t0="116.746" t1="-3.37418" t2="29.4636" s0="8.98506" s1="8.98506" s2="8.98506" r0="-0.903452" r1="-0.208759" r2="-0.374425" r3="0" r4="0.291813" r5="0.340342" r6="-0.893875" r7="0" r8="0.314037" r9="-0.916835" r10="-0.246564" r11="0" r12="0" r13="0" r14="0" r15="1" id="42" color_r="1" color_g="1" color_b="1" type_file="Data/Objects/Buildings/arena/arena_statue_standing.xml">
        <parameters />
    </EnvObject>
    <EnvObject t0="117.328" t1="-4.60946" t2="28.1725" s0="1.04528" s1="1.04528" s2="1.04528" r0="0.230458" r1="-0.190866" r2="0.95418" r3="0" r4="-0.180161" r5="0.955253" r6="0.234593" r7="0" r8="-0.956259" r9="-0.22597" r10="0.18576" r11="0" r12="0" r13="0" r14="0" r15="1" id="43" color_r="1" color_g="1" color_b="1" type_file="Data/Objects/Crete/hex_crete_rubble.xml">
        <parameters />
    </EnvObject>
    <EnvObject t0="115.815" t1="-3.76283" t2="25.8787" s0="1.04528" s1="1.04528" s2="1.04528" r0="0.442995" r1="-0.157979" r2="0.882495" r3="0" r4="-0.031459" r5="0.981007" r6="0.191406" r7="0" r8="-0.895972" r9="-0.112554" r10="0.429611" r11="0" r12="0" r13="0" r14="0" r15="1" id="44" color_r="1" color_g="1" color_b="1" type_file="Data/Objects/Crete/hex_crete_rubble.xml">
        <parameters />
    </EnvObject>
    <Decal t0="109.692" t1="-2.35796" t2="10.5779" s0="15.5111" s1="4.07383" s2="7.06105" r0="0.988957" r1="0.1482" r2="7.42998e-008" r3="0" r4="-0.1482" r5="0.988957" r6="-5.53618e-009" r7="0" r8="-7.42998e-008" r9="-5.53618e-009" r10="1" r11="0" r12="0" r13="0" r14="0" r15="1" id="45" type_file="Data/Objects/Decals/DarkStonyDirt.xml" i="0" color_r="0.486275" color_g="0.431373" color_b="0.392157">
        <parameters />
    </Decal>
    <Decal t0="117.658" t1="-1.61581" t2="10.7066" s0="15.5305" s1="5.55819" s2="7.18726" r0="-0.99521" r1="2.2325e-008" r2="-0.0977608" r3="0" r4="2.2325e-008" r5="1" r6="1.09387e-009" r7="0" r8="0.0977608" r9="-1.09387e-009" r10="-0.99521" r11="0" r12="0" r13="0" r14="0" r15="1" id="46" type_file="Data/Objects/Decals/DarkStonyDirt.xml" i="0" color_r="0.486275" color_g="0.431373" color_b="0.392157">
        <parameters />
    </Decal>
    <Decal t0="95.3543" t1="-4.43165" t2="10.0762" s0="15.5305" s1="2.41059" s2="7.18727" r0="-0.96189" r1="-0.256594" r2="-0.0944877" r3="0" r4="-0.255365" r5="0.966519" r6="-0.0250848" r7="0" r8="0.0977608" r9="4.09782e-008" r10="-0.99521" r11="0" r12="0" r13="0" r14="0" r15="1" id="47" type_file="Data/Objects/Decals/DarkStonyDirt.xml" i="0" color_r="0.486275" color_g="0.431373" color_b="0.392157">
        <parameters />
    </Decal>
    <Decal t0="115.358" t1="11.7632" t2="10.6966" s0="6.2179" s1="1.37481" s2="6.2179" r0="2.38419e-007" r1="-2.38419e-007" r2="1" r3="0" r4="1" r5="2.38419e-007" r6="-2.38419e-007" r7="0" r8="-2.38419e-007" r9="1" r10="2.38419e-007" r11="0" r12="0" r13="0" r14="0" r15="1" id="48" type_file="Data/Objects/Decals/signs/icon_cat.xml" i="0" color_r="0.14902" color_g="0.14902" color_b="0.14902">
        <parameters />
    </Decal>
    <EnvObject t0="104.604" t1="28.2809" t2="9.72914" s0="1" s1="1" s2="1" r0="0.190433" r1="2.08616e-007" r2="-0.9817" r3="0" r4="0.9817" r5="-2.08616e-007" r6="0.190433" r7="0" r8="-2.08616e-007" r9="-1" r10="-2.08616e-007" r11="0" r12="0" r13="0" r14="0" r15="1" id="49" color_r="1" color_g="1" color_b="1" type_file="Data/Objects/Buildings/shops/sign_long_board.xml">
        <parameters />
    </EnvObject>
    <EnvObject t0="105.96" t1="28.2809" t2="10.0579" s0="1" s1="1" s2="1" r0="-0.868464" r1="2.38419e-007" r2="-0.495752" r3="0" r4="0.495752" r5="-5.96046e-008" r6="-0.868464" r7="0" r8="-2.38419e-007" r9="-1" r10="-5.96046e-008" r11="0" r12="0" r13="0" r14="0" r15="1" id="50" color_r="1" color_g="1" color_b="1" type_file="Data/Objects/Buildings/shops/sign_long_board.xml">
        <parameters />
    </EnvObject>
    <EnvObject t0="105.007" t1="28.2809" t2="11.125" s0="1" s1="1" s2="1" r0="-0.998009" r1="1.11759e-007" r2="0.0630743" r3="0" r4="-0.0630743" r5="4.17233e-007" r6="-0.998009" r7="0" r8="-1.41561e-007" r9="-1" r10="-4.76837e-007" r11="0" r12="0" r13="0" r14="0" r15="1" id="51" color_r="1" color_g="1" color_b="1" type_file="Data/Objects/Buildings/shops/sign_long_board.xml">
        <parameters />
    </EnvObject>
    <EnvObject t0="105.117" t1="28.3512" t2="10.1441" s0="1" s1="1" s2="1" r0="0.973886" r1="-2.16067e-007" r2="0.227039" r3="0" r4="-0.227039" r5="-4.46104e-007" r6="0.973886" r7="0" r8="-1.04308e-007" r9="-1" r10="-4.82425e-007" r11="0" r12="0" r13="0" r14="0" r15="1" id="52" color_r="1" color_g="1" color_b="1" type_file="Data/Objects/Buildings/shops/sign_long_board.xml">
        <parameters />
    </EnvObject>
    <EnvObject t0="109.404" t1="25.3682" t2="10.6797" s0="0.322512" s1="0.464537" s2="0.322512" r0="5.96046e-008" r1="0" r2="1" r3="0" r4="-0" r5="1" r6="0" r7="0" r8="-1" r9="-0" r10="5.96046e-008" r11="0" r12="0" r13="0" r14="0" r15="1" id="53" color_r="1" color_g="1" color_b="1" type_file="Data/Objects/Buildings/arena/arena_gate.xml">
        <parameters />
    </EnvObject>
    <EnvObject t0="-34.2032" t1="-19.9927" t2="107.132" s0="1.19166" s1="0.808709" s2="1.19166" r0="0.616261" r1="-0.561341" r2="0.552375" r3="0" r4="0.402903" r5="0.827376" r6="0.391304" r7="0" r8="-0.676677" r9="-0.0185918" r10="0.736045" r11="0" r12="0" r13="0" r14="0" r15="1" id="54" color_r="1" color_g="1" color_b="1" type_file="Data/Objects/Environment/Land/jagged_outcrop.xml">
        <parameters />
    </EnvObject>
    <EnvObject t0="-76.0236" t1="-2.60678" t2="107.78" s0="1.19166" s1="0.808709" s2="1.19166" r0="0.855818" r1="-0.192085" r2="-0.480291" r3="0" r4="0.364067" r5="0.88326" r6="0.295476" r7="0" r8="0.367465" r9="-0.427732" r10="0.825842" r11="0" r12="0" r13="0" r14="0" r15="1" id="55" color_r="1" color_g="1" color_b="1" type_file="Data/Objects/Environment/Land/jagged_outcrop.xml">
        <parameters />
    </EnvObject>
    <EnvObject t0="-10.8725" t1="-67.9459" t2="177.34" s0="1.19166" s1="0.552118" s2="1.19166" r0="0.99107" r1="-0.0955916" r2="-0.0929658" r3="0" r4="0.0834441" r5="0.988416" r6="-0.12677" r7="0" r8="0.104007" r9="0.117881" r10="0.987566" r11="0" r12="0" r13="0" r14="0" r15="1" id="56" color_r="1" color_g="1" color_b="1" type_file="Data/Objects/Environment/Land/jagged_outcrop.xml">
        <parameters />
    </EnvObject>
    <EnvObject t0="213.398" t1="-42.3735" t2="125.075" s0="1.19166" s1="0.700302" s2="1.19166" r0="0.976172" r1="-0.181052" r2="0.119618" r3="0" r4="0.0891676" r5="0.837226" r6="0.539538" r7="0" r8="-0.197832" r9="-0.516016" r10="0.833421" r11="0" r12="0" r13="0" r14="0" r15="1" id="57" color_r="1" color_g="1" color_b="1" type_file="Data/Objects/Environment/Land/jagged_outcrop.xml">
        <parameters />
    </EnvObject>
    <EnvObject t0="255.023" t1="-35.085" t2="89.6646" s0="1.19166" s1="1.29564" s2="1.19149" r0="0.763927" r1="-0.204012" r2="-0.612205" r3="0" r4="0.394239" r5="0.898624" r6="0.192484" r7="0" r8="0.510873" r9="-0.388399" r10="0.766913" r11="0" r12="0" r13="0" r14="0" r15="1" id="58" color_r="1" color_g="1" color_b="1" type_file="Data/Objects/Environment/Land/jagged_outcrop.xml">
        <parameters />
    </EnvObject>
    <EnvObject t0="135.193" t1="-16.9616" t2="-102.348" s0="1.19166" s1="1.29564" s2="1.19149" r0="0.00523737" r1="0.14715" r2="-0.9891" r3="0" r4="-0.0604343" r5="0.987352" r6="0.14657" r7="0" r8="0.998158" r9="0.059008" r10="0.014064" r11="0" r12="0" r13="0" r14="0" r15="1" id="59" color_r="1" color_g="1" color_b="1" type_file="Data/Objects/Environment/Land/jagged_outcrop.xml">
        <parameters />
    </EnvObject>
    <EnvObject t0="-25.4528" t1="-30.2222" t2="-39.0101" s0="1.55182" s1="1.55182" s2="1.55182" r0="-0.993974" r1="-0.0763511" r2="0.0786556" r3="0" r4="-0.0565635" r5="0.971875" r6="0.228605" r7="0" r8="-0.0938976" r9="0.222779" r10="-0.970337" r11="0" r12="0" r13="0" r14="0" r15="1" id="60" color_r="1" color_g="1" color_b="1" type_file="Data/Objects/Environment/Land/sandstone_spire.xml">
        <parameters />
    </EnvObject>
    <EnvObject t0="-22.9475" t1="-52.6435" t2="-67.6032" s0="1.38917" s1="1.38917" s2="1.38917" r0="0.931784" r1="0.241713" r2="-0.270839" r3="0" r4="-0.199064" r5="0.964127" r6="0.175593" r7="0" r8="0.303566" r9="-0.1097" r10="0.946474" r11="0" r12="0" r13="0" r14="0" r15="1" id="61" color_r="1" color_g="1" color_b="1" type_file="Data/Objects/Environment/Land/sandstone_spire.xml">
        <parameters />
    </EnvObject>
    <EnvObject t0="56.8477" t1="1.77625" t2="8.1007" s0="1.69404" s1="1.69404" s2="1.69404" r0="-0.00228035" r1="-8.43898e-008" r2="-0.999997" r3="0" r4="-8.43898e-008" r5="1" r6="-8.41975e-008" r7="0" r8="0.999997" r9="8.41975e-008" r10="-0.00228035" r11="0" r12="0" r13="0" r14="0" r15="1" id="62" color_r="1" color_g="1" color_b="1" type_file="Data/Objects/Environment/Land/sandstone_bridge.xml">
        <parameters />
    </EnvObject>
    <EnvObject t0="88.6158" t1="3.2718" t2="-5.00573" s0="2.14073" s1="2.14073" s2="2.14073" r0="1" r1="0" r2="0" r3="0" r4="0" r5="1" r6="0" r7="0" r8="0" r9="0" r10="1" r11="0" r12="0" r13="0" r14="0" r15="1" id="63" color_r="0.368627" color_g="0.368627" color_b="0.368627" type_file="Data/Objects/Buildings/cat_town/babylon_tower.xml">
        <parameters />
    </EnvObject>
    <EnvObject t0="88.6158" t1="3.2718" t2="27.1378" s0="2.14073" s1="2.14073" s2="2.14073" r0="-1" r1="2.78181e-008" r2="-5.96046e-008" r3="0" r4="2.78181e-008" r5="1" r6="8.29043e-016" r7="0" r8="5.96046e-008" r9="-8.29043e-016" r10="-1" r11="0" r12="0" r13="0" r14="0" r15="1" id="64" color_r="0.368627" color_g="0.368627" color_b="0.368627" type_file="Data/Objects/Buildings/cat_town/babylon_tower.xml">
        <parameters />
    </EnvObject>
    <Decal t0="86.3295" t1="-6.11987" t2="11.5333" s0="20.5921" s1="12.2668" s2="18.5332" r0="0.986014" r1="0.120405" r2="-0.115234" r3="0" r4="-0.13307" r5="0.985053" r6="-0.109376" r7="0" r8="0.100342" r9="0.12318" r10="0.987298" r11="0" r12="0" r13="0" r14="0" r15="1" id="65" type_file="Data/Objects/Decals/WhiteRocksAndDirt.xml" i="0" color_r="0.447059" color_g="0.364706" color_b="0.278431">
        <parameters />
    </Decal>
    <EnvObject t0="84.6538" t1="-9.55272" t2="2.46914" s0="1.87582" s1="1.87582" s2="1.87582" r0="0.530056" r1="0.126014" r2="0.838547" r3="0" r4="-0.0683004" r5="0.992028" r6="-0.105905" r7="0" r8="-0.845207" r9="-0.0011375" r10="0.534437" r11="0" r12="0" r13="0" r14="0" r15="1" id="66" color_r="0.145098" color_g="0.145098" color_b="0.145098" type_file="Data/Objects/Crete/hex_crete_rubble.xml">
        <parameters />
    </EnvObject>
    <EnvObject t0="87.1669" t1="-6.59865" t2="27.9541" s0="1.87582" s1="1.87582" s2="1.87582" r0="0.986917" r1="0.143234" r2="-0.074021" r3="0" r4="-0.134701" r5="0.984799" r6="0.109667" r7="0" r8="0.0886038" r9="-0.0982615" r10="0.991208" r11="0" r12="0" r13="0" r14="0" r15="1" id="67" color_r="0.145098" color_g="0.145098" color_b="0.145098" type_file="Data/Objects/Crete/hex_crete_rubble.xml">
        <parameters />
    </EnvObject>
    <EnvObject t0="65.6405" t1="-13.1973" t2="4.50776" s0="1.87582" s1="1.87582" s2="1.87582" r0="0.347998" r1="0.234995" r2="0.907565" r3="0" r4="-0.153568" r5="0.969287" r6="-0.192092" r7="0" r8="-0.924832" r9="-0.0725254" r10="0.373398" r11="0" r12="0" r13="0" r14="0" r15="1" id="88" color_r="0.145098" color_g="0.145098" color_b="0.145098" type_file="Data/Objects/Crete/hex_crete_rubble.xml">
        <parameters />
    </EnvObject>
    <EnvObject t0="63.9502" t1="-12.9288" t2="37.0371" s0="1.87582" s1="1.87582" s2="1.87582" r0="0.702235" r1="0.305203" r2="-0.643208" r3="0" r4="-0.167492" r5="0.948917" r6="0.2674" r7="0" r8="0.691962" r9="-0.0800458" r10="0.717482" r11="0" r12="0" r13="0" r14="0" r15="1" id="89" color_r="0.145098" color_g="0.145098" color_b="0.145098" type_file="Data/Objects/Crete/hex_crete_rubble.xml">
        <parameters />
    </EnvObject>
    <EnvObject t0="40.788" t1="-18.323" t2="47.3921" s0="1.87582" s1="1.87582" s2="1.87582" r0="0.835603" r1="0.22509" r2="-0.501101" r3="0" r4="-0.166289" r5="0.973044" r6="0.159789" r7="0" r8="0.52356" r9="-0.0501924" r10="0.850509" r11="0" r12="0" r13="0" r14="0" r15="1" id="90" color_r="0.145098" color_g="0.145098" color_b="0.145098" type_file="Data/Objects/Crete/hex_crete_rubble.xml">
        <parameters />
    </EnvObject>
    <EnvObject t0="37.7178" t1="-20.8334" t2="-6.68724" s0="1.87582" s1="1.87582" s2="1.87582" r0="0.976976" r1="0.208178" r2="-0.0466831" r3="0" r4="-0.213343" r5="0.954779" r6="-0.207078" r7="0" r8="0.00146295" r9="0.21227" r10="0.97721" r11="0" r12="0" r13="0" r14="0" r15="1" id="91" color_r="0.145098" color_g="0.145098" color_b="0.145098" type_file="Data/Objects/Crete/hex_crete_rubble.xml">
        <parameters />
    </EnvObject>
    <EnvObject t0="23.5505" t1="-19.661" t2="7.58745" s0="3.922" s1="3.922" s2="3.922" r0="-1.19209e-007" r1="-8.42937e-008" r2="-1" r3="0" r4="-8.42937e-008" r5="1" r6="-8.42937e-008" r7="0" r8="1" r9="8.42937e-008" r10="-1.19209e-007" r11="0" r12="0" r13="0" r14="0" r15="1" id="92" color_r="1" color_g="1" color_b="1" type_file="Data/Objects/Buildings/ruins/Ruins1Wall.xml">
        <parameters />
    </EnvObject>
    <EnvObject t0="25.2486" t1="-17.9606" t2="8.30626" s0="3.922" s1="3.922" s2="3.922" r0="5.96046e-008" r1="-8.42937e-008" r2="-1" r3="0" r4="-8.42937e-008" r5="1" r6="-8.42937e-008" r7="0" r8="1" r9="8.42937e-008" r10="5.96046e-008" r11="0" r12="0" r13="0" r14="0" r15="1" id="93" color_r="1" color_g="1" color_b="1" type_file="Data/Objects/Buildings/ruins/Ruins1Wall.xml">
        <parameters />
    </EnvObject>
    <EnvObject t0="29.4652" t1="-6.60139" t2="32.6974" s0="2.17585" s1="2.17585" s2="2.17585" r0="1" r1="0" r2="0" r3="0" r4="0" r5="1" r6="0" r7="0" r8="0" r9="0" r10="1" r11="0" r12="0" r13="0" r14="0" r15="1" id="94" color_r="0.266667" color_g="0.266667" color_b="0.266667" type_file="Data/Objects/Buildings/arena/arena_pillar.xml">
        <parameters />
    </EnvObject>
    <EnvObject t0="30.1703" t1="-17.031" t2="32.5348" s0="0.909568" s1="0.909568" s2="0.909568" r0="0.807917" r1="0.149759" r2="-0.56995" r3="0" r4="-0.11462" r5="0.988633" r6="0.0972952" r7="0" r8="0.578042" r9="-0.0132788" r10="0.815899" r11="0" r12="0" r13="0" r14="0" r15="1" id="95" color_r="0.294118" color_g="0.294118" color_b="0.294118" type_file="Data/Objects/Crete/hex_crete_rubble.xml">
        <parameters />
    </EnvObject>
    <EnvObject t0="29.6609" t1="-18.0907" t2="35.6607" s0="0.909568" s1="0.909568" s2="0.909568" r0="0.652231" r1="0.158756" r2="-0.741209" r3="0" r4="-0.0743388" r5="0.986505" r6="0.14588" r7="0" r8="0.754366" r9="-0.0400469" r10="0.655231" r11="0" r12="0" r13="0" r14="0" r15="1" id="96" color_r="0.294118" color_g="0.294118" color_b="0.294118" type_file="Data/Objects/Crete/hex_crete_rubble.xml">
        <parameters />
    </EnvObject>
    <EnvObject t0="15.1506" t1="-2.47881" t2="32.2583" s0="1.46533" s1="1.46533" s2="1.46533" r0="1" r1="0" r2="0" r3="0" r4="0" r5="1" r6="0" r7="0" r8="0" r9="0" r10="1" r11="0" r12="0" r13="0" r14="0" r15="1" id="97" color_r="0.321569" color_g="0.321569" color_b="0.321569" type_file="Data/Objects/Buildings/arena/arena_staircase.xml">
        <parameters />
    </EnvObject>
    <EnvObject t0="9.29338" t1="-6.20064" t2="37.41" s0="1" s1="1" s2="0.86088" r0="0.707026" r1="6.45068e-008" r2="-0.707187" r3="0" r4="-1.55758e-007" r5="1" r6="-6.45068e-008" r7="0" r8="0.707187" r9="1.55758e-007" r10="0.707026" r11="0" r12="0" r13="0" r14="0" r15="1" id="98" color_r="0.321569" color_g="0.321569" color_b="0.321569" type_file="Data/Objects/Buildings/arena/arena_deck_left.xml">
        <parameters />
    </EnvObject>
    <EnvObject t0="0.00270081" t1="-5.31664" t2="40.3187" s0="1.46533" s1="1.46533" s2="1.46533" r0="0.71365" r1="-6.89662e-008" r2="-0.700503" r3="0" r4="6.89662e-008" r5="1" r6="-2.81919e-008" r7="0" r8="0.700503" r9="-2.81919e-008" r10="0.71365" r11="0" r12="0" r13="0" r14="0" r15="1" id="99" color_r="0.321569" color_g="0.321569" color_b="0.321569" type_file="Data/Objects/Buildings/arena/arena_staircase.xml">
        <parameters />
    </EnvObject>
    <EnvObject t0="-2.6217" t1="-5.38731" t2="35.4135" s0="0.999994" s1="1.73383" s2="1.05379" r0="-0.70002" r1="-5.49531e-008" r2="-0.714123" r3="0" r4="-5.49531e-008" r5="1" r6="-2.3084e-008" r7="0" r8="0.714123" r9="2.3084e-008" r10="-0.70002" r11="0" r12="0" r13="0" r14="0" r15="1" id="100" color_r="1" color_g="1" color_b="1" type_file="Data/Objects/Buildings/arena/arena_door.xml">
        <parameters />
    </EnvObject>
    <EnvObject t0="0.666919" t1="-14.0892" t2="30.1436" s0="1.73881" s1="1.73881" s2="1.73881" r0="0.854287" r1="0.0353303" r2="0.5186" r3="0" r4="0.12888" r5="0.952138" r6="-0.277169" r7="0" r8="-0.503571" r9="0.303619" r10="0.808846" r11="0" r12="0" r13="0" r14="0" r15="1" id="101" color_r="0.305882" color_g="0.305882" color_b="0.305882" type_file="Data/Objects/Crete/hex_crete_rubble.xml">
        <parameters />
    </EnvObject>
    <EnvObject t0="29.7129" t1="-16.6206" t2="38.4375" s0="0.102674" s1="0.096503" s2="0.0707036" r0="0.215714" r1="-0.117616" r2="0.969347" r3="0" r4="0.160984" r5="0.983419" r6="0.0834992" r7="0" r8="-0.963095" r9="0.138037" r10="0.231072" r11="0" r12="0" r13="0" r14="0" r15="1" id="102" color_r="0.490196" color_g="0.490196" color_b="0.490196" type_file="Data/Objects/Environment/Land/jagged_outcrop.xml">
        <parameters />
    </EnvObject>
    <EnvObject t0="24.9971" t1="-22.2424" t2="-4.23849" s0="0.102674" s1="0.096503" s2="0.0707036" r0="-0.500311" r1="-0.393568" r2="-0.771228" r3="0" r4="-0.160282" r5="0.917426" r6="-0.364197" r7="0" r8="0.850881" r9="-0.0585981" r10="-0.522081" r11="0" r12="0" r13="0" r14="0" r15="1" id="103" color_r="0.490196" color_g="0.490196" color_b="0.490196" type_file="Data/Objects/Environment/Land/jagged_outcrop.xml">
        <parameters />
    </EnvObject>
    <EnvObject t0="113.951" t1="-7.75726" t2="-0.828459" s0="3.97186" s1="4.36762" s2="2.88766" r0="0.0715465" r1="-0.99672" r2="-0.0378258" r3="0" r4="-0.9655" r5="-0.059686" r6="-0.253472" r7="0" r8="0.250383" r9="0.0546559" r10="-0.966603" r11="0" r12="0" r13="0" r14="0" r15="1" id="104" color_r="0.2" color_g="0.168627" color_b="0.14902" type_file="Data/Objects/Environment/rocks/BlockyStone1.xml">
        <parameters />
    </EnvObject>
    <EnvObject t0="99.835" t1="-5.4298" t2="1.4356" s0="1.34712" s1="1.48136" s2="0.979401" r0="-0.509385" r1="-0.855678" r2="0.0913376" r3="0" r4="-0.0863036" r5="-0.0548071" r6="-0.99476" r7="0" r8="0.8562" r9="-0.514599" r10="-0.0459301" r11="0" r12="0" r13="0" r14="0" r15="1" id="105" color_r="0.2" color_g="0.168627" color_b="0.14902" type_file="Data/Objects/Environment/rocks/BlockyStone1.xml">
        <parameters />
    </EnvObject>
    <ActorObject t0="21.466" t1="-20.2181" t2="6.15853" s0="1" s1="1" s2="1" r0="0.881242" r1="2.90487e-008" r2="0.472665" r3="0" r4="2.90487e-008" r5="1" r6="-1.15616e-007" r7="0" r8="-0.472665" r9="1.15616e-007" r10="0.881242" r11="0" r12="0" r13="0" r14="0" r15="1" id="106" type_file="Data/Objects/IGF_Characters/IGF_GuardActor_reddy.xml" is_player="0">
        <parameters>
            <parameter name="Aggression" type="string" val="0.5" />
            <parameter name="Attack Damage" type="string" val="1" />
            <parameter name="Attack Knockback" type="string" val="1" />
            <parameter name="Attack Speed" type="string" val="1" />
            <parameter name="Block Follow-up" type="string" val="0.5" />
            <parameter name="Block Skill" type="string" val="0.5" />
            <parameter name="Character Scale" type="string" val="1" />
            <parameter name="Damage Resistance" type="string" val="1" />
            <parameter name="Ear Size" type="string" val="1" />
            <parameter name="Fat" type="string" val="0.5" />
            <parameter name="Ground Aggression" type="string" val="0.5" />
            <parameter name="Left handed" type="string" val="0" />
            <parameter name="Lives" type="string" val="1" />
            <parameter name="Movement Speed" type="string" val="1" />
            <parameter name="Muscle" type="string" val="0.5" />
            <parameter name="Teams" type="string" val="guard, ghost, Ghost, player" />
        </parameters>
        <Connections>
            <Connection id="-1" />
        </Connections>
        <ItemConnections>
            <ItemConnection id="107" type="0" mirrored="0" attachment="" />
        </ItemConnections>
        <Palette />
    </ActorObject>
    <ItemObject t0="20.5983" t1="-20.6999" t2="5.1464" s0="1" s1="1" s2="1" r0="1" r1="0" r2="0" r3="0" r4="0" r5="1" r6="0" r7="0" r8="0" r9="0" r10="1" r11="0" r12="0" r13="0" r14="0" r15="1" id="107" type_file="Data/Items/DogWeapons/dogspear.xml" color_r="1" color_g="1" color_b="1">
        <parameters />
    </ItemObject>
    <ActorObject t0="19.541" t1="-20.6098" t2="6.12854" s0="1" s1="1" s2="1" r0="0.999309" r1="4.4331e-009" r2="0.0371812" r3="0" r4="4.4331e-009" r5="1" r6="-2.38377e-007" r7="0" r8="-0.0371812" r9="2.38377e-007" r10="0.999309" r11="0" r12="0" r13="0" r14="0" r15="1" id="108" type_file="Data/Objects/IGF_Characters/IGF_GuardActor_reddy.xml" is_player="0">
        <parameters>
            <parameter name="Aggression" type="string" val="0.5" />
            <parameter name="Attack Damage" type="string" val="1" />
            <parameter name="Attack Knockback" type="string" val="1" />
            <parameter name="Attack Speed" type="string" val="1" />
            <parameter name="Block Follow-up" type="string" val="0.5" />
            <parameter name="Block Skill" type="string" val="0.5" />
            <parameter name="Character Scale" type="string" val="1" />
            <parameter name="Damage Resistance" type="string" val="1" />
            <parameter name="Ear Size" type="string" val="1" />
            <parameter name="Fat" type="string" val="0.5" />
            <parameter name="Ground Aggression" type="string" val="0.5" />
            <parameter name="Left handed" type="string" val="0" />
            <parameter name="Lives" type="string" val="1" />
            <parameter name="Movement Speed" type="string" val="1" />
            <parameter name="Muscle" type="string" val="0.5" />
            <parameter name="Teams" type="string" val="guard, Ghost, ghost, player" />
        </parameters>
        <Connections>
            <Connection id="-1" />
        </Connections>
        <ItemConnections />
        <Palette />
    </ActorObject>
    <ActorObject t0="24.6017" t1="-16.1655" t2="35.2962" s0="1" s1="1" s2="1" r0="-1" r1="-2.78181e-008" r2="5.96046e-008" r3="0" r4="-2.78181e-008" r5="1" r6="8.29043e-016" r7="0" r8="-5.96046e-008" r9="-8.29043e-016" r10="-1" r11="0" r12="0" r13="0" r14="0" r15="1" id="109" type_file="Data/Custom/timbles/therium-2/Objects/IGF_Characters/heavy.xml" is_player="0">
        <parameters>
            <parameter name="Aggression" type="string" val="0.5" />
            <parameter name="Attack Damage" type="string" val="1.2000000000000002" />
            <parameter name="Attack Knockback" type="string" val="1.2000000000000002" />
            <parameter name="Attack Speed" type="string" val="0.9" />
            <parameter name="Block Follow-up" type="string" val="0.5" />
            <parameter name="Block Skill" type="string" val="0.5" />
            <parameter name="Character Scale" type="string" val="1.12" />
            <parameter name="Damage Resistance" type="string" val="1.3" />
            <parameter name="Ear Size" type="string" val="1" />
            <parameter name="Fat" type="string" val="0.5" />
            <parameter name="Ground Aggression" type="string" val="0.5" />
            <parameter name="Left handed" type="string" val="0" />
            <parameter name="Lives" type="string" val="1" />
            <parameter name="Movement Speed" type="string" val="0.8" />
            <parameter name="Muscle" type="string" val="0.6000000000000001" />
            <parameter name="Teams" type="string" val="guard, ghost, Ghost, player" />
        </parameters>
        <Connections>
            <Connection id="-1" />
        </Connections>
        <ItemConnections />
        <Palette>
            <Color label="Clothes" channel="0" red="0.0784314" green="0.27451" blue="0.423529" />
            <Color label="Fur" channel="1" red="0.94902" green="0.776471" blue="0.776471" />
            <Color label="Leather" channel="2" red="0.0784314" green="0.0627451" blue="0.0627451" />
            <Color label="Armor" channel="3" red="0.239216" green="0.247059" blue="0.247059" />
        </Palette>
        <EnvObjectAttachments>
            <EnvObjectAttachment>
                <BoneConnect bone_id="8" num_connections="1" m0="0.992683" m1="0.0885316" m2="-0.0821117" m3="0" m4="-0.0884124" m5="0.996071" m6="0.00509082" m7="0" m8="0.0822398" m9="0.00220612" m10="0.99661" m11="0" m12="0.477864" m13="0.178791" m14="-0.042398" m15="1" />
                <BoneConnect bone_id="9" num_connections="1" m0="0.994642" m1="0.0995123" m2="-0.0279994" m3="0" m4="-0.0969801" m5="0.992016" m6="0.0806188" m7="0" m8="0.0357984" m9="-0.0774715" m10="0.996352" m11="0" m12="0.468111" m13="0.185038" m14="-0.040561" m15="1" />
                <BoneConnect bone_id="-1" num_connections="0" m0="1" m1="0" m2="0" m3="0" m4="0" m5="1" m6="0" m7="0" m8="0" m9="0" m10="1" m11="0" m12="0" m13="0" m14="0" m15="1" />
                <BoneConnect bone_id="-1" num_connections="0" m0="1" m1="0" m2="0" m3="0" m4="0" m5="1" m6="0" m7="0" m8="0" m9="0" m10="1" m11="0" m12="0" m13="0" m14="0" m15="1" />
            </EnvObjectAttachment>
            <EnvObjectAttachment>
                <BoneConnect bone_id="31" num_connections="1" m0="0.994659" m1="0.0105678" m2="0.102674" m3="0" m4="0.0129891" m5="0.974021" m6="-0.226085" m7="0" m8="-0.102396" m9="0.226211" m10="0.968681" m11="0" m12="-0.0171747" m13="0.531875" m14="0.158254" m15="1" />
                <BoneConnect bone_id="-1" num_connections="0" m0="1" m1="0" m2="0" m3="0" m4="0" m5="1" m6="0" m7="0" m8="0" m9="0" m10="1" m11="0" m12="0" m13="0" m14="0" m15="1" />
                <BoneConnect bone_id="-1" num_connections="0" m0="1" m1="0" m2="0" m3="0" m4="0" m5="1" m6="0" m7="0" m8="0" m9="0" m10="1" m11="0" m12="0" m13="0" m14="0" m15="1" />
                <BoneConnect bone_id="-1" num_connections="0" m0="1" m1="0" m2="0" m3="0" m4="0" m5="1" m6="0" m7="0" m8="0" m9="0" m10="1" m11="0" m12="0" m13="0" m14="0" m15="1" />
            </EnvObjectAttachment>
            <EnvObjectAttachment>
                <BoneConnect bone_id="31" num_connections="1" m0="-0.999741" m1="0.0168711" m2="0.0152465" m3="0" m4="0.0121648" m5="0.963273" m6="-0.268248" m7="0" m8="-0.0192122" m9="-0.267993" m10="-0.963229" m11="0" m12="-9.63211e-005" m13="0.545089" m14="-0.012471" m15="1" />
                <BoneConnect bone_id="-1" num_connections="0" m0="1" m1="0" m2="0" m3="0" m4="0" m5="1" m6="0" m7="0" m8="0" m9="0" m10="1" m11="0" m12="0" m13="0" m14="0" m15="1" />
                <BoneConnect bone_id="-1" num_connections="0" m0="1" m1="0" m2="0" m3="0" m4="0" m5="1" m6="0" m7="0" m8="0" m9="0" m10="1" m11="0" m12="0" m13="0" m14="0" m15="1" />
                <BoneConnect bone_id="-1" num_connections="0" m0="1" m1="0" m2="0" m3="0" m4="0" m5="1" m6="0" m7="0" m8="0" m9="0" m10="1" m11="0" m12="0" m13="0" m14="0" m15="1" />
            </EnvObjectAttachment>
            <EnvObjectAttachment>
                <BoneConnect bone_id="17" num_connections="1" m0="0.174599" m1="0.984625" m2="-0.00540553" m3="0" m4="-0.973496" m5="0.171797" m6="-0.150969" m7="0" m8="-0.147719" m9="0.0316214" m10="0.988524" m11="0" m12="-0.173287" m13="0.382465" m14="-0.0386772" m15="1" />
                <BoneConnect bone_id="-1" num_connections="0" m0="1" m1="0" m2="0" m3="0" m4="0" m5="1" m6="0" m7="0" m8="0" m9="0" m10="1" m11="0" m12="0" m13="0" m14="0" m15="1" />
                <BoneConnect bone_id="-1" num_connections="0" m0="1" m1="0" m2="0" m3="0" m4="0" m5="1" m6="0" m7="0" m8="0" m9="0" m10="1" m11="0" m12="0" m13="0" m14="0" m15="1" />
                <BoneConnect bone_id="-1" num_connections="0" m0="1" m1="0" m2="0" m3="0" m4="0" m5="1" m6="0" m7="0" m8="0" m9="0" m10="1" m11="0" m12="0" m13="0" m14="0" m15="1" />
            </EnvObjectAttachment>
            <EnvObjectAttachment>
                <BoneConnect bone_id="4" num_connections="1" m0="0.988239" m1="0.0394262" m2="0.147745" m3="0" m4="-0.0387359" m5="0.999221" m6="-0.00754833" m7="0" m8="-0.147927" m9="0.00173653" m10="0.988997" m11="0" m12="0.16363" m13="0.391085" m14="-0.0226479" m15="1" />
                <BoneConnect bone_id="-1" num_connections="0" m0="1" m1="0" m2="0" m3="0" m4="0" m5="1" m6="0" m7="0" m8="0" m9="0" m10="1" m11="0" m12="0" m13="0" m14="0" m15="1" />
