<?xml version="2.0" ?>
<Type>saved</Type>
<Name></Name>
<Description></Description>
<Shader>post</Shader>
<Terrain>
    <Heightmap>Data/Textures/Terrain/tree_canyon/tree_canyon_hm.png</Heightmap>
    <DetailMap></DetailMap>
    <ColorMap>Data/Textures/Terrain/tree_canyon/tree_canyon_c.tga</ColorMap>
    <WeightMap>Data/Textures/Terrain/tree_canyon/tree_canyon_w.tga</WeightMap>
    <ModelOverride>Data/Custom/timbles/therium-2/Models/treecanyonwithtwholes.obj</ModelOverride>
    <DetailMaps>
        <DetailMap colorpath="Data/Textures/Terrain/DetailTextures/grass.tga" normalpath="Data/Textures/Terrain/DetailTextures/grass_normal.png" materialpath="Data/Materials/grass.xml" />
        <DetailMap colorpath="Data/Textures/Terrain/DetailTextures/grass_stones_c.tga" normalpath="Data/Textures/Terrain/DetailTextures/grass_stones_n.tga" materialpath="Data/Materials/gravel.xml" />
        <DetailMap colorpath="Data/Textures/Terrain/DetailTextures/rubble_rocks_c.tga" normalpath="Data/Textures/Terrain/DetailTextures/rubble_rocks_n.tga" materialpath="Data/Materials/rocks.xml" />
        <DetailMap colorpath="Data/Textures/Terrain/DetailTextures/chipped_rock.tga" normalpath="Data/Textures/Terrain/DetailTextures/chipped_rock_normal.tga" materialpath="Data/Materials/rock.xml" />
    </DetailMaps>
    <DetailObjects />
</Terrain>
<OutOfDate Shadow="true" AO="true" NavMesh="true" />
<SpawnPoints>
    <SpawnPoint t0="-31" t1="169" t2="58" s0="1" s1="1" s2="1" r0="1" r1="0" r2="0" r3="0" r4="0" r5="1" r6="0" r7="0" r8="0" r9="0" r10="1" r11="0" r12="0" r13="0" r14="0" r15="1" />
</SpawnPoints>
<AmbientSounds>
    <Ambient path="Data/Sounds/ambient/amb_grassfield_loop" />
</AmbientSounds>
<Script>Data/Scripts/challengelevel.as</Script>
<LevelScriptParameters>
    <parameter name="Achievements" type="string" val="no_injuries" />
    <parameter name="Extra AO" type="string" val="0.5" />
    <parameter name="Level Boundaries" type="string" val="1" />
    <parameter name="Objectives" type="string" val="reach_a_trigger" />
    <parameter name="Sky Rotation" type="string" val="-9" />
</LevelScriptParameters>
<Sky>
    <DomeTexture>Data/Textures/skies/Blue2.tga</DomeTexture>
    <SunAngularRad>0.120124</SunAngularRad>
    <SunColorAngle>322.534</SunColorAngle>
    <RayToSun r0="-0.0931639" r1="0.297542" r2="0.950152" />
    <ExtraAO>0.5</ExtraAO>
    <SkyRotation>-9</SkyRotation>
</Sky>
<ActorObjects>
    <Group t0="-47.6432" t1="110.278" t2="234.225" s0="12.2408" s1="15.2681" s2="11.948" r0="1" r1="0" r2="0" r3="0" r4="0" r5="1" r6="0" r7="0" r8="0" r9="0" r10="1" r11="0" r12="0" r13="0" r14="0" r15="1" id="836" version="1">
        <parameters />
        <EnvObject t0="-46.3058" t1="112.664" t2="233.171" s0="2.21351" s1="2.21351" s2="2.21351" r0="-0.972502" r1="0.2267" r2="-0.0533621" r3="0" r4="0.232592" r5="0.957093" r6="-0.172839" r7="0" r8="0.0118899" r9="-0.180498" r10="-0.983503" r11="0" r12="0" r13="0" r14="0" r15="1" id="526" color_r="1" color_g="1" color_b="1" type_file="Data/Objects/Plants/Trees/temperate/medium_deciduous.xml">
            <parameters />
        </EnvObject>
        <EnvObject t0="-47.6432" t1="112.001" t2="234.225" s0="3.1112" s1="3.1112" s2="3.1112" r0="-0.449623" r1="-0.0137304" r2="0.893113" r3="0" r4="-0.120416" r5="0.991686" r6="-0.0453756" r7="0" r8="-0.885065" r9="-0.127947" r10="-0.447538" r11="0" r12="0" r13="0" r14="0" r15="1" id="527" color_r="1" color_g="1" color_b="1" type_file="Data/Objects/Plants/Trees/temperate/medium_deciduous.xml">
            <parameters />
        </EnvObject>
        <EnvObject t0="-48.053" t1="107.609" t2="233.649" s0="1.76177" s1="1.76177" s2="1.76177" r0="0.2777" r1="0.960668" r2="-1.50443e-006" r3="0" r4="-0.960668" r5="0.2777" r6="-2.00092e-006" r7="0" r8="-1.50443e-006" r9="2.00092e-006" r10="1" r11="0" r12="0" r13="0" r14="0" r15="1" id="528" color_r="0.435294" color_g="0.341176" color_b="0.286275" type_file="Data/Objects/Plants/Trees/temperate/broken_branch_bleached.xml">
            <parameters />
        </EnvObject>
        <EnvObject t0="-46.221" t1="108.856" t2="233.154" s0="1.53023" s1="1.53023" s2="1.53023" r0="0.642487" r1="-0.678234" r2="-0.356665" r3="0" r4="0.756006" r5="0.637038" r6="0.150459" r7="0" r8="0.125162" r9="-0.366309" r10="0.922037" r11="0" r12="0" r13="0" r14="0" r15="1" id="529" color_r="1" color_g="1" color_b="1" type_file="Data/Objects/Plants/Trees/temperate/small_deciduous.xml">
            <parameters />
        </EnvObject>
        <EnvObject t0="-48.8817" t1="112.345" t2="233.969" s0="1.94086" s1="1.94086" s2="1.94086" r0="-0.286488" r1="-0.100963" r2="0.952749" r3="0" r4="-0.333574" r5="0.942724" r6="-0.000403896" r7="0" r8="-0.898139" r9="-0.317928" r10="-0.303758" r11="0" r12="0" r13="0" r14="0" r15="1" id="530" color_r="1" color_g="1" color_b="1" type_file="Data/Objects/Plants/Trees/temperate/medium_deciduous.xml">
            <parameters />
        </EnvObject>
        <EnvObject t0="-48.3316" t1="106.344" t2="233.774" s0="1.07551" s1="1.43467" s2="1.21816" r0="-0.934351" r1="-0.127745" r2="0.332671" r3="0" r4="-0.206515" r5="0.9549" r6="-0.213347" r7="0" r8="-0.290413" r9="-0.268042" r10="-0.918593" r11="0" r12="0" r13="0" r14="0" r15="1" id="531" color_r="0.835294" color_g="0.568627" color_b="0.568627" type_file="Data/Objects/Plants/Trees/temperate/short_bush.xml">
            <parameters />
        </EnvObject>
    </Group>
    <Group t0="-47.2277" t1="115.874" t2="256.548" s0="11.8706" s1="15.7346" s2="12.6623" r0="1" r1="0" r2="0" r3="0" r4="0" r5="1" r6="0" r7="0" r8="0" r9="0" r10="1" r11="0" r12="0" r13="0" r14="0" r15="1" id="842" version="1">
        <parameters />
        <EnvObject t0="-47.3748" t1="118.286" t2="257.873" s0="2.21351" s1="2.21351" s2="2.21351" r0="0.720803" r1="0.169983" r2="-0.671974" r3="0" r4="-0.00432219" r5="0.970547" r6="0.240874" r7="0" r8="0.693127" r9="-0.170718" r10="0.700307" r11="0" r12="0" r13="0" r14="0" r15="1" id="562" color_r="1" color_g="1" color_b="1" type_file="Data/Objects/Plants/Trees/temperate/medium_deciduous.xml">
            <parameters />
        </EnvObject>
        <EnvObject t0="-47.2277" t1="117.537" t2="256.213" s0="3.1112" s1="3.1112" s2="3.1112" r0="-0.33106" r1="-0.0479289" r2="-0.942392" r3="0" r4="0.150058" r5="0.983326" r6="-0.102726" r7="0" r8="0.931602" r9="-0.175422" r10="-0.318348" r11="0" r12="0" r13="0" r14="0" r15="1" id="563" color_r="1" color_g="1" color_b="1" type_file="Data/Objects/Plants/Trees/temperate/medium_deciduous.xml">
            <parameters />
        </EnvObject>
        <EnvObject t0="-46.6789" t1="113.134" t2="256.531" s0="1.76177" s1="1.76177" s2="1.76177" r0="-0.159834" r1="0.975209" r2="0.15304" r3="0" r4="0.675947" r5="0.221107" r6="-0.702999" r7="0" r8="-0.719409" r9="-0.00891593" r10="-0.69453" r11="0" r12="0" r13="0" r14="0" r15="1" id="564" color_r="0.435294" color_g="0.341176" color_b="0.286275" type_file="Data/Objects/Plants/Trees/temperate/broken_branch_bleached.xml">
            <parameters />
        </EnvObject>
        <EnvObject t0="-47.5515" t1="114.491" t2="258.13" s0="1.53023" s1="1.53023" s2="1.53023" r0="-0.212305" r1="-0.636346" r2="0.741614" r3="0" r4="-0.610956" r5="0.678736" r6="0.407492" r7="0" r8="-0.762666" r9="-0.366581" r10="-0.532878" r11="0" r12="0" r13="0" r14="0" r15="1" id="565" color_r="1" color_g="1" color_b="1" type_file="Data/Objects/Plants/Trees/temperate/small_deciduous.xml">
            <parameters />
        </EnvObject>
        <EnvObject t0="-46.1726" t1="117.81" t2="255.485" s0="1.94086" s1="1.94086" s2="1.94086" r0="-0.490118" r1="-0.126013" r2="-0.862499" r3="0" r4="0.263911" r5="0.921599" r6="-0.284616" r7="0" r8="0.830744" r9="-0.367118" r10="-0.418436" r11="0" r12="0" r13="0" r14="0" r15="1" id="566" color_r="1" color_g="1" color_b="1" type_file="Data/Objects/Plants/Trees/temperate/medium_deciduous.xml">
            <parameters />
        </EnvObject>
        <EnvObject t0="-46.6191" t1="111.854" t2="256.305" s0="1.07551" s1="1.43467" s2="1.21816" r0="0.404512" r1="-0.185056" r2="-0.895614" r3="0" r4="0.329373" r5="0.943074" r6="-0.0460979" r7="0" r8="0.853161" r9="-0.276344" r10="0.442437" r11="0" r12="0" r13="0" r14="0" r15="1" id="567" color_r="0.835294" color_g="0.568627" color_b="0.568627" type_file="Data/Objects/Plants/Trees/temperate/short_bush.xml">
            <parameters />
        </EnvObject>
    </Group>
    <Group t0="-195.076" t1="135.272" t2="-47.5269" s0="6.73397" s1="0.232733" s2="17.8519" r0="1" r1="0" r2="0" r3="0" r4="0" r5="1" r6="0" r7="0" r8="0" r9="0" r10="1" r11="0" r12="0" r13="0" r14="0" r15="1" id="835" version="1">
        <parameters />
        <EnvObject t0="-197.535" t1="135.213" t2="-39.8763" s0="1.24002" s1="1.24002" s2="1.24002" r0="0.952002" r1="-0.00915788" r2="0.305956" r3="0" r4="0.306025" r5="0.00730083" r6="-0.951995" r7="0" r8="0.00648455" r9="0.999931" r10="0.00975295" r11="0" r12="0" r13="0" r14="0" r15="1" id="582" color_r="0.322353" color_g="0.429804" color_b="0.322353" type_file="Data/Objects/Buildings/fence1.xml">
            <parameters />
        </EnvObject>
        <EnvObject t0="-195.427" t1="135.264" t2="-46.434" s0="1.24002" s1="1.24002" s2="1.24001" r0="-0.952002" r1="0.00914736" r2="-0.305957" r3="0" r4="0.306025" r5="0.00729853" r6="-0.951995" r7="0" r8="-0.00647521" r9="-0.999932" r10="-0.00974762" r11="0" r12="0" r13="0" r14="0" r15="1" id="583" color_r="0.322353" color_g="0.429804" color_b="0.322353" type_file="Data/Objects/Buildings/fence1.xml">
            <parameters />
        </EnvObject>
        <EnvObject t0="-196.129" t1="135.247" t2="-44.2481" s0="1.24002" s1="1.24002" s2="1.24001" r0="0.952001" r1="-0.0091535" r2="0.305957" r3="0" r4="-0.306025" r5="-0.00730264" r6="0.951995" r7="0" r8="-0.00647983" r9="-0.999932" r10="-0.00975333" r11="0" r12="0" r13="0" r14="0" r15="1" id="584" color_r="0.322353" color_g="0.429804" color_b="0.322353" type_file="Data/Objects/Buildings/fence1.xml">
            <parameters />
        </EnvObject>
        <EnvObject t0="-196.832" t1="135.23" t2="-42.0623" s0="1.24002" s1="1.24002" s2="1.24003" r0="-0.952001" r1="0.00914784" r2="-0.305957" r3="0" r4="-0.306025" r5="-0.00729841" r6="0.951995" r7="0" r8="0.00647569" r9="0.999931" r10="0.00974774" r11="0" r12="0" r13="0" r14="0" r15="1" id="585" color_r="0.322353" color_g="0.429804" color_b="0.322353" type_file="Data/Objects/Buildings/fence1.xml">
            <parameters />
        </EnvObject>
        <EnvObject t0="-194.724" t1="135.28" t2="-48.6197" s0="1.24002" s1="1.24002" s2="1.24001" r0="-0.952002" r1="0.00915834" r2="-0.305956" r3="0" r4="-0.306025" r5="-0.00730282" r6="0.951996" r7="0" r8="0.00648436" r9="0.999931" r10="0.00975496" r11="0" r12="0" r13="0" r14="0" r15="1" id="586" color_r="0.322353" color_g="0.429804" color_b="0.322353" type_file="Data/Objects/Buildings/fence1.xml">
            <parameters />
        </EnvObject>
        <EnvObject t0="-192.616" t1="135.331" t2="-55.1775" s0="1.24002" s1="1.24002" s2="1.24001" r0="0.952001" r1="-0.0091535" r2="0.305957" r3="0" r4="-0.306025" r5="-0.00730264" r6="0.951995" r7="0" r8="-0.00647983" r9="-0.999932" r10="-0.00975333" r11="0" r12="0" r13="0" r14="0" r15="1" id="587" color_r="0.322353" color_g="0.429804" color_b="0.322353" type_file="Data/Objects/Buildings/fence1.xml">
            <parameters />
        </EnvObject>
        <EnvObject t0="-193.319" t1="135.314" t2="-52.9915" s0="1.24002" s1="1.24002" s2="1.24001" r0="-0.952002" r1="0.00914736" r2="-0.305957" r3="0" r4="0.306025" r5="0.00729853" r6="-0.951995" r7="0" r8="-0.00647521" r9="-0.999932" r10="-0.00974762" r11="0" r12="0" r13="0" r14="0" r15="1" id="588" color_r="0.322353" color_g="0.429804" color_b="0.322353" type_file="Data/Objects/Buildings/fence1.xml">
            <parameters />
        </EnvObject>
        <EnvObject t0="-194.022" t1="135.297" t2="-50.8057" s0="1.24002" s1="1.24002" s2="1.24004" r0="0.952001" r1="-0.00914693" r2="0.305957" r3="0" r4="0.306025" r5="0.00729554" r6="-0.951995" r7="0" r8="0.00647572" r9="0.999932" r10="0.00974455" r11="0" r12="0" r13="0" r14="0" r15="1" id="589" color_r="0.322353" color_g="0.429804" color_b="0.322353" type_file="Data/Objects/Buildings/fence1.xml">
            <parameters />
        </EnvObject>
    </Group>
    <Group t0="-202.454" t1="134.268" t2="-24.5462" s0="3.21996" s1="0.884924" s2="6.88458" r0="1" r1="0" r2="0" r3="0" r4="0" r5="1" r6="0" r7="0" r8="0" r9="0" r10="1" r11="0" r12="0" r13="0" r14="0" r15="1" id="838" version="1">
        <parameters />
        <EnvObject t0="-203.156" t1="134.013" t2="-22.3752" s0="1.24002" s1="1.24002" s2="1.24002" r0="0.952002" r1="-0.028408" r2="0.304772" r3="0" r4="0.306013" r5="0.111138" r6="-0.945518" r7="0" r8="-0.00701155" r9="0.993399" r10="0.114497" r11="0" r12="0" r13="0" r14="0" r15="1" id="596" color_r="0.322353" color_g="0.429804" color_b="0.322353" type_file="Data/Objects/Buildings/fence1.xml">
            <parameters />
        </EnvObject>
        <EnvObject t0="-201.751" t1="134.523" t2="-26.7172" s0="1.24002" s1="1.24002" s2="1.24002" r0="0.952001" r1="-0.0284096" r2="0.304773" r3="0" r4="-0.306014" r5="-0.111136" r6="0.945518" r7="0" r8="0.00700946" r9="-0.993399" r10="-0.114495" r11="0" r12="0" r13="0" r14="0" r15="1" id="597" color_r="0.322353" color_g="0.429804" color_b="0.322353" type_file="Data/Objects/Buildings/fence1.xml">
            <parameters />
        </EnvObject>
        <EnvObject t0="-202.454" t1="134.268" t2="-24.5462" s0="1.24002" s1="1.24002" s2="1.24002" r0="-0.952002" r1="0.028403" r2="-0.304773" r3="0" r4="-0.306013" r5="-0.111138" r6="0.945518" r7="0" r8="-0.00701636" r9="0.993399" r10="0.114495" r11="0" r12="0" r13="0" r14="0" r15="1" id="598" color_r="0.322353" color_g="0.429804" color_b="0.322353" type_file="Data/Objects/Buildings/fence1.xml">
            <parameters />
        </EnvObject>
    </Group>
    <Group t0="-196.205" t1="134.706" t2="-42.1809" s0="13.4442" s1="1.74621" s2="41.0962" r0="1" r1="0" r2="0" r3="0" r4="0" r5="1" r6="0" r7="0" r8="0" r9="0" r10="1" r11="0" r12="0" r13="0" r14="0" r15="1" id="857" version="1">
        <parameters />
        <EnvObject t0="-190.508" t1="135.361" t2="-59.7686" s0="0.889265" s1="0.889265" s2="0.889265" r0="0.235532" r1="0.971846" r2="-0.00630027" r3="0" r4="0.297999" r5="-0.078389" r6="-0.951342" r7="0" r8="-0.925052" r9="0.222194" r10="-0.308072" r11="0" r12="0" r13="0" r14="0" r15="1" id="664" color_r="0.403922" color_g="0.47451" color_b="0.388235" type_file="Data/Objects/Buildings/post1.xml">
            <parameters />
        </EnvObject>
        <EnvObject t0="-189.868" t1="135.194" t2="-61.8095" s0="0.903553" s1="0.684974" s2="0.889224" r0="0.235532" r1="0.971846" r2="-0.00630027" r3="0" r4="0.297999" r5="-0.078389" r6="-0.951342" r7="0" r8="-0.925052" r9="0.222194" r10="-0.308072" r11="0" r12="0" r13="0" r14="0" r15="1" id="663" color_r="0.403922" color_g="0.47451" color_b="0.388235" type_file="Data/Objects/Buildings/post1.xml">
            <parameters />
        </EnvObject>
        <EnvObject t0="-197.178" t1="135.129" t2="-38.9457" s0="0.889265" s1="0.889265" s2="0.889266" r0="0.938592" r1="-0.170761" r2="0.299808" r3="0" r4="0.310933" r5="0.0419899" r6="-0.949504" r7="0" r8="0.149549" r9="0.984417" r10="0.0925066" r11="0" r12="0" r13="0" r14="0" r15="1" id="662" color_r="0.403922" color_g="0.47451" color_b="0.388235" type_file="Data/Objects/Buildings/post1.xml">
            <parameters />
        </EnvObject>
        <EnvObject t0="-202.425" t1="134.084" t2="-22.8206" s0="0.889265" s1="0.889265" s2="0.889267" r0="-0.938593" r1="0.170761" r2="-0.299807" r3="0" r4="0.321899" r5="0.120606" r6="-0.939061" r7="0" r8="-0.124196" r9="-0.977903" r10="-0.168168" r11="0" r12="0" r13="0" r14="0" r15="1" id="661" color_r="0.403922" color_g="0.47451" color_b="0.388235" type_file="Data/Objects/Buildings/post1.xml">
            <parameters />
        </EnvObject>
        <EnvObject t0="-197.932" t1="135.027" t2="-36.6445" s0="0.889265" s1="0.889265" s2="0.889268" r0="-0.938592" r1="0.170761" r2="-0.299808" r3="0" r4="0.310933" r5="0.0419896" r6="-0.949504" r7="0" r8="-0.149549" r9="-0.984417" r10="-0.0925064" r11="0" r12="0" r13="0" r14="0" r15="1" id="660" color_r="0.403922" color_g="0.47451" color_b="0.388235" type_file="Data/Objects/Buildings/post1.xml">
            <parameters />
        </EnvObject>
        <EnvObject t0="-198.685" t1="134.925" t2="-34.3433" s0="0.889265" s1="0.889265" s2="0.889268" r0="-0.938592" r1="0.170761" r2="-0.299808" r3="0" r4="0.310933" r5="0.0419896" r6="-0.949504" r7="0" r8="-0.149549" r9="-0.984417" r10="-0.0925064" r11="0" r12="0" r13="0" r14="0" r15="1" id="659" color_r="0.403922" color_g="0.47451" color_b="0.388235" type_file="Data/Objects/Buildings/post1.xml">
            <parameters />
        </EnvObject>
        <EnvObject t0="-199.439" t1="134.824" t2="-32.0421" s0="0.889265" s1="0.889265" s2="0.889268" r0="-0.938592" r1="0.170761" r2="-0.299808" r3="0" r4="0.310933" r5="0.0419896" r6="-0.949504" r7="0" r8="-0.149549" r9="-0.984417" r10="-0.0925064" r11="0" r12="0" r13="0" r14="0" r15="1" id="640" color_r="0.403922" color_g="0.47451" color_b="0.388235" type_file="Data/Objects/Buildings/post1.xml">
            <parameters />
        </EnvObject>
        <EnvObject t0="-200.193" t1="134.722" t2="-29.7409" s0="0.889265" s1="0.889265" s2="0.889268" r0="-0.938592" r1="0.170761" r2="-0.299808" r3="0" r4="0.310933" r5="0.0419896" r6="-0.949504" r7="0" r8="-0.149549" r9="-0.984417" r10="-0.0925064" r11="0" r12="0" r13="0" r14="0" r15="1" id="639" color_r="0.403922" color_g="0.47451" color_b="0.388235" type_file="Data/Objects/Buildings/post1.xml">
            <parameters />
        </EnvObject>
        <EnvObject t0="-200.954" t1="134.581" t2="-27.4405" s0="0.889265" s1="0.889265" s2="0.889265" r0="-0.938593" r1="0.170761" r2="-0.299808" r3="0" r4="0.317499" r5="0.0873472" r6="-0.944227" r7="0" r8="-0.13505" r9="-0.981433" r10="-0.1362" r11="0" r12="0" r13="0" r14="0" r15="1" id="638" color_r="0.403922" color_g="0.47451" color_b="0.388235" type_file="Data/Objects/Buildings/post1.xml">
            <parameters />
        </EnvObject>
        <EnvObject t0="-201.682" t1="134.359" t2="-25.1166" s0="0.889265" s1="0.889265" s2="0.889265" r0="-0.947805" r1="0.168028" r2="-0.270982" r3="0" r4="0.288836" r5="0.0924943" r6="-0.9529" r7="0" r8="-0.13505" r9="-0.981433" r10="-0.136199" r11="0" r12="0" r13="0" r14="0" r15="1" id="605" color_r="0.403922" color_g="0.47451" color_b="0.388235" type_file="Data/Objects/Buildings/post1.xml">
            <parameters />
        </EnvObject>
        <Group t0="-191.589" t1="135.361" t2="-56.2896" s0="1.66028" s1="0.415869" s2="4.69967" r0="1" r1="0" r2="0" r3="0" r4="0" r5="1" r6="0" r7="0" r8="0" r9="0" r10="1" r11="0" r12="0" r13="0" r14="0" r15="1" id="849" version="1">
            <parameters />
            <EnvObject t0="-191.226" t1="135.403" t2="-57.4449" s0="0.889265" s1="0.889265" s2="0.889264" r0="0.202652" r1="0.974203" r2="0.0993017" r3="0" r4="0.299544" r5="0.0348752" r6="-0.953445" r7="0" r8="-0.932312" r9="0.222963" r10="-0.284749" r11="0" r12="0" r13="0" r14="0" r15="1" id="637" color_r="0.403922" color_g="0.47451" color_b="0.388235" type_file="Data/Objects/Buildings/post1.xml">
                <parameters />
            </EnvObject>
            <EnvObject t0="-191.952" t1="135.319" t2="-55.1342" s0="0.889265" s1="0.889265" s2="0.889264" r0="0.202652" r1="0.974203" r2="0.0993017" r3="0" r4="0.299544" r5="0.0348752" r6="-0.953445" r7="0" r8="-0.932312" r9="0.222963" r10="-0.284749" r11="0" r12="0" r13="0" r14="0" r15="1" id="636" color_r="0.403922" color_g="0.47451" color_b="0.388235" type_file="Data/Objects/Buildings/post1.xml">
                <parameters />
            </EnvObject>
        </Group>
        <Group t0="-193.093" t1="135.23" t2="-51.6715" s0="1.66108" s1="0.340093" s2="4.69939" r0="1" r1="0" r2="0" r3="0" r4="0" r5="1" r6="0" r7="0" r8="0" r9="0" r10="1" r11="0" r12="0" r13="0" r14="0" r15="1" id="850" version="1">
            <parameters />
            <EnvObject t0="-192.73" t1="135.253" t2="-52.8274" s0="0.889265" s1="0.889265" s2="0.889266" r0="0.207191" r1="0.974624" r2="0.084735" r3="0" r4="0.299559" r5="0.0192498" r6="-0.953884" r7="0" r8="-0.931309" r9="0.223019" r10="-0.287969" r11="0" r12="0" r13="0" r14="0" r15="1" id="604" color_r="0.403922" color_g="0.47451" color_b="0.388235" type_file="Data/Objects/Buildings/post1.xml">
                <parameters />
            </EnvObject>
            <EnvObject t0="-193.456" t1="135.207" t2="-50.5156" s0="0.889265" s1="0.889265" s2="0.889266" r0="0.207191" r1="0.974624" r2="0.084735" r3="0" r4="0.299559" r5="0.0192498" r6="-0.953884" r7="0" r8="-0.931309" r9="0.223019" r10="-0.287969" r11="0" r12="0" r13="0" r14="0" r15="1" id="603" color_r="0.403922" color_g="0.47451" color_b="0.388235" type_file="Data/Objects/Buildings/post1.xml">
                <parameters />
            </EnvObject>
        </Group>
        <Group t0="-194.553" t1="135.128" t2="-47.0492" s0="1.67556" s1="0.261724" s2="4.69412" r0="1" r1="0" r2="0" r3="0" r4="0" r5="1" r6="0" r7="0" r8="0" r9="0" r10="1" r11="0" r12="0" r13="0" r14="0" r15="1" id="851" version="1">
            <parameters />
            <EnvObject t0="-194.187" t1="135.131" t2="-48.2043" s0="0.889265" s1="0.889265" s2="0.889263" r0="0.211512" r1="0.974853" r2="0.0701757" r3="0" r4="0.302415" r5="0.00300089" r6="-0.953172" r7="0" r8="-0.929413" r9="0.222829" r10="-0.294175" r11="0" r12="0" r13="0" r14="0" r15="1" id="602" color_r="0.403922" color_g="0.47451" color_b="0.388235" type_file="Data/Objects/Buildings/post1.xml">
                <parameters />
            </EnvObject>
            <EnvObject t0="-194.92" t1="135.124" t2="-45.8941" s0="0.889265" s1="0.889265" s2="0.889263" r0="0.211512" r1="0.974853" r2="0.0701757" r3="0" r4="0.302415" r5="0.00300089" r6="-0.953172" r7="0" r8="-0.929413" r9="0.222829" r10="-0.294175" r11="0" r12="0" r13="0" r14="0" r15="1" id="601" color_r="0.403922" color_g="0.47451" color_b="0.388235" type_file="Data/Objects/Buildings/post1.xml">
                <parameters />
            </EnvObject>
        </Group>
        <Group t0="-196.04" t1="135.163" t2="-42.4473" s0="1.70214" s1="0.233892" s2="4.70231" r0="1" r1="0" r2="0" r3="0" r4="0" r5="1" r6="0" r7="0" r8="0" r9="0" r10="1" r11="0" r12="0" r13="0" r14="0" r15="1" id="856" version="1">
            <parameters />
            <EnvObject t0="-195.673" t1="135.166" t2="-43.6024" s0="0.889264" s1="0.889265" s2="0.889261" r0="0.929413" r1="-0.222828" r2="0.294174" r3="0" r4="0.302414" r5="0.0030013" r6="-0.953172" r7="0" r8="0.211511" r9="0.974853" r10="0.0701758" r11="0" r12="0" r13="0" r14="0" r15="1" id="600" color_r="0.403922" color_g="0.47451" color_b="0.388235" type_file="Data/Objects/Buildings/post1.xml">
                <parameters />
            </EnvObject>
            <EnvObject t0="-196.406" t1="135.159" t2="-41.2923" s0="0.889265" s1="0.889265" s2="0.889266" r0="-0.929413" r1="0.222828" r2="-0.294174" r3="0" r4="0.302414" r5="0.00300306" r6="-0.953172" r7="0" r8="-0.21151" r9="-0.974853" r10="-0.0701773" r11="0" r12="0" r13="0" r14="0" r15="1" id="590" color_r="0.403922" color_g="0.47451" color_b="0.388235" type_file="Data/Objects/Buildings/post1.xml">
                <parameters />
            </EnvObject>
        </Group>
    </Group>
    <Group t0="-197.37" t1="134.801" t2="-42.5129" s0="13.4442" s1="1.74621" s2="41.0962" r0="1" r1="0" r2="0" r3="0" r4="0" r5="1" r6="0" r7="0" r8="0" r9="0" r10="1" r11="0" r12="0" r13="0" r14="0" r15="1" id="858" version="1">
        <parameters />
        <EnvObject t0="-191.672" t1="135.456" t2="-60.1006" s0="0.889266" s1="0.889265" s2="0.889265" r0="0.235532" r1="0.971846" r2="-0.00630027" r3="0" r4="0.297999" r5="-0.078389" r6="-0.951342" r7="0" r8="-0.925052" r9="0.222194" r10="-0.308072" r11="0" r12="0" r13="0" r14="0" r15="1" id="641" color_r="0.403922" color_g="0.47451" color_b="0.388235" type_file="Data/Objects/Buildings/post1.xml">
            <parameters />
        </EnvObject>
        <EnvObject t0="-191.033" t1="135.289" t2="-62.1415" s0="0.903553" s1="0.684974" s2="0.889221" r0="0.235532" r1="0.971846" r2="-0.00630027" r3="0" r4="0.297999" r5="-0.078389" r6="-0.951342" r7="0" r8="-0.925052" r9="0.222194" r10="-0.308072" r11="0" r12="0" r13="0" r14="0" r15="1" id="642" color_r="0.403922" color_g="0.47451" color_b="0.388235" type_file="Data/Objects/Buildings/post1.xml">
            <parameters />
        </EnvObject>
        <EnvObject t0="-198.343" t1="135.224" t2="-39.2777" s0="0.889265" s1="0.889265" s2="0.889266" r0="0.938592" r1="-0.170761" r2="0.299808" r3="0" r4="0.310933" r5="0.0419899" r6="-0.949504" r7="0" r8="0.149549" r9="0.984417" r10="0.0925066" r11="0" r12="0" r13="0" r14="0" r15="1" id="643" color_r="0.403922" color_g="0.47451" color_b="0.388235" type_file="Data/Objects/Buildings/post1.xml">
            <parameters />
        </EnvObject>
        <EnvObject t0="-203.59" t1="134.179" t2="-23.1526" s0="0.889265" s1="0.889265" s2="0.889267" r0="-0.938593" r1="0.170761" r2="-0.299807" r3="0" r4="0.321899" r5="0.120606" r6="-0.939061" r7="0" r8="-0.124196" r9="-0.977903" r10="-0.168168" r11="0" r12="0" r13="0" r14="0" r15="1" id="644" color_r="0.403922" color_g="0.47451" color_b="0.388235" type_file="Data/Objects/Buildings/post1.xml">
            <parameters />
        </EnvObject>
        <EnvObject t0="-199.096" t1="135.122" t2="-36.9764" s0="0.889265" s1="0.889265" s2="0.889268" r0="-0.938592" r1="0.170761" r2="-0.299808" r3="0" r4="0.310933" r5="0.0419896" r6="-0.949504" r7="0" r8="-0.149549" r9="-0.984417" r10="-0.0925064" r11="0" r12="0" r13="0" r14="0" r15="1" id="645" color_r="0.403922" color_g="0.47451" color_b="0.388235" type_file="Data/Objects/Buildings/post1.xml">
            <parameters />
        </EnvObject>
        <EnvObject t0="-199.85" t1="135.021" t2="-34.6753" s0="0.889265" s1="0.889265" s2="0.889268" r0="-0.938592" r1="0.170761" r2="-0.299808" r3="0" r4="0.310933" r5="0.0419896" r6="-0.949504" r7="0" r8="-0.149549" r9="-0.984417" r10="-0.0925064" r11="0" r12="0" r13="0" r14="0" r15="1" id="646" color_r="0.403922" color_g="0.47451" color_b="0.388235" type_file="Data/Objects/Buildings/post1.xml">
            <parameters />
        </EnvObject>
        <EnvObject t0="-200.603" t1="134.919" t2="-32.3741" s0="0.889265" s1="0.889265" s2="0.889268" r0="-0.938592" r1="0.170761" r2="-0.299808" r3="0" r4="0.310933" r5="0.0419896" r6="-0.949504" r7="0" r8="-0.149549" r9="-0.984417" r10="-0.0925064" r11="0" r12="0" r13="0" r14="0" r15="1" id="647" color_r="0.403922" color_g="0.47451" color_b="0.388235" type_file="Data/Objects/Buildings/post1.xml">
            <parameters />
        </EnvObject>
        <EnvObject t0="-201.357" t1="134.817" t2="-30.0729" s0="0.889265" s1="0.889265" s2="0.889268" r0="-0.938592" r1="0.170761" r2="-0.299808" r3="0" r4="0.310933" r5="0.0419896" r6="-0.949504" r7="0" r8="-0.149549" r9="-0.984417" r10="-0.0925064" r11="0" r12="0" r13="0" r14="0" r15="1" id="648" color_r="0.403922" color_g="0.47451" color_b="0.388235" type_file="Data/Objects/Buildings/post1.xml">
            <parameters />
        </EnvObject>
        <EnvObject t0="-202.118" t1="134.676" t2="-27.7725" s0="0.889265" s1="0.889265" s2="0.889265" r0="-0.938593" r1="0.170761" r2="-0.299808" r3="0" r4="0.317499" r5="0.0873472" r6="-0.944227" r7="0" r8="-0.13505" r9="-0.981433" r10="-0.1362" r11="0" r12="0" r13="0" r14="0" r15="1" id="649" color_r="0.403922" color_g="0.47451" color_b="0.388235" type_file="Data/Objects/Buildings/post1.xml">
            <parameters />
        </EnvObject>
        <EnvObject t0="-202.846" t1="134.454" t2="-25.4486" s0="0.889265" s1="0.889265" s2="0.889265" r0="-0.947805" r1="0.168028" r2="-0.270982" r3="0" r4="0.288836" r5="0.0924943" r6="-0.9529" r7="0" r8="-0.13505" r9="-0.981433" r10="-0.136199" r11="0" r12="0" r13="0" r14="0" r15="1" id="650" color_r="0.403922" color_g="0.47451" color_b="0.388235" type_file="Data/Objects/Buildings/post1.xml">
            <parameters />
        </EnvObject>
        <Group t0="-192.754" t1="135.456" t2="-56.6215" s0="1.66028" s1="0.415869" s2="4.69977" r0="1" r1="0" r2="0" r3="0" r4="0" r5="1" r6="0" r7="0" r8="0" r9="0" r10="1" r11="0" r12="0" r13="0" r14="0" r15="1" id="819" version="1">
            <parameters />
            <EnvObject t0="-192.391" t1="135.498" t2="-57.7769" s0="0.889265" s1="0.889265" s2="0.889264" r0="0.202652" r1="0.974203" r2="0.0993017" r3="0" r4="0.299544" r5="0.0348752" r6="-0.953445" r7="0" r8="-0.932312" r9="0.222963" r10="-0.284749" r11="0" r12="0" r13="0" r14="0" r15="1" id="651" color_r="0.403922" color_g="0.47451" color_b="0.388235" type_file="Data/Objects/Buildings/post1.xml">
                <parameters />
            </EnvObject>
            <EnvObject t0="-193.117" t1="135.414" t2="-55.4661" s0="0.889265" s1="0.889265" s2="0.889264" r0="0.202652" r1="0.974203" r2="0.0993017" r3="0" r4="0.299544" r5="0.0348752" r6="-0.953445" r7="0" r8="-0.932312" r9="0.222963" r10="-0.284749" r11="0" r12="0" r13="0" r14="0" r15="1" id="652" color_r="0.403922" color_g="0.47451" color_b="0.388235" type_file="Data/Objects/Buildings/post1.xml">
                <parameters />
            </EnvObject>
        </Group>
        <Group t0="-194.258" t1="135.326" t2="-52.0035" s0="1.66108" s1="0.341085" s2="4.69939" r0="1" r1="0" r2="0" r3="0" r4="0" r5="1" r6="0" r7="0" r8="0" r9="0" r10="1" r11="0" r12="0" r13="0" r14="0" r15="1" id="2" version="1">
            <parameters />
            <EnvObject t0="-193.895" t1="135.349" t2="-53.1594" s0="0.889265" s1="0.889265" s2="0.889269" r0="0.207191" r1="0.974624" r2="0.084735" r3="0" r4="0.299559" r5="0.0192498" r6="-0.953884" r7="0" r8="-0.931309" r9="0.223019" r10="-0.287969" r11="0" r12="0" r13="0" r14="0" r15="1" id="653" color_r="0.403922" color_g="0.47451" color_b="0.388235" type_file="Data/Objects/Buildings/post1.xml">
                <parameters />
            </EnvObject>
            <EnvObject t0="-194.621" t1="135.302" t2="-50.8476" s0="0.889265" s1="0.889265" s2="0.889269" r0="0.207191" r1="0.974624" r2="0.084735" r3="0" r4="0.299559" r5="0.0192498" r6="-0.953884" r7="0" r8="-0.931309" r9="0.223019" r10="-0.287969" r11="0" r12="0" r13="0" r14="0" r15="1" id="654" color_r="0.403922" color_g="0.47451" color_b="0.388235" type_file="Data/Objects/Buildings/post1.xml">
                <parameters />
            </EnvObject>
        </Group>
        <Group t0="-195.719" t1="135.223" t2="-47.3812" s0="1.67556" s1="0.261724" s2="4.69412" r0="1" r1="0" r2="0" r3="0" r4="0" r5="1" r6="0" r7="0" r8="0" r9="0" r10="1" r11="0" r12="0" r13="0" r14="0" r15="1" id="837" version="1">
            <parameters />
            <EnvObject t0="-195.352" t1="135.226" t2="-48.5363" s0="0.889265" s1="0.889265" s2="0.889263" r0="0.211512" r1="0.974853" r2="0.0701757" r3="0" r4="0.302415" r5="0.00300089" r6="-0.953172" r7="0" r8="-0.929413" r9="0.222829" r10="-0.294175" r11="0" r12="0" r13="0" r14="0" r15="1" id="655" color_r="0.403922" color_g="0.47451" color_b="0.388235" type_file="Data/Objects/Buildings/post1.xml">
                <parameters />
            </EnvObject>
            <EnvObject t0="-196.085" t1="135.219" t2="-46.2261" s0="0.889265" s1="0.889265" s2="0.889263" r0="0.211512" r1="0.974853" r2="0.0701757" r3="0" r4="0.302415" r5="0.00300089" r6="-0.953172" r7="0" r8="-0.929413" r9="0.222829" r10="-0.294175" r11="0" r12="0" r13="0" r14="0" r15="1" id="656" color_r="0.403922" color_g="0.47451" color_b="0.388235" type_file="Data/Objects/Buildings/post1.xml">
                <parameters />
            </EnvObject>
        </Group>
        <Group t0="-197.204" t1="135.258" t2="-42.7794" s0="1.70214" s1="0.233892" s2="4.70231" r0="1" r1="0" r2="0" r3="0" r4="0" r5="1" r6="0" r7="0" r8="0" r9="0" r10="1" r11="0" r12="0" r13="0" r14="0" r15="1" id="839" version="1">
            <parameters />
            <EnvObject t0="-196.837" t1="135.261" t2="-43.9344" s0="0.889264" s1="0.889265" s2="0.889261" r0="0.929413" r1="-0.222828" r2="0.294174" r3="0" r4="0.302414" r5="0.0030013" r6="-0.953172" r7="0" r8="0.211511" r9="0.974853" r10="0.0701758" r11="0" r12="0" r13="0" r14="0" r15="1" id="657" color_r="0.403922" color_g="0.47451" color_b="0.388235" type_file="Data/Objects/Buildings/post1.xml">
                <parameters />
            </EnvObject>
            <EnvObject t0="-197.57" t1="135.254" t2="-41.6243" s0="0.889265" s1="0.889265" s2="0.889266" r0="-0.929413" r1="0.222828" r2="-0.294174" r3="0" r4="0.302414" r5="0.00300306" r6="-0.953172" r7="0" r8="-0.21151" r9="-0.974853" r10="-0.0701773" r11="0" r12="0" r13="0" r14="0" r15="1" id="658" color_r="0.403922" color_g="0.47451" color_b="0.388235" type_file="Data/Objects/Buildings/post1.xml">
                <parameters />
            </EnvObject>
        </Group>
    </Group>
    <Group t0="-197.549" t1="134.345" t2="-36.4052" s0="4.30701" s1="14.9219" s2="13.0012" r0="1" r1="0" r2="0" r3="0" r4="0" r5="1" r6="0" r7="0" r8="0" r9="0" r10="1" r11="0" r12="0" r13="0" r14="0" r15="1" id="864" version="1">
        <parameters />
        <EnvObject t0="-199.363" t1="127.763" t2="-30.7099" s0="1.09666" s1="1.09666" s2="1.09666" r0="0.944348" r1="0.0129191" r2="0.328694" r3="0" r4="0.2495" r5="-0.679326" r6="-0.69012" r7="0" r8="0.214375" r9="0.733723" r10="-0.644743" r11="0" r12="0" r13="0" r14="0" r15="1" id="675" color_r="0.376471" color_g="0.423529" color_b="0.345098" type_file="Data/Objects/Buildings/PostRound1.xml">
            <parameters />
        </EnvObject>
        <EnvObject t0="-198.405" t1="131.037" t2="-33.5897" s0="1.09666" s1="1.09666" s2="1.09666" r0="0.944348" r1="0.0129191" r2="0.328694" r3="0" r4="0.2495" r5="-0.679326" r6="-0.69012" r7="0" r8="0.214375" r9="0.733723" r10="-0.644743" r11="0" r12="0" r13="0" r14="0" r15="1" id="676" color_r="0.376471" color_g="0.423529" color_b="0.345098" type_file="Data/Objects/Buildings/PostRound1.xml">
            <parameters />
        </EnvObject>
        <EnvObject t0="-199.118" t1="128.574" t2="-31.4174" s0="1.04651" s1="1.04651" s2="1.04651" r0="0.944348" r1="0.012919" r2="0.328694" r3="0" r4="-0.201887" r5="-0.76614" r6="0.61014" r7="0" r8="0.259708" r9="-0.642544" r10="-0.720895" r11="0" r12="0" r13="0" r14="0" r15="1" id="677" color_r="0.376471" color_g="0.423529" color_b="0.345098" type_file="Data/Objects/Buildings/ropeball1.xml">
            <parameters />
        </EnvObject>
        <EnvObject t0="-198.883" t1="129.405" t2="-32.1525" s0="1.09666" s1="1.09666" s2="1.09666" r0="0.944348" r1="0.0129191" r2="0.328694" r3="0" r4="0.2495" r5="-0.679326" r6="-0.69012" r7="0" r8="0.214375" r9="0.733723" r10="-0.644743" r11="0" r12="0" r13="0" r14="0" r15="1" id="678" color_r="0.376471" color_g="0.423529" color_b="0.345098" type_file="Data/Objects/Buildings/PostRound1.xml">
            <parameters />
        </EnvObject>
        <EnvObject t0="-196.754" t1="136.772" t2="-38.5571" s0="1.04651" s1="1.04651" s2="1.04651" r0="0.944348" r1="0.012919" r2="0.328694" r3="0" r4="-0.201887" r5="-0.76614" r6="0.61014" r7="0" r8="0.259708" r9="-0.642544" r10="-0.720895" r11="0" r12="0" r13="0" r14="0" r15="1" id="679" color_r="0.376471" color_g="0.423529" color_b="0.345098" type_file="Data/Objects/Buildings/ropeball1.xml">
            <parameters />
        </EnvObject>
        <EnvObject t0="-198.638" t1="130.215" t2="-32.8601" s0="1.04651" s1="1.04651" s2="1.04651" r0="0.944348" r1="0.012919" r2="0.328694" r3="0" r4="-0.201887" r5="-0.76614" r6="0.61014" r7="0" r8="0.259708" r9="-0.642544" r10="-0.720895" r11="0" r12="0" r13="0" r14="0" r15="1" id="685" color_r="0.376471" color_g="0.423529" color_b="0.345098" type_file="Data/Objects/Buildings/ropeball1.xml">
            <parameters />
        </EnvObject>
        <EnvObject t0="-198.195" t1="131.817" t2="-34.2468" s0="1.04651" s1="1.04651" s2="1.04651" r0="0.944348" r1="0.012919" r2="0.328694" r3="0" r4="-0.201887" r5="-0.76614" r6="0.61014" r7="0" r8="0.259708" r9="-0.642544" r10="-0.720895" r11="0" r12="0" r13="0" r14="0" r15="1" id="686" color_r="0.376471" color_g="0.423529" color_b="0.345098" type_file="Data/Objects/Buildings/ropeball1.xml">
            <parameters />
        </EnvObject>
        <Group t0="-196.126" t1="139.237" t2="-40.6813" s0="1.45188" s1="5.12786" s2="4.43897" r0="1" r1="0" r2="0" r3="0" r4="0" r5="1" r6="0" r7="0" r8="0" r9="0" r10="1" r11="0" r12="0" r13="0" r14="0" r15="1" id="860" version="1">
            <parameters />
            <EnvObject t0="-196.543" t1="137.568" t2="-39.2585" s0="1.09666" s1="1.09666" s2="1.09666" r0="0.948812" r1="0.030834" r2="0.314334" r3="0" r4="0.254712" r5="-0.663175" r6="-0.70379" r7="0" r8="0.186758" r9="0.747829" r10="-0.637082" r11="0" r12="0" r13="0" r14="0" r15="1" id="670" color_r="0.376471" color_g="0.423529" color_b="0.345098" type_file="Data/Objects/Buildings/PostRound1.xml">
                <parameters />
            </EnvObject>
            <EnvObject t0="-195.709" t1="140.906" t2="-42.1041" s0="1.09666" s1="1.09666" s2="1.09666" r0="0.948812" r1="0.030834" r2="0.314334" r3="0" r4="0.254712" r5="-0.663175" r6="-0.70379" r7="0" r8="0.186758" r9="0.747829" r10="-0.637082" r11="0" r12="0" r13="0" r14="0" r15="1" id="671" color_r="0.376471" color_g="0.423529" color_b="0.345098" type_file="Data/Objects/Buildings/PostRound1.xml">
                <parameters />
            </EnvObject>
            <EnvObject t0="-196.328" t1="138.395" t2="-39.9575" s0="1.04651" s1="1.04651" s2="1.04651" r0="0.948812" r1="0.0308348" r2="0.314334" r3="0" r4="-0.174047" r5="-0.779438" r6="0.601817" r7="0" r8="0.263561" r9="-0.62572" r10="-0.734173" r11="0" r12="0" r13="0" r14="0" r15="1" id="672" color_r="0.376471" color_g="0.423529" color_b="0.345098" type_file="Data/Objects/Buildings/ropeball1.xml">
                <parameters />
            </EnvObject>
            <EnvObject t0="-196.125" t1="139.241" t2="-40.6839" s0="1.09666" s1="1.09666" s2="1.09666" r0="0.948812" r1="0.030834" r2="0.314334" r3="0" r4="0.254712" r5="-0.663175" r6="-0.70379" r7="0" r8="0.186758" r9="0.747829" r10="-0.637082" r11="0" r12="0" r13="0" r14="0" r15="1" id="673" color_r="0.376471" color_g="0.423529" color_b="0.345098" type_file="Data/Objects/Buildings/PostRound1.xml">
                <parameters />
            </EnvObject>
            <EnvObject t0="-195.91" t1="140.068" t2="-41.383" s0="1.04651" s1="1.04651" s2="1.04651" r0="0.948812" r1="0.0308348" r2="0.314334" r3="0" r4="-0.174047" r5="-0.779438" r6="0.601817" r7="0" r8="0.263561" r9="-0.62572" r10="-0.734173" r11="0" r12="0" r13="0" r14="0" r15="1" id="674" color_r="0.376471" color_g="0.423529" color_b="0.345098" type_file="Data/Objects/Buildings/ropeball1.xml">
                <parameters />
            </EnvObject>
        </Group>
        <Group t0="-197.467" t1="134.285" t2="-36.4109" s0="1.63515" s1="5.03289" s2="4.49041" r0="1" r1="0" r2="0" r3="0" r4="0" r5="1" r6="0" r7="0" r8="0" r9="0" r10="1" r11="0" r12="0" r13="0" r14="0" r15="1" id="863" version="1">
            <parameters />
            <EnvObject t0="-197.946" t1="132.647" t2="-34.9711" s0="1.09666" s1="1.09666" s2="1.09666" r0="0.944348" r1="0.0129191" r2="0.328694" r3="0" r4="0.2495" r5="-0.679326" r6="-0.69012" r7="0" r8="0.214375" r9="0.733723" r10="-0.644743" r11="0" r12="0" r13="0" r14="0" r15="1" id="680" color_r="0.376471" color_g="0.423529" color_b="0.345098" type_file="Data/Objects/Buildings/PostRound1.xml">
                <parameters />
            </EnvObject>
