<?xml version="2.0" ?>
<Type>saved</Type>
<Name></Name>
<Description></Description>
<Shader>post</Shader>
<Terrain>
    <Heightmap>Data/Textures/Terrain/scrubby_hills/scrubby_hills_hm.png</Heightmap>
    <DetailMap></DetailMap>
    <ColorMap>Data/Textures/Terrain/scrubby_hills/scrubby_hills_c.tga</ColorMap>
    <WeightMap>Data/Textures/Terrain/scrubby_hills/scrubby_hills_w.tga</WeightMap>
    <DetailMaps>
        <DetailMap colorpath="Data/Textures/Terrain/DetailTextures/grass.tga" normalpath="Data/Textures/Terrain/DetailTextures/grass_normal.png" materialpath="Data/Materials/grass.xml" />
        <DetailMap colorpath="Data/Textures/Terrain/DetailTextures/grass_stones_c.tga" normalpath="Data/Textures/Terrain/DetailTextures/grass_stones_n.tga" materialpath="Data/Materials/gravel.xml" />
        <DetailMap colorpath="Data/Textures/Terrain/DetailTextures/rubble_rocks_c.tga" normalpath="Data/Textures/Terrain/DetailTextures/rubble_rocks_n.tga" materialpath="Data/Materials/rocks.xml" />
        <DetailMap colorpath="Data/Textures/Terrain/DetailTextures/gray_rock.tga" normalpath="Data/Textures/Terrain/DetailTextures/gray_rock_normal.tga" materialpath="Data/Materials/rock.xml" />
    </DetailMaps>
    <DetailObjects>
        <DetailObject obj_path="Data/Objects/Plants/Groundcover/Grass/WildGrass.xml" weight_path="Data/Textures/Terrain/scrubby_hills/scrubby_hills_grass.png" normal_conform="0.5" density="7" min_embed="0" max_embed="0.4" min_scale="0.7" max_scale="2" view_distance="30" jitter_degrees="10" overbright="0" />
        <DetailObject obj_path="Data/Objects/Plants/Groundcover/Groundcover1.xml" weight_path="Data/Textures/Terrain/scrubby_hills/scrubby_hills_groundcover.png" normal_conform="0.8" density="3" min_embed="0" max_embed="0" min_scale="0.5" max_scale="1.5" view_distance="40" jitter_degrees="10" overbright="0.2" />
        <DetailObject obj_path="Data/Objects/Environment/Rocks/lichen_rock_c.xml" weight_path="Data/Textures/Terrain/scrubby_hills/scrubby_hills_rocks.png" normal_conform="0.9" density="0.6" min_embed="0.4" max_embed="0.6" min_scale="0.2" max_scale="0.8" view_distance="30" jitter_degrees="30" overbright="0.3" collision_type="static" />
    </DetailObjects>
</Terrain>
<OutOfDate Shadow="true" AO="true" NavMesh="true" />
<SpawnPoints>
    <SpawnPoint t0="0" t1="0" t2="0" s0="1" s1="1" s2="1" r0="1" r1="0" r2="0" r3="0" r4="0" r5="1" r6="0" r7="0" r8="0" r9="0" r10="1" r11="0" r12="0" r13="0" r14="0" r15="1" />
</SpawnPoints>
<AmbientSounds>
    <Ambient path="Data/Sounds/ambient/amb_grassfield_loop" />
</AmbientSounds>
<Script></Script>
<LevelScriptParameters>
    <parameter name="Achievements" type="string" val="no_injuries, no_kills" />
    <parameter name="Extra AO" type="float" val="0" />
    <parameter name="Level Boundaries" type="int" val="1" />
    <parameter name="Objectives" type="string" val="reach_a_trigger_with_no_pursuers" />
    <parameter name="Sky Rotation" type="float" val="16" />
</LevelScriptParameters>
<Sky>
    <DomeTexture>Data/Custom/timbles/therium-2/Textures/level2.tga</DomeTexture>
    <SunAngularRad>0.112145</SunAngularRad>
    <SunColorAngle>6.8534</SunColorAngle>
    <RayToSun r0="0.167333" r1="0.755181" r2="0.633799" />
    <ExtraAO>0</ExtraAO>
    <SkyRotation>16</SkyRotation>
</Sky>
<ActorObjects>
    <EnvObject t0="51.809" t1="46.3441" t2="58.867" s0="1" s1="2.83454" s2="1" r0="-5.96046e-008" r1="1" r2="-2.68221e-007" r3="0" r4="-0.499999" r5="1.78814e-007" r6="0.866026" r7="0" r8="0.866026" r9="8.9407e-008" r10="0.499999" r11="0" r12="0" r13="0" r14="0" r15="1" id="11" color_r="1" color_g="1" color_b="1" type_file="Data/Objects/Crete/CreteBlockStandard.xml">
        <parameters />
    </EnvObject>
    <EnvObject t0="38.9674" t1="46.3441" t2="51.4529" s0="1" s1="2.83454" s2="1" r0="-5.96046e-008" r1="1" r2="-2.68221e-007" r3="0" r4="-0.499999" r5="1.78814e-007" r6="0.866026" r7="0" r8="0.866026" r9="8.9407e-008" r10="0.499999" r11="0" r12="0" r13="0" r14="0" r15="1" id="22" color_r="1" color_g="1" color_b="1" type_file="Data/Objects/Crete/CreteBlockStandard.xml">
        <parameters />
    </EnvObject>
    <EnvObject t0="50.4741" t1="46.2998" t2="46.2656" s0="1.00896" s1="1.83032" s2="1" r0="1.66893e-006" r1="1" r2="-9.08971e-007" r3="0" r4="-0.866026" r5="1.01328e-006" r6="-0.499999" r7="0" r8="-0.499999" r9="1.63913e-006" r10="0.866026" r11="0" r12="0" r13="0" r14="0" r15="1" id="23" color_r="1" color_g="1" color_b="1" type_file="Data/Objects/Crete/CreteBlockStandard.xml">
        <parameters />
    </EnvObject>
    <EnvObject t0="40.0492" t1="46.2819" t2="63.8945" s0="1" s1="1.90507" s2="0.983267" r0="1.66893e-006" r1="1" r2="-9.08971e-007" r3="0" r4="-0.866026" r5="1.01328e-006" r6="-0.499999" r7="0" r8="-0.499999" r9="1.63913e-006" r10="0.866026" r11="0" r12="0" r13="0" r14="0" r15="1" id="24" color_r="1" color_g="1" color_b="1" type_file="Data/Objects/Crete/CreteBlockStandard.xml">
        <parameters />
    </EnvObject>
    <EnvObject t0="42.6717" t1="47.9455" t2="59.9262" s0="0.876934" s1="1" s2="1" r0="0.25" r1="-0.866025" r2="-0.433013" r3="0" r4="0.433013" r5="0.5" r6="-0.75" r7="0" r8="0.866025" r9="2.98023e-007" r10="0.5" r11="0" r12="0" r13="0" r14="0" r15="1" id="25" color_r="1" color_g="1" color_b="1" type_file="Data/Objects/Crete/CreteBlockStandard.xml">
        <parameters />
    </EnvObject>
    <EnvObject t0="48.3241" t1="48.1647" t2="50.0255" s0="0.876934" s1="1" s2="1" r0="-0.25" r1="-0.866025" r2="0.433013" r3="0" r4="0.433013" r5="-0.5" r6="-0.75" r7="0" r8="0.866025" r9="-2.38419e-007" r10="0.5" r11="0" r12="0" r13="0" r14="0" r15="1" id="26" color_r="1" color_g="1" color_b="1" type_file="Data/Objects/Crete/CreteBlockStandard.xml">
        <parameters />
    </EnvObject>
    <EnvObject t0="45.8045" t1="48.3805" t2="55.1396" s0="2.04818" s1="1" s2="2.07593" r0="0.5" r1="-5.96045e-008" r2="-0.866025" r3="0" r4="-5.96045e-008" r5="1" r6="-1.03238e-007" r7="0" r8="0.866025" r9="1.03238e-007" r10="0.5" r11="0" r12="0" r13="0" r14="0" r15="1" id="27" color_r="1" color_g="1" color_b="1" type_file="Data/Objects/Crete/CreteBlockStandard.xml">
        <parameters />
    </EnvObject>
    <ActorObject t0="45.4211" t1="53.1887" t2="55.1705" s0="1" s1="1" s2="1" r0="-0.477419" r1="6.09357e-008" r2="0.878676" r3="0" r4="-6.09357e-008" r5="1" r6="-1.02458e-007" r7="0" r8="-0.878676" r9="-1.02458e-007" r10="-0.477419" r11="0" r12="0" r13="0" r14="0" r15="1" id="28" type_file="Data/Custom/timbles/therium-2/Objects/IGF_Characters/ghost.xml" is_player="1">
        <parameters>
            <parameter name="Aggression" type="string" val="0.5" />
            <parameter name="Attack Damage" type="string" val="1" />
            <parameter name="Attack Knockback" type="string" val="1" />
            <parameter name="Attack Speed" type="string" val="1" />
            <parameter name="Block Follow-up" type="string" val="0.5" />
            <parameter name="Block Skill" type="string" val="0.5" />
            <parameter name="Character Scale" type="string" val="1" />
            <parameter name="Damage Resistance" type="string" val="1" />
            <parameter name="Ear Size" type="string" val="1" />
            <parameter name="Fat" type="string" val="0.5" />
            <parameter name="Ground Aggression" type="string" val="0.5" />
            <parameter name="Left handed" type="string" val="0" />
            <parameter name="Lives" type="string" val="1" />
            <parameter name="Movement Speed" type="string" val="1" />
            <parameter name="Muscle" type="string" val="0.5" />
            <parameter name="Teams" type="string" val="player" />
        </parameters>
        <Connections>
            <Connection id="-1" />
        </Connections>
        <ItemConnections />
        <Palette>
            <Color label="Fur" channel="0" red="1" green="1" blue="1" />
            <Color label="Pants" channel="1" red="1" green="1" blue="1" />
            <Color label="Shirt" channel="2" red="1" green="1" blue="1" />
            <Color label="Leather" channel="3" red="1" green="1" blue="1" />
        </Palette>
    </ActorObject>
    <PlaceholderObject t0="36.1323" t1="48.8844" t2="57.2889" s0="1" s1="1" s2="1" r0="0.866025" r1="-5.75737e-008" r2="0.5" r3="0" r4="5.75737e-008" r5="1" r6="1.54268e-008" r7="0" r8="-0.5" r9="1.54268e-008" r10="0.866025" r11="0" r12="0" r13="0" r14="0" r15="1" id="33" type_file="" special_type="0">
        <parameters>
            <parameter name="Dialogue" type="string" val="C:\Program Files (x86)\Steam\steamapps\common\Overgrowth\Data\Custom\timbles\therium-2\Dialogues\Level2Intro.txt" />
            <parameter name="DisplayName" type="string" val="Level 2 Intro" />
            <parameter name="NumParticipants" type="int" val="2" />
            <parameter name="Script" type="string" val='#name &quot;Level 2 Intro&quot;&#x0A;#participants 2&#x0A;&#x0A;set_cam 34.0534 49.4594 48.0415 -0.38 79.83 -0.72 34.3404&#x0A;set_character_pos 1 32.5397 49.1823 47.5024 -167&#x0A;set_character_pos 2 31.7127 49.3441 49.5336 69&#x0A;say 1 &quot;You&quot; &quot;Woah.[wait 0.2].[wait0.2].[wait 0.4] what just happened?&quot;&#x0A;send_character_message 2 &quot;set_animation \&quot;Data/Animations/r_dialogue_armcross.anm\&quot;&quot;&#x0A;send_character_message 1 &quot;set_head_target 33.3995 49.4289 50.3535 0.47997&quot;&#x0A;say 2 &quot;Jared&quot; &quot;The lost spirits of these ruins...&quot;&#x0A;set_cam 31.9671 49.4387 48.2979 0 172.28 0 34.3404&#x0A;say 2 &quot;Jared&quot; &quot;Sung you a ballad personally.&quot;&#x0A;send_character_message 2 &quot;set_animation \&quot;Data/Animations/r_idle.anm\&quot;&quot;&#x0A;set_cam 33.8458 49.4387 49.3073 0 43.06 0 34.3404&#x0A;set_character_pos 1 32.5397 49.1823 47.5024 -74&#x0A;say 1 &quot;You&quot; &quot;Holy smokes... that sounds like it makes me a hero!&quot;&#x0A;set_character_pos 2 33.1218 49.3441 49.7915 102&#x0A;send_character_message 1 &quot;set_animation \&quot;Data/Animations/r_idle.anm\&quot;&quot;&#x0A;set_cam 33.4146 49.3082 45.6892 0.68 164.45 -0.45 34.3404&#x0A;say 2 &quot;Jared&quot; &quot;Well, to them, you are a hero.&quot;&#x0A;say 2 &quot;Jared&quot; &quot;They hate these workers.&quot;&#x0A;say 2 &quot;Jared&quot; &quot;They&apos;re disrupting their Therium.&quot;&#x0A;say 2 &quot;Jared&quot; &quot;They need their own place of rest.&quot;&#x0A;send_character_message 1 &quot;set_animation \&quot;Data/Animations/r_dialogue_thoughtful.anm\&quot;&quot;&#x0A;set_cam 34.0534 49.4594 48.0415 -0.38 79.83 -0.72 34.3404&#x0A;set_character_pos 1 32.5397 49.1824 47.5022 -75&#x0A;say 1 &quot;You&quot; &quot;Interesting.[wait 0.1] Am I a hot shot now?&quot;&#x0A;send_character_message 2 &quot;set_eye_dir 32.2437 50.3377 48.564 1&quot;&#x0A;send_character_message 2 &quot;set_head_target 32.267 50.2286 48.5735 0.91692&quot;&#x0A;send_character_message 2 &quot;set_animation \&quot;&#x1D;รณ&#x01;\&quot;&quot;&#x0A;set_cam 33.7394 49.4615 48.2968 0.56 151.17 -0.59 34.3404&#x0A;say 2 &quot;Jared&quot; &quot;.[wait 0.2].[wait 0.2].[wait 0.2]&quot;&#x0A;send_character_message 2 &quot;set_eye_dir 32.0712 49.6897 47.4992 1&quot;&#x0A;send_character_message 2 &quot;set_head_target 32.2524 49.4702 47.5003 0.91692&quot;&#x0A;set_character_pos 1 32.1343 48.9772 47.093 -114&#x0A;send_character_message 1 &quot;set_animation \&quot;Data/Animations/r_dialogue_handneck.anm\&quot;&quot;&#x0A;say 2 &quot;Jared&quot; &quot;Maybe. You need to prove yourself first.&quot;&#x0A;set_cam 32.6296 49.3361 49.1177 -0.4 20.97 2.72 34.3404&#x0A;say 1 &quot;You&quot; &quot;And my quest was to...&quot;&#x0A;send_character_message 2 &quot;set_head_target 31.7337 49.4105 48.125 0.836427&quot;&#x0A;send_character_message 2 &quot;set_eye_dir 31.6511 49.2569 48.3378 1&quot;&#x0A;send_character_message 2 &quot;set_animation \&quot;Data/Animations/r_dialogue_armcross.anm\&quot;&quot;&#x0A;set_cam 33.5264 49.4443 48.2337 -1.35 163.4 -2.4 34.3404&#x0A;say 2 &quot;Jared&quot; &quot;Break out of here...&quot;&#x0A;send_character_message 1 &quot;set_animation \&quot;Data/Animations/r_idle.anm\&quot;&quot;&#x0A;send_character_message 2 &quot;set_eye_dir 31.7516 49.4349 48.1849 1&quot;&#x0A;send_character_message 2 &quot;set_head_target 31.8342 49.5885 47.9721 0.836427&quot;&#x0A;say 2 &quot;Jared&quot; &quot;And break their bones.&quot;&#x0A;set_cam 33.5264 49.4443 48.2337 -1.68 50.35 2.18 34.3404&#x0A;say 1 &quot;You&quot; &quot;I have a question.&quot;&#x0A;say 1 &quot;You&quot; &quot;How is that going to disrupt their settling?&quot;&#x0A;send_character_message 1 &quot;set_head_target 31.6835 49.5496 48.3335 0.47997&quot;&#x0A;set_character_pos 2 31.6799 49.3441 48.6561 56&#x0A;send_character_message 2 &quot;set_head_target 31.8342 49.5764 47.9721 0.836427&quot;&#x0A;send_character_message 2 &quot;set_eye_dir 31.7516 49.6238 48.1849 1&quot;&#x0A;set_cam 32.9223 49.5043 48.0057 -2.68 115.46 -0.61 34.3404&#x0A;say 2 &quot;Jared&quot; &quot;Soon, they&apos;re going to share stories...&quot;&#x0A;say 2 &quot;Jared&quot; &quot;Stories of the hooded rabbit who attacked them.&quot;&#x0A;send_character_message 2 &quot;set_eye_dir 31.8773 49.4929 47.6538 1&quot;&#x0A;send_character_message 2 &quot;set_head_target 31.9599 49.6465 47.441 0.836427&quot;&#x0A;say 2 &quot;Jared&quot; &quot;Just look at you. You&apos;re ghastly white.&quot;&#x0A;send_character_message 1 &quot;set_head_target 31.5733 49.584 48.3115 1&quot;&#x0A;send_character_message 1 &quot;set_eye_dir 31.5704 49.6084 48.4123 1&quot;&#x0A;set_cam 32.2782 49.5042 48.2034 0.02 12.15 2.75 34.3404&#x0A;say 1 &quot;You&quot; &quot;...your point?&quot;&#x0A;set_cam 32.2514 49.5603 48.1062 -2.55 124.47 -1.03 34.3404&#x0A;say 2 &quot;Jared&quot; &quot;The spirits within this Therium...&quot;&#x0A;say 2 &quot;Jared&quot; &quot;They cannot materialize into a physical form.&quot;&#x0A;send_character_message 2 &quot;set_head_target 31.9599 49.5544 47.4361 0.836427&quot;&#x0A;say 2 &quot;Jared&quot; &quot;The settlers, however, do not know that.&quot;&#x0A;send_character_message 2 &quot;set_head_target 31.9599 49.6296 47.4329 0.836427&quot;&#x0A;say 2 &quot;Jared&quot; &quot;You will appear to be a ghost among them.&quot;&#x0A;send_character_message 1 &quot;set_animation \&quot;Data/Animations/r_dialogue_armcross.anm\&quot;&quot;&#x0A;set_cam 32.2975 49.4829 48.5152 -0.05 13.45 2.75 34.3404&#x0A;send_character_message 1 &quot;set_animation \&quot;Data/Animations/r_dialogue_armcross.anm\&quot;&quot;&#x0A;set_cam 32.2975 49.4829 48.5152 -0.05 13.45 2.75 28.7369&#x0A;say 1 &quot;You&quot; &quot;That&apos;s a little badass.&quot;&#x0A;send_character_message 2 &quot;set_animation \&quot;Data/Animations/r_idle.anm\&quot;&quot;&#x0A;set_character_pos 2 31.7127 49.3441 49.5336 69&#x0A;set_cam 33.1331 49.5183 48.883 -2.7 113.64 -0.54 33.1707&#x0A;send_character_message 1 &quot;set_animation \&quot;Data/Animations/r_idle.anm\&quot;&quot;&#x0A;send_character_message 1 &quot;set_head_target 32.0298 49.5903 47.5735 1&quot;&#x0A;say 2 &quot;Jared&quot; &quot;In fact, what is your name?&quot;&#x0A;set_character_pos 1 31.8523 48.9772 46.9988 -99&#x0A;send_character_message 1 &quot;set_eye_dir 32.1107 49.1064 47.4338 1&quot;&#x0A;send_character_message 1 &quot;set_head_target 32.2983 49.343 47.7246 1&quot;&#x0A;set_cam 33.1122 49.5411 46.5652 -2.7 113.64 -0.54 33.1707&#x0A;say 1 &quot;You&quot; &quot;I think some stupid civilian name isn&apos;t gonna cut it.&quot;&#x0A;send_character_message 1 &quot;set_eye_dir 32.2559 49.552 47.6482 1&quot;&#x0A;send_character_message 1 &quot;set_head_target 32.2983 49.6784 47.7246 1&quot;&#x0A;say 1 &quot;You&quot; &quot;Call me &apos;The Ghost&apos;.&quot;&#x0A;send_character_message 2 &quot;set_head_target 32.0496 49.7639 49.0716 1&quot;&#x0A;set_cam 33.2123 49.5219 48.8956 -2.7 113.64 -0.54 33.1707&#x0A;say 2 &quot;Jared&quot; &quot;A fitting title.&quot;&#x0A;send_character_message 2 &quot;set_torso_target 32.3123 49.2331 48.4504 1&quot;&#x0A;set_cam 32.158 49.4515 50.927 0.13 9.72 2.75 33.1707&#x0A;send_character_message 1 &quot;set_eye_dir 31.8671 49.558 47.5805 1&quot;&#x0A;send_character_message 1 &quot;set_head_target 31.9095 49.6844 47.6569 0.999982&quot;&#x0A;send_character_message 2 &quot;set_head_target 31.8554 49.7639 48.2773 1&quot;&#x0A;say 2 &quot;Jared&quot; &quot;Whether or not you actually act like a ghost...&quot;&#x0A;set_cam 32.1818 49.453 50.8879 0.13 9.72 2.75 33.1707&#x0A;send_character_message 2 &quot;set_torso_target 32.3088 49.2331 48.4489 1&quot;&#x0A;send_character_message 2 &quot;set_head_target 31.8554 49.8593 48.2773 1&quot;&#x0A;say 2 &quot;Jared&quot; &quot;Punching them in the face, choking them out, it&apos;s your choice.&quot;&#x0A;set_cam 32.1818 49.453 50.8879 0.13 9.72 2.75 33.1707&#x0A;send_character_message 2 &quot;set_torso_target 32.3088 49.2331 48.4489 1&quot;&#x0A;send_character_message 1 &quot;set_animation \&quot;Data/Animations/r_dialogue_armcross.anm\&quot;&quot;&#x0A;say 1 &quot;You&quot; &quot;Both sound nice.&quot;&#x0A;send_character_message 1 &quot;set_animation \&quot;Data/Animations/r_idle.anm\&quot;&quot;&#x0A;send_character_message 1 &quot;set_head_target 31.7552 49.5002 48.8464 1&quot;&#x0A;send_character_message 2 &quot;set_head_target 38.3801 49.2191 54.7485 0&quot;&#x0A;send_character_message 2 &quot;set_torso_target 32.0493 49.2331 48.3798 1&quot;&#x0A;set_cam 32.8984 49.5358 48.9152 -2.69 115.03 -0.6 35.6184&#x0A;say 2 &quot;Jared&quot; &quot;It might be a while until you escape this Therium.&quot;&#x0A;set_character_pos 1 32.002 48.9772 46.8714 -99&#x0A;send_character_message 2 &quot;set_torso_target 32.0493 49.2331 48.3798 1&quot;&#x0A;send_character_message 1 &quot;set_head_target 31.7552 49.5002 48.8464 1&quot;&#x0A;send_character_message 2 &quot;set_head_target 38.3801 49.2191 54.7485 0&quot;&#x0A;send_character_message 1 &quot;set_animation \&quot;Data/Animations/r_dialogue_thoughtful.anm\&quot;&quot;&#x0A;set_cam 32.7616 49.4525 48.384 -0.9 31.58 2.6 35.6184&#x0A;say 1 &quot;You&quot; &quot;I&apos;m sorry, but what is a Therium?&quot;&#x0A;send_character_message 2 &quot;set_head_target 31.9825 49.2191 48.5505 1&quot;&#x0A;send_character_message 1 &quot;set_head_target 31.7552 49.6642 48.8464 1&quot;&#x0A;send_character_message 2 &quot;set_torso_target 32.2173 49.2331 48.5452 1&quot;&#x0A;set_cam 32.7616 49.4525 48.3841 -2.29 136.29 -1.53 35.6184&#x0A;say 2 &quot;Jared&quot; &quot;.[wait 0.2].[wait 0.2].[wait 0.2]It&apos;s complicated.&quot;&#x0A;set_cam 32.7616 49.4525 48.3841 -2.29 136.29 -1.53 35.6184&#x0A;send_character_message 2 &quot;set_head_target 31.8816 49.5088 47.2872 1&quot;&#x0A;say 1 &quot;You&quot; &quot;Alright, I understand.[wait 0.2] I have places to be.&quot;&#x0A;set_cam 36.7136 49.3955 48.207 -2.68 89.48 0.62 50.232&#x0A;send_character_message 2 &quot;set_animation \&quot;Data/Animations/r_dialogue_armcross.anm\&quot;&quot;&#x0A;say 2 &quot;Jared&quot; &quot;See you soon...&quot;&#x0A;' />
            <parameter name="obj_1" type="int" val="62" />
            <parameter name="obj_2" type="int" val="63" />
        </parameters>
        <Connections>
            <Connection id="33" />
        </Connections>
    </PlaceholderObject>
    <EnvObject t0="43.5415" t1="51.8546" t2="54.0263" s0="1" s1="1" s2="1" r0="-0.5" r1="1.19209e-007" r2="0.866025" r3="0" r4="1.89579e-007" r5="1" r6="-2.81968e-008" r7="0" r8="-0.866025" r9="1.50082e-007" r10="-0.5" r11="0" r12="0" r13="0" r14="0" r15="1" id="34" color_r="1" color_g="1" color_b="1" type_file="Data/Objects/Buildings/stairs1.xml">
        <parameters />
    </EnvObject>
    <EnvObject t0="42.7237" t1="51.0136" t2="53.5747" s0="1" s1="1" s2="1" r0="-0.5" r1="2.38419e-007" r2="0.866025" r3="0" r4="3.39518e-007" r5="1" r6="-7.9281e-008" r7="0" r8="-0.866025" r9="2.54391e-007" r10="-0.5" r11="0" r12="0" r13="0" r14="0" r15="1" id="35" color_r="1" color_g="1" color_b="1" type_file="Data/Objects/Buildings/stairs1.xml">
        <parameters />
    </EnvObject>
    <EnvObject t0="46.5119" t1="49.6734" t2="55.5994" s0="1" s1="0.35557" s2="1" r0="0.5" r1="-5.96045e-008" r2="-0.866025" r3="0" r4="-5.96045e-008" r5="1" r6="-1.03238e-007" r7="0" r8="0.866025" r9="1.03238e-007" r10="0.5" r11="0" r12="0" r13="0" r14="0" r15="1" id="36" color_r="1" color_g="1" color_b="1" type_file="Data/Objects/Buildings/cat_town/babylon_tower.xml">
        <parameters />
    </EnvObject>
    <EnvObject t0="43.3154" t1="50.8389" t2="53.8558" s0="0.332379" s1="0.37192" s2="0.281086" r0="0.5" r1="3.57628e-007" r2="-0.866025" r3="0" r4="0.680375" r5="0.618697" r6="0.392815" r7="0" r8="0.535807" r9="-0.78563" r10="0.309348" r11="0" r12="0" r13="0" r14="0" r15="1" id="37" color_r="1" color_g="1" color_b="1" type_file="Data/Objects/Crete/CreteBlockStandard.xml">
        <parameters />
    </EnvObject>
    <EnvObject t0="46.4482" t1="53.9605" t2="55.6816" s0="1" s1="1" s2="1" r0="0.5" r1="-5.96045e-008" r2="-0.866025" r3="0" r4="-5.96045e-008" r5="1" r6="-1.03238e-007" r7="0" r8="0.866025" r9="1.03238e-007" r10="0.5" r11="0" r12="0" r13="0" r14="0" r15="1" id="38" color_r="1" color_g="1" color_b="1" type_file="Data/Custom/twowolves/landmark_lantern/jims_lantern.xml">
        <parameters />
    </EnvObject>
    <EnvObject t0="40.6968" t1="48.3312" t2="52.2972" s0="0.876934" s1="1" s2="1" r0="0.433013" r1="-0.866025" r2="0.25" r3="0" r4="0.75" r5="0.5" r6="0.433013" r7="0" r8="-0.5" r9="-3.72529e-007" r10="0.866025" r11="0" r12="0" r13="0" r14="0" r15="1" id="54" color_r="1" color_g="1" color_b="1" type_file="Data/Objects/Crete/CreteBlockStandard.xml">
        <parameters />
    </EnvObject>
    <EnvObject t0="52.6061" t1="47.4569" t2="58.0798" s0="0.880322" s1="1.56968" s2="0.999994" r0="-0.433013" r1="-0.866025" r2="-0.25" r3="0" r4="0.75" r5="-0.5" r6="0.433013" r7="0" r8="-0.5" r9="3.72529e-007" r10="0.866025" r11="0" r12="0" r13="0" r14="0" r15="1" id="55" color_r="1" color_g="1" color_b="1" type_file="Data/Objects/Crete/CreteBlockStandard.xml">
        <parameters />
    </EnvObject>
    <EnvObject t0="59.6538" t1="42.7584" t2="62.1488" s0="0.880322" s1="1.56968" s2="0.999994" r0="-0.433013" r1="-0.866025" r2="-0.25" r3="0" r4="0.75" r5="-0.5" r6="0.433013" r7="0" r8="-0.5" r9="3.72529e-007" r10="0.866025" r11="0" r12="0" r13="0" r14="0" r15="1" id="56" color_r="1" color_g="1" color_b="1" type_file="Data/Objects/Crete/CreteBlockStandard.xml">
        <parameters />
    </EnvObject>
    <EnvObject t0="61.713" t1="40.3896" t2="64.4326" s0="2.69231" s1="1" s2="3.19633" r0="0.866025" r1="0" r2="0.5" r3="0" r4="-0" r5="1" r6="0" r7="0" r8="-0.5" r9="-0" r10="0.866025" r11="0" r12="0" r13="0" r14="0" r15="1" id="57" color_r="1" color_g="1" color_b="1" type_file="Data/Objects/Crete/CreteBlockStandard.xml">
        <parameters />
    </EnvObject>
    <EnvObject t0="38.288" t1="46.3026" t2="44.8319" s0="1" s1="1" s2="1" r0="0.866025" r1="-8.9407e-008" r2="0.5" r3="0" r4="-0.5" r5="-4.09782e-007" r6="0.866025" r7="0" r8="8.9407e-008" r9="-1" r10="-4.09782e-007" r11="0" r12="0" r13="0" r14="0" r15="1" id="58" color_r="1" color_g="1" color_b="1" type_file="Data/Objects/Crete/CreteBlockStandard.xml">
        <parameters />
    </EnvObject>
    <EnvObject t0="35.3163" t1="46.3026" t2="49.9789" s0="1" s1="1" s2="1" r0="0.866025" r1="-2.5332e-007" r2="0.5" r3="0" r4="-0.5" r5="-8.86619e-007" r6="0.866025" r7="0" r8="2.5332e-007" r9="-1" r10="-8.86619e-007" r11="0" r12="0" r13="0" r14="0" r15="1" id="59" color_r="1" color_g="1" color_b="1" type_file="Data/Objects/Crete/CreteBlockStandard.xml">
        <parameters />
    </EnvObject>
    <EnvObject t0="32.4071" t1="46.3026" t2="55.0178" s0="1" s1="1" s2="1" r0="0.866025" r1="-2.5332e-007" r2="0.5" r3="0" r4="-0.5" r5="-8.86619e-007" r6="0.866025" r7="0" r8="2.5332e-007" r9="-1" r10="-8.86619e-007" r11="0" r12="0" r13="0" r14="0" r15="1" id="60" color_r="1" color_g="1" color_b="1" type_file="Data/Objects/Crete/CreteBlockStandard.xml">
        <parameters />
    </EnvObject>
    <EnvObject t0="32.2009" t1="46.3026" t2="47.5402" s0="1" s1="1" s2="1" r0="0.866025" r1="-2.5332e-007" r2="0.5" r3="0" r4="-0.5" r5="-8.86619e-007" r6="0.866025" r7="0" r8="2.5332e-007" r9="-1" r10="-8.86619e-007" r11="0" r12="0" r13="0" r14="0" r15="1" id="61" color_r="1" color_g="1" color_b="1" type_file="Data/Objects/Crete/CreteBlockStandard.xml">
        <parameters />
    </EnvObject>
    <PlaceholderObject t0="36.2839" t1="49.5844" t2="57.3764" s0="0.3" s1="0.3" s2="0.3" r0="0.866025" r1="-5.75737e-008" r2="0.5" r3="0" r4="5.75737e-008" r5="1" r6="1.54268e-008" r7="0" r8="-0.5" r9="1.54268e-008" r10="0.866025" r11="0" r12="0" r13="0" r14="0" r15="1" id="62" type_file="" special_type="2">
        <parameters />
        <Connections>
            <Connection id="28" />
        </Connections>
    </PlaceholderObject>
    <PlaceholderObject t0="35.9807" t1="49.5844" t2="57.2014" s0="0.3" s1="0.3" s2="0.3" r0="0.866025" r1="-5.75737e-008" r2="0.5" r3="0" r4="5.75737e-008" r5="1" r6="1.54268e-008" r7="0" r8="-0.5" r9="1.54268e-008" r10="0.866025" r11="0" r12="0" r13="0" r14="0" r15="1" id="63" type_file="" special_type="2">
        <parameters />
        <Connections>
            <Connection id="65" />
        </Connections>
    </PlaceholderObject>
    <Hotspot t0="32.1711" t1="47.122" t2="47.6259" s0="0.920715" s1="1.04881" s2="1.23605" r0="0.866025" r1="0" r2="0.5" r3="0" r4="-0" r5="1" r6="0" r7="0" r8="-0.5" r9="-0" r10="0.866025" r11="0" r12="0" r13="0" r14="0" r15="1" id="64" type_file="Data/Objects/Hotspots/start_dialogue.xml">
        <parameters>
            <parameter name="Dialogue" type="string" val="Level 2 Intro" />
        </parameters>
    </Hotspot>
    <ActorObject t0="37.4506" t1="49.3441" t2="54.7474" s0="1" s1="1" s2="1" r0="-0.5" r1="5.16191e-008" r2="0.866025" r3="0" r4="5.16191e-008" r5="1" r6="-2.98023e-008" r7="0" r8="-0.866025" r9="2.98023e-008" r10="-0.5" r11="0" r12="0" r13="0" r14="0" r15="1" id="65" type_file="Data/Objects/IGF_Characters/IGF_RabbitCivActor.xml" is_player="0">
        <parameters>
            <parameter name="Aggression" type="string" val="0.5" />
            <parameter name="Attack Damage" type="string" val="1" />
            <parameter name="Attack Knockback" type="string" val="1" />
            <parameter name="Attack Speed" type="string" val="1" />
            <parameter name="Block Follow-up" type="string" val="0.5" />
            <parameter name="Block Skill" type="string" val="0.5" />
            <parameter name="Character Scale" type="string" val="1" />
            <parameter name="Damage Resistance" type="string" val="1" />
            <parameter name="Ear Size" type="string" val="1" />
            <parameter name="Fat" type="string" val="0.5" />
            <parameter name="Ground Aggression" type="string" val="0.5" />
            <parameter name="Left handed" type="string" val="0" />
            <parameter name="Lives" type="string" val="1" />
            <parameter name="Movement Speed" type="string" val="1" />
            <parameter name="Muscle" type="string" val="0.5" />
            <parameter name="Teams" type="string" val="guard, player" />
        </parameters>
        <Connections>
            <Connection id="-1" />
        </Connections>
        <ItemConnections />
        <Palette />
    </ActorObject>
    <EnvObject t0="66.2352" t1="52.4021" t2="66.7698" s0="1" s1="1" s2="1" r0="0.5" r1="-5.96045e-008" r2="-0.866025" r3="0" r4="-5.96045e-008" r5="1" r6="-1.03238e-007" r7="0" r8="0.866025" r9="1.03238e-007" r10="0.5" r11="0" r12="0" r13="0" r14="0" r15="1" id="66" color_r="1" color_g="1" color_b="1" type_file="Data/Custom/twowolves/jims_ruin_set/jims_arch_02.xml">
        <parameters />
    </EnvObject>
    <Hotspot t0="30.5399" t1="27.6986" t2="49.9214" s0="29.5021" s1="0.0993972" s2="39.1345" r0="0.865919" r1="0" r2="0.500185" r3="0" r4="-0" r5="1" r6="0" r7="0" r8="-0.500185" r9="-0" r10="0.865919" r11="0" r12="0" r13="0" r14="0" r15="1" id="67" type_file="Data/Custom/steelraven7/steelraven_hotspot_pack/Objects/Hotspots/wipeoutTrigger.xml">
        <parameters>
            <parameter name="Damage dealt" type="string" val="0.0" />
            <parameter name="Ragdoll type" type="string" val="0" />
            <parameter name="Recovery time" type="string" val="5.0" />
            <parameter name="Upward force" type="string" val="0.0" />
        </parameters>
    </Hotspot>
    <PlaceholderObject t0="57.3259" t1="44.2102" t2="65.1768" s0="0.999996" s1="0.999996" s2="0.999996" r0="0.866025" r1="0" r2="0.5" r3="0" r4="-0" r5="1" r6="0" r7="0" r8="-0.5" r9="-0" r10="0.866025" r11="0" r12="0" r13="0" r14="0" r15="1" id="68" type_file="" special_type="0">
        <parameters>
            <parameter name="Dialogue" type="string" val="C:\Program Files (x86)\Steam\steamapps\common\Overgrowth\Data\Custom\timbles\therium-2\Dialogues\Level2-Bush-Intro.txt" />
            <parameter name="DisplayName" type="string" val="Bush Intro" />
            <parameter name="NumParticipants" type="int" val="1" />
            <parameter name="Script" type="string" val='set_character_pos 1 65.156 44.0959 63.4838 -18&#x0A;send_character_message 1 &quot;set_animation \&quot;Data/Animations/r_dialogue_thoughtful.anm\&quot;&quot;&#x0A;set_cam 63.8877 44.2102 63.9744 0 -83.37 0 87.1326&#x0A;#name &quot;Bush Intro&quot;&#x0A;#participants 1&#x0A;&#x0A;say 1 &quot;Ghost&quot; &quot;Hmm...&quot;&#x0A;set_cam 68.5643 44.7685 66.0097 0 -83.37 0 87.1326&#x0A;say 1 &quot;Ghost&quot; &quot;These bushes could provide cover...&quot;&#x0A;' />
            <parameter name="obj_1" type="int" val="69" />
        </parameters>
        <Connections>
            <Connection id="68" />
        </Connections>
    </PlaceholderObject>
    <PlaceholderObject t0="57.3259" t1="44.9102" t2="65.1768" s0="0.299999" s1="0.299999" s2="0.299999" r0="0.866025" r1="0" r2="0.5" r3="0" r4="-0" r5="1" r6="0" r7="0" r8="-0.5" r9="-0" r10="0.866025" r11="0" r12="0" r13="0" r14="0" r15="1" id="69" type_file="" special_type="2">
        <parameters />
        <Connections>
            <Connection id="28" />
        </Connections>
    </PlaceholderObject>
    <Hotspot t0="64.9726" t1="44.6008" t2="60.3389" s0="0.67796" s1="0.67796" s2="0.67796" r0="0.866025" r1="0" r2="0.5" r3="0" r4="-0" r5="1" r6="0" r7="0" r8="-0.5" r9="-0" r10="0.866025" r11="0" r12="0" r13="0" r14="0" r15="1" id="78" type_file="Data/Objects/Hotspots/start_dialogue.xml">
        <parameters>
            <parameter name="Dialogue" type="string" val="Bush Intro" />
        </parameters>
    </Hotspot>
    <EnvObject t0="89.6717" t1="49.2156" t2="65.5287" s0="1" s1="1" s2="1" r0="-0.677363" r1="-0.247342" r2="0.692822" r3="0" r4="0.0553661" r5="0.921971" r6="0.38328" r7="0" r8="-0.733563" r9="0.297979" r10="-0.610814" r11="0" r12="0" r13="0" r14="0" r15="1" id="102" color_r="1" color_g="1" color_b="1" type_file="Data/Objects/Crete/CreteBlockStandard.xml">
        <parameters />
    </EnvObject>
    <EnvObject t0="90.0142" t1="54.6143" t2="67.7909" s0="1" s1="1" s2="1" r0="-0.677362" r1="-0.247342" r2="0.692822" r3="0" r4="0.055367" r5="0.921971" r6="0.383281" r7="0" r8="-0.733563" r9="0.29798" r10="-0.610814" r11="0" r12="0" r13="0" r14="0" r15="1" id="103" color_r="1" color_g="1" color_b="1" type_file="Data/Objects/Crete/CreteBlockStandard.xml">
        <parameters />
    </EnvObject>
    <EnvObject t0="90.2821" t1="49.7257" t2="68.7575" s0="0.835371" s1="0.835371" s2="0.835371" r0="-0.968043" r1="-0.133165" r2="0.212507" r3="0" r4="-0.205576" r5="0.906693" r6="-0.368302" r7="0" r8="-0.143633" r9="-0.400219" r10="-0.905094" r11="0" r12="0" r13="0" r14="0" r15="1" id="105" color_r="1" color_g="1" color_b="1" type_file="Data/Objects/Crete/hex_crete_rubble.xml">
        <parameters />
    </EnvObject>
    <EnvObject t0="88.6731" t1="45.8064" t2="62.8693" s0="1" s1="1" s2="1" r0="-0.989727" r1="6.51926e-009" r2="0.142971" r3="0" r4="-0.0243278" r5="0.985417" r6="-0.168411" r7="0" r8="-0.140886" r9="-0.170159" r10="-0.975293" r11="0" r12="0" r13="0" r14="0" r15="1" id="106" color_r="1" color_g="1" color_b="1" type_file="Data/Objects/rocks/RoundStone1.xml">
        <parameters />
    </EnvObject>
    <ActorObject t0="105.458" t1="58.9225" t2="88.0028" s0="1" s1="1" s2="1" r0="-0.399399" r1="6.53263e-008" r2="-0.916777" r3="0" r4="-6.53263e-008" r5="1" r6="9.97162e-008" r7="0" r8="0.916777" r9="9.97162e-008" r10="-0.399399" r11="0" r12="0" r13="0" r14="0" r15="1" id="292" type_file="Data/Objects/IGF_Characters/IGF_GuardActor_reddy.xml" is_player="0">
        <parameters>
            <parameter name="Aggression" type="float" val="0.5" />
            <parameter name="Attack Damage" type="float" val="1" />
            <parameter name="Attack Knockback" type="float" val="1" />
            <parameter name="Attack Speed" type="float" val="1" />
            <parameter name="Block Follow-up" type="float" val="0.5" />
            <parameter name="Block Skill" type="float" val="0.5" />
            <parameter name="Character Scale" type="float" val="1" />
            <parameter name="Damage Resistance" type="float" val="1" />
            <parameter name="Ear Size" type="float" val="1" />
            <parameter name="Fat" type="float" val="0.5" />
            <parameter name="Ground Aggression" type="float" val="0.5" />
            <parameter name="Left handed" type="int" val="0" />
            <parameter name="Lives" type="int" val="1" />
            <parameter name="Movement Speed" type="float" val="1" />
            <parameter name="Muscle" type="float" val="0.5" />
            <parameter name="Teams" type="string" val="guard" />
        </parameters>
        <Connections>
            <Connection id="294" />
        </Connections>
        <ItemConnections />
        <Palette />
    </ActorObject>
    <ActorObject t0="108.242" t1="59.0255" t2="97.6588" s0="1" s1="1" s2="1" r0="1" r1="0" r2="0" r3="0" r4="0" r5="1" r6="0" r7="0" r8="0" r9="0" r10="1" r11="0" r12="0" r13="0" r14="0" r15="1" id="293" type_file="Data/Objects/IGF_Characters/IGF_GuardActor_reddy.xml" is_player="0">
        <parameters>
            <parameter name="Aggression" type="float" val="0.5" />
            <parameter name="Attack Damage" type="float" val="1" />
            <parameter name="Attack Knockback" type="float" val="1" />
            <parameter name="Attack Speed" type="float" val="1" />
            <parameter name="Block Follow-up" type="float" val="0.5" />
            <parameter name="Block Skill" type="float" val="0.5" />
            <parameter name="Character Scale" type="float" val="1" />
            <parameter name="Damage Resistance" type="float" val="1" />
            <parameter name="Ear Size" type="float" val="1" />
            <parameter name="Fat" type="float" val="0.5" />
            <parameter name="Ground Aggression" type="float" val="0.5" />
            <parameter name="Left handed" type="int" val="0" />
            <parameter name="Lives" type="int" val="1" />
            <parameter name="Movement Speed" type="float" val="1" />
            <parameter name="Muscle" type="float" val="0.5" />
            <parameter name="Teams" type="string" val="guard" />
        </parameters>
        <Connections>
            <Connection id="-1" />
        </Connections>
        <ItemConnections />
        <Palette />
    </ActorObject>
    <PathPointObject t0="115.503" t1="57.8552" t2="80.4464" s0="1" s1="1" s2="1" r0="1" r1="0" r2="0" r3="0" r4="0" r5="1" r6="0" r7="0" r8="0" r9="0" r10="1" r11="0" r12="0" r13="0" r14="0" r15="1" id="294" type_file="">
        <parameters>
            <parameter name="Type" type="string" val="Stand" />
            <parameter name="Wait" type="float" val="0" />
        </parameters>
        <Connections>
            <Connection id="295" />
            <Connection id="299" />
        </Connections>
    </PathPointObject>
    <PathPointObject t0="127.058" t1="57.1171" t2="69.9023" s0="1" s1="1" s2="1" r0="1" r1="0" r2="0" r3="0" r4="0" r5="1" r6="0" r7="0" r8="0" r9="0" r10="1" r11="0" r12="0" r13="0" r14="0" r15="1" id="295" type_file="">
        <parameters>
            <parameter name="Type" type="string" val="Stand" />
            <parameter name="Wait" type="float" val="0" />
        </parameters>
        <Connections>
            <Connection id="294" />
            <Connection id="296" />
        </Connections>
    </PathPointObject>
    <PathPointObject t0="141.718" t1="58.1034" t2="73.1273" s0="1" s1="1" s2="1" r0="1" r1="0" r2="0" r3="0" r4="0" r5="1" r6="0" r7="0" r8="0" r9="0" r10="1" r11="0" r12="0" r13="0" r14="0" r15="1" id="296" type_file="">
        <parameters>
            <parameter name="Type" type="string" val="Stand" />
            <parameter name="Wait" type="float" val="0" />
        </parameters>
        <Connections>
            <Connection id="295" />
            <Connection id="297" />
        </Connections>
    </PathPointObject>
    <PathPointObject t0="152.709" t1="57.7967" t2="90.3805" s0="1" s1="1" s2="1" r0="1" r1="0" r2="0" r3="0" r4="0" r5="1" r6="0" r7="0" r8="0" r9="0" r10="1" r11="0" r12="0" r13="0" r14="0" r15="1" id="297" type_file="">
        <parameters>
            <parameter name="Type" type="string" val="Stand" />
            <parameter name="Wait" type="float" val="0" />
        </parameters>
        <Connections>
            <Connection id="296" />
            <Connection id="298" />
        </Connections>
    </PathPointObject>
    <PathPointObject t0="143.054" t1="56.7179" t2="109.949" s0="1" s1="1" s2="1" r0="1" r1="0" r2="0" r3="0" r4="0" r5="1" r6="0" r7="0" r8="0" r9="0" r10="1" r11="0" r12="0" r13="0" r14="0" r15="1" id="298" type_file="">
        <parameters>
            <parameter name="Type" type="string" val="Stand" />
            <parameter name="Wait" type="float" val="0" />
        </parameters>
        <Connections>
            <Connection id="297" />
            <Connection id="299" />
        </Connections>
    </PathPointObject>
    <PathPointObject t0="125.053" t1="57.5529" t2="106.853" s0="1" s1="1" s2="1" r0="1" r1="0" r2="0" r3="0" r4="0" r5="1" r6="0" r7="0" r8="0" r9="0" r10="1" r11="0" r12="0" r13="0" r14="0" r15="1" id="299" type_file="">
        <parameters>
            <parameter name="Type" type="string" val="Stand" />
            <parameter name="Wait" type="float" val="0" />
        </parameters>
        <Connections>
            <Connection id="298" />
            <Connection id="294" />
        </Connections>
    </PathPointObject>
    <EnvObject t0="137.743" t1="58.6612" t2="99.0271" s0="1" s1="1" s2="1" r0="1" r1="0" r2="0" r3="0" r4="0" r5="1" r6="0" r7="0" r8="0" r9="0" r10="1" r11="0" r12="0" r13="0" r14="0" r15="1" id="300" color_r="1" color_g="1" color_b="1" type_file="Data/Objects/Environment/rocks/BlockyStone1.xml">
        <parameters />
    </EnvObject>
    <EnvObject t0="133.635" t1="59.113" t2="97.6306" s0="0.769685" s1="0.769685" s2="0.769685" r0="0.293194" r1="0.0348742" r2="0.955417" r3="0" r4="-0.118112" r5="0.993" r6="-4.47035e-007" r7="0" r8="-0.948729" r9="-0.112846" r10="0.295261" r11="0" r12="0" r13="0" r14="0" r15="1" id="301" color_r="1" color_g="1" color_b="1" type_file="Data/Objects/Crete/CreteBlockStandard.xml">
        <parameters />
    </EnvObject>
    <EnvObject t0="139.853" t1="57.3137" t2="98.2195" s0="1" s1="1" s2="1" r0="0.0450997" r1="8.23711e-008" r2="0.998983" r3="0" r4="8.23711e-008" r5="1" r6="-8.61737e-008" r7="0" r8="-0.998983" r9="8.61737e-008" r10="0.0450997" r11="0" r12="0" r13="0" r14="0" r15="1" id="302" color_r="1" color_g="1" color_b="1" type_file="Data/Objects/Environment/rocks/BlockyStone1.xml">
        <parameters />
    </EnvObject>
