<?xml version="2.0" ?>
<Type>saved</Type>
<Name></Name>
<Description></Description>
<Shader>post</Shader>
<Terrain>
    <Heightmap>Data/Textures/Terrain/dead_volcano/dead_volcano_hm.png</Heightmap>
    <DetailMap></DetailMap>
    <ColorMap>Data/Textures/Terrain/dead_volcano/dead_volcano_c.tga</ColorMap>
    <DetailMaps>
        <DetailMap colorpath="Data/Textures/Terrain/DetailTextures/rubble.tga" normalpath="Data/Textures/Terrain/DetailTextures/rubble_normal.tga" materialpath="Data/Materials/rocks.xml" />
        <DetailMap colorpath="Data/Textures/Terrain/DetailTextures/pebbles.tga" normalpath="Data/Textures/Terrain/DetailTextures/pebbles_normal.tga" materialpath="Data/Materials/gravel.xml" />
        <DetailMap colorpath="Data/Textures/Terrain/DetailTextures/smooth_mud.tga" normalpath="Data/Textures/Terrain/DetailTextures/smooth_mud_normal.tga" materialpath="Data/Materials/sand.xml" />
        <DetailMap colorpath="Data/Textures/Terrain/DetailTextures/volcanic.tga" normalpath="Data/Textures/Terrain/DetailTextures/volcanic_normal.tga" materialpath="Data/Materials/dirtyrock.xml" />
    </DetailMaps>
    <DetailObjects />
</Terrain>
<OutOfDate Shadow="false" AO="false" NavMesh="true" />
<SpawnPoints>
    <SpawnPoint t0="0" t1="200" t2="0" s0="1" s1="1" s2="1" r0="1" r1="0" r2="0" r3="0" r4="0" r5="1" r6="0" r7="0" r8="0" r9="0" r10="1" r11="0" r12="0" r13="0" r14="0" r15="1" />
</SpawnPoints>
<AmbientSounds>
    <Ambient path="Data/Sounds/ambient/amb_deadvolcano_loop" />
</AmbientSounds>
<Objectives>destroy_all</Objectives>
<Achievements>flawless, no_injuries, no_kills</Achievements>
<Script>Data/Scripts/challengelevel.as</Script>
<Sky>
    <DomeTexture>Data/Textures/skies/blue3.tga</DomeTexture>
    <SunAngularRad>0.0808992</SunAngularRad>
    <SunColorAngle>348.094</SunColorAngle>
    <RayToSun r0="-0.016404" r1="0.766062" r2="0.642557" />
    <ExtraAO>1</ExtraAO>
</Sky>
<ActorObjects>
    <Group t0="110.425" t1="-50.0735" t2="-73.6014" s0="1" s1="1" s2="1" r0="1" r1="0" r2="0" r3="0" r4="0" r5="1" r6="0" r7="0" r8="0" r9="0" r10="1" r11="0" r12="0" r13="0" r14="0" r15="1" id="8" color_r="0.6" color_g="0.12" color_b="0.36" d0="16.8295" d1="64.8234" d2="19.8667" uses_imposter="0">
        <parameters />
        <EnvObject t0="115.79" t1="-71.6248" t2="-67.6131" s0="1" s1="1" s2="1" r0="0.984433" r1="-0.004469" r2="-0.175703" r3="0" r4="0.024997" r5="-0.985954" r6="0.165134" r7="0" r8="-0.173973" r9="-0.166956" r10="-0.970495" r11="0" r12="0" r13="0" r14="0" r15="1" id="268" color_r="1" color_g="1" color_b="1" type_file="Data/Objects/Crete/large_dark_cube.xml">
            <parameters />
        </EnvObject>
        <EnvObject t0="111.488" t1="-58.2837" t2="-71.0138" s0="1" s1="1" s2="1" r0="-0.988507" r1="0" r2="-0.151176" r3="0" r4="0.017334" r5="0.993405" r6="-0.113346" r7="0" r8="0.150178" r9="-0.114663" r10="-0.981987" r11="0" r12="0" r13="0" r14="0" r15="1" id="269" color_r="1" color_g="1" color_b="1" type_file="Data/Objects/Crete/large_dark_cube.xml">
            <parameters />
        </EnvObject>
        <EnvObject t0="109.911" t1="-52.2227" t2="-72.5963" s0="1" s1="1" s2="1" r0="0.96486" r1="-0.025714" r2="0.261503" r3="0" r4="0.051491" r5="0.994409" r6="-0.092204" r7="0" r8="-0.25767" r9="0.102429" r10="0.960789" r11="0" r12="0" r13="0" r14="0" r15="1" id="270" color_r="1" color_g="1" color_b="1" type_file="Data/Objects/Crete/large_dark_cube.xml">
            <parameters />
        </EnvObject>
        <EnvObject t0="113.335" t1="-64.8289" t2="-69.3396" s0="1" s1="1" s2="1" r0="1" r1="0" r2="0" r3="0" r4="0" r5="0.9893" r6="-0.145898" r7="0" r8="0" r9="0.145898" r10="0.9893" r11="0" r12="0" r13="0" r14="0" r15="1" id="271" color_r="1" color_g="1" color_b="1" type_file="Data/Objects/Crete/large_dark_cube.xml">
            <parameters />
        </EnvObject>
        <EnvObject t0="108.698" t1="-46.7878" t2="-74.1478" s0="1" s1="1" s2="1" r0="0.936576" r1="-0.044317" r2="0.347653" r3="0" r4="-0.070494" r5="-0.995522" r6="0.063007" r7="0" r8="0.343304" r9="-0.083518" r10="-0.935505" r11="0" r12="0" r13="0" r14="0" r15="1" id="272" color_r="1" color_g="1" color_b="1" type_file="Data/Objects/Crete/large_dark_cube.xml">
            <parameters />
        </EnvObject>
        <EnvObject t0="106.778" t1="-28.6969" t2="-79.3837" s0="1" s1="1" s2="1" r0="0.71938" r1="-0.193914" r2="0.667001" r3="0" r4="-0.163969" r5="-0.980514" r6="-0.108213" r7="0" r8="0.674987" r9="-0.031521" r10="-0.737158" r11="0" r12="0" r13="0" r14="0" r15="1" id="273" color_r="1" color_g="1" color_b="1" type_file="Data/Objects/Crete/large_dark_cube.xml">
            <parameters />
        </EnvObject>
        <EnvObject t0="107.222" t1="-36.8072" t2="-77.1933" s0="1" s1="1" s2="1" r0="0.845948" r1="-0.147675" r2="0.512409" r3="0" r4="0.142807" r5="0.988531" r6="0.049127" r7="0" r8="-0.513787" r9="0.031617" r10="0.857335" r11="0" r12="0" r13="0" r14="0" r15="1" id="274" color_r="1" color_g="1" color_b="1" type_file="Data/Objects/Crete/large_dark_cube.xml">
            <parameters />
        </EnvObject>
        <EnvObject t0="106.859" t1="-32.4843" t2="-78.304" s0="1" s1="1" s2="1" r0="-0.778818" r1="0.181259" r2="-0.60049" r3="0" r4="-0.165868" r5="-0.982773" r6="-0.081526" r7="0" r8="-0.604922" r9="0.036108" r10="0.795466" r11="0" r12="0" r13="0" r14="0" r15="1" id="275" color_r="1" color_g="1" color_b="1" type_file="Data/Objects/Crete/large_dark_cube.xml">
            <parameters />
        </EnvObject>
        <EnvObject t0="107.772" t1="-41.6397" t2="-75.9299" s0="1" s1="1" s2="1" r0="0.920434" r1="-0.096452" r2="0.37881" r3="0" r4="0.105017" r5="0.994468" r6="-0.001959" r7="0" r8="-0.376526" r9="0.041585" r10="0.925472" r11="0" r12="0" r13="0" r14="0" r15="1" id="276" color_r="1" color_g="1" color_b="1" type_file="Data/Objects/Crete/large_dark_cube.xml">
            <parameters />
        </EnvObject>
    </Group>
    <Group t0="86.3531" t1="-55.194" t2="135.953" s0="1" s1="1" s2="1" r0="1" r1="0" r2="0" r3="0" r4="0" r5="1" r6="0" r7="0" r8="0" r9="0" r10="1" r11="0" r12="0" r13="0" r14="0" r15="1" id="2" color_r="0.12" color_g="0.6" color_b="0.36" d0="16.6342" d1="33.8861" d2="14.329" uses_imposter="0">
        <parameters />
        <EnvObject t0="83.4327" t1="-49.1789" t2="135.548" s0="1" s1="1" s2="1" r0="0.749299" r1="0.407744" r2="-0.521823" r3="0" r4="0.224401" r5="-0.897688" r6="-0.379214" r7="0" r8="-0.623054" r9="0.167047" r10="-0.764133" r11="0" r12="0" r13="0" r14="0" r15="1" id="285" color_r="1" color_g="1" color_b="1" type_file="Data/Objects/Crete/large_dark_cube.xml">
            <parameters />
        </EnvObject>
        <EnvObject t0="86.3989" t1="-57.0479" t2="135.778" s0="1" s1="1" s2="1" r0="0.599142" r1="0.476545" r2="-0.643377" r3="0" r4="-0.284134" r5="0.877827" r6="0.3856" r7="0" r8="0.748529" r9="-0.048224" r10="0.661346" r11="0" r12="0" r13="0" r14="0" r15="1" id="286" color_r="1" color_g="1" color_b="1" type_file="Data/Objects/Crete/large_dark_cube.xml">
            <parameters />
        </EnvObject>
        <EnvObject t0="84.6925" t1="-52.9091" t2="135.674" s0="1" s1="1" s2="1" r0="-0.687605" r1="-0.434339" r2="0.58185" r3="0" r4="0.249974" r5="-0.893972" r6="-0.371924" r7="0" r8="0.681698" r9="-0.11029" r10="0.723274" r11="0" r12="0" r13="0" r14="0" r15="1" id="287" color_r="1" color_g="1" color_b="1" type_file="Data/Objects/Crete/large_dark_cube.xml">
            <parameters />
        </EnvObject>
        <EnvObject t0="88.4351" t1="-61.6386" t2="135.953" s0="1" s1="1" s2="1" r0="0.462633" r1="0.52566" r2="-0.713899" r3="0" r4="-0.337029" r5="0.849079" r6="0.406788" r7="0" r8="0.819989" r9="0.052411" r10="0.569975" r11="0" r12="0" r13="0" r14="0" r15="1" id="288" color_r="1" color_g="1" color_b="1" type_file="Data/Objects/Crete/large_dark_cube.xml">
            <parameters />
        </EnvObject>
        <EnvObject t0="88.8714" t1="-60.7729" t2="137.855" s0="1" s1="1" s2="1" r0="0.295198" r1="0.481107" r2="-0.825466" r3="0" r4="-0.34762" r5="0.858838" r6="0.376242" r7="0" r8="0.889954" r9="0.175882" r10="0.42077" r11="0" r12="0" r13="0" r14="0" r15="1" id="289" color_r="1" color_g="1" color_b="1" type_file="Data/Objects/Crete/dark_dirty_cube.xml">
            <parameters />
        </EnvObject>
    </Group>
    <Group t0="53.8479" t1="751.931" t2="-1095.54" s0="1" s1="1" s2="1" r0="1" r1="0" r2="0" r3="0" r4="0" r5="1" r6="0" r7="0" r8="0" r9="0" r10="1" r11="0" r12="0" r13="0" r14="0" r15="1" id="1" color_r="0.12" color_g="0.6" color_b="0.6" d0="16.8295" d1="64.8234" d2="19.8667" uses_imposter="0">
        <parameters />
        <EnvObject t0="59.2134" t1="730.38" t2="-1089.55" s0="1" s1="1" s2="1" r0="0.984433" r1="-0.004469" r2="-0.175703" r3="0" r4="0.024997" r5="-0.985954" r6="0.165134" r7="0" r8="-0.173973" r9="-0.166956" r10="-0.970495" r11="0" r12="0" r13="0" r14="0" r15="1" id="106" color_r="1" color_g="1" color_b="1" type_file="Data/Objects/Crete/large_dark_cube.xml">
            <parameters />
        </EnvObject>
        <EnvObject t0="54.9108" t1="743.721" t2="-1092.95" s0="1" s1="1" s2="1" r0="-0.988507" r1="0" r2="-0.151176" r3="0" r4="0.017334" r5="0.993405" r6="-0.113346" r7="0" r8="0.150178" r9="-0.114663" r10="-0.981987" r11="0" r12="0" r13="0" r14="0" r15="1" id="161" color_r="1" color_g="1" color_b="1" type_file="Data/Objects/Crete/large_dark_cube.xml">
            <parameters />
        </EnvObject>
        <EnvObject t0="53.3343" t1="749.782" t2="-1094.53" s0="1" s1="1" s2="1" r0="0.96486" r1="-0.025714" r2="0.261503" r3="0" r4="0.051491" r5="0.994409" r6="-0.092204" r7="0" r8="-0.25767" r9="0.102429" r10="0.960789" r11="0" r12="0" r13="0" r14="0" r15="1" id="202" color_r="1" color_g="1" color_b="1" type_file="Data/Objects/Crete/large_dark_cube.xml">
            <parameters />
        </EnvObject>
        <EnvObject t0="56.7586" t1="737.176" t2="-1091.28" s0="1" s1="1" s2="1" r0="1" r1="0" r2="0" r3="0" r4="0" r5="0.9893" r6="-0.145898" r7="0" r8="0" r9="0.145898" r10="0.9893" r11="0" r12="0" r13="0" r14="0" r15="1" id="203" color_r="1" color_g="1" color_b="1" type_file="Data/Objects/Crete/large_dark_cube.xml">
            <parameters />
        </EnvObject>
        <EnvObject t0="52.1215" t1="755.217" t2="-1096.09" s0="1" s1="1" s2="1" r0="0.936576" r1="-0.044317" r2="0.347653" r3="0" r4="-0.070494" r5="-0.995522" r6="0.063007" r7="0" r8="0.343304" r9="-0.083518" r10="-0.935505" r11="0" r12="0" r13="0" r14="0" r15="1" id="204" color_r="1" color_g="1" color_b="1" type_file="Data/Objects/Crete/large_dark_cube.xml">
            <parameters />
        </EnvObject>
        <EnvObject t0="50.2011" t1="773.307" t2="-1101.32" s0="1" s1="1" s2="1" r0="0.71938" r1="-0.193914" r2="0.667001" r3="0" r4="-0.163969" r5="-0.980514" r6="-0.108213" r7="0" r8="0.674987" r9="-0.031521" r10="-0.737158" r11="0" r12="0" r13="0" r14="0" r15="1" id="205" color_r="1" color_g="1" color_b="1" type_file="Data/Objects/Crete/large_dark_cube.xml">
            <parameters />
        </EnvObject>
        <EnvObject t0="50.6452" t1="765.197" t2="-1099.13" s0="1" s1="1" s2="1" r0="0.845948" r1="-0.147675" r2="0.512409" r3="0" r4="0.142807" r5="0.988531" r6="0.049127" r7="0" r8="-0.513787" r9="0.031617" r10="0.857335" r11="0" r12="0" r13="0" r14="0" r15="1" id="263" color_r="1" color_g="1" color_b="1" type_file="Data/Objects/Crete/large_dark_cube.xml">
            <parameters />
        </EnvObject>
        <EnvObject t0="50.2823" t1="769.52" t2="-1100.24" s0="1" s1="1" s2="1" r0="-0.778818" r1="0.181259" r2="-0.60049" r3="0" r4="-0.165868" r5="-0.982773" r6="-0.081526" r7="0" r8="-0.604922" r9="0.036108" r10="0.795466" r11="0" r12="0" r13="0" r14="0" r15="1" id="264" color_r="1" color_g="1" color_b="1" type_file="Data/Objects/Crete/large_dark_cube.xml">
            <parameters />
        </EnvObject>
        <EnvObject t0="51.1955" t1="760.365" t2="-1097.87" s0="1" s1="1" s2="1" r0="0.920434" r1="-0.096452" r2="0.37881" r3="0" r4="0.105017" r5="0.994468" r6="-0.001959" r7="0" r8="-0.376526" r9="0.041585" r10="0.925472" r11="0" r12="0" r13="0" r14="0" r15="1" id="265" color_r="1" color_g="1" color_b="1" type_file="Data/Objects/Crete/large_dark_cube.xml">
            <parameters />
        </EnvObject>
    </Group>
    <Group t0="-158.541" t1="-61.4933" t2="-137.086" s0="1" s1="1" s2="1" r0="-0.93444" r1="-0.005381" r2="-0.35608" r3="0" r4="-0.005285" r5="0.999985" r6="-0.001246" r7="0" r8="0.356082" r9="0.000718" r10="-0.934455" r11="0" r12="0" r13="0" r14="0" r15="1" id="3" color_r="0.12" color_g="0.6" color_b="0.12" d0="16.8295" d1="64.8234" d2="19.8667" uses_imposter="0">
        <parameters />
        <EnvObject t0="-161.309" t1="-83.0695" t2="-144.565" s0="1" s1="1" s2="1" r0="-0.982434" r1="-0.009888" r2="-0.186348" r3="0" r4="0.040648" r5="-0.985955" r6="-0.161984" r7="0" r8="-0.182129" r9="-0.166712" r10="0.969039" r11="0" r12="0" r13="0" r14="0" r15="1" id="338" color_r="1" color_g="1" color_b="1" type_file="Data/Objects/Crete/large_dark_cube.xml">
            <parameters />
        </EnvObject>
        <EnvObject t0="-158.57" t1="-69.7073" t2="-139.872" s0="1" s1="1" s2="1" r0="0.869869" r1="0.005211" r2="0.493259" r3="0" r4="-0.061808" r5="0.993214" r6="0.098507" r7="0" r8="-0.489398" r9="-0.116175" r10="0.864287" r11="0" r12="0" r13="0" r14="0" r15="1" id="339" color_r="1" color_g="1" color_b="1" type_file="Data/Objects/Crete/large_dark_cube.xml">
            <parameters />
        </EnvObject>
        <EnvObject t0="-157.692" t1="-63.639" t2="-137.839" s0="1" s1="1" s2="1" r0="-0.808352" r1="-0.030718" r2="-0.587898" r3="0" r4="-0.086201" r5="0.994051" r6="0.066587" r7="0" r8="0.582354" r9="0.104504" r10="-0.80619" r11="0" r12="0" r13="0" r14="0" r15="1" id="340" color_r="1" color_g="1" color_b="1" type_file="Data/Objects/Crete/large_dark_cube.xml">
            <parameters />
        </EnvObject>
        <EnvObject t0="-159.666" t1="-76.2612" t2="-142.086" s0="1" s1="1" s2="1" r0="-0.934441" r1="-0.005379" r2="-0.356079" r3="0" r4="-0.057177" r5="0.989182" r6="0.135103" r7="0" r8="0.3515" r9="0.146605" r10="-0.924637" r11="0" r12="0" r13="0" r14="0" r15="1" id="341" color_r="1" color_g="1" color_b="1" type_file="Data/Objects/Crete/large_dark_cube.xml">
            <parameters />
        </EnvObject>
        <EnvObject t0="-157.14" t1="-58.1988" t2="-135.965" s0="1" s1="1" s2="1" r0="-0.751148" r1="-0.049106" r2="-0.658308" r3="0" r4="0.093569" r5="-0.995083" r6="-0.032535" r7="0" r8="-0.653473" r9="-0.086035" r10="0.752047" r11="0" r12="0" r13="0" r14="0" r15="1" id="342" color_r="1" color_g="1" color_b="1" type_file="Data/Objects/Crete/large_dark_cube.xml">
            <parameters />
        </EnvObject>
        <EnvObject t0="-157.305" t1="-40.1014" t2="-130.411" s0="1" s1="1" s2="1" r0="-0.433693" r1="-0.197304" r2="-0.879194" r3="0" r4="0.119867" r5="-0.979697" r6="0.160728" r7="0" r8="-0.893055" r9="-0.035679" r10="0.448537" r11="0" r12="0" r13="0" r14="0" r15="1" id="343" color_r="1" color_g="1" color_b="1" type_file="Data/Objects/Crete/large_dark_cube.xml">
            <parameters />
        </EnvObject>
        <EnvObject t0="-156.898" t1="-48.2124" t2="-132.606" s0="1" s1="1" s2="1" r0="-0.607247" r1="-0.151858" r2="-0.779866" r3="0" r4="-0.121175" r5="0.987784" r6="-0.09799" r7="0" r8="0.78522" r9="0.034994" r10="-0.618228" r11="0" r12="0" r13="0" r14="0" r15="1" id="344" color_r="1" color_g="1" color_b="1" type_file="Data/Objects/Crete/large_dark_cube.xml">
            <parameters />
        </EnvObject>
        <EnvObject t0="-156.977" t1="-43.8885" t2="-131.444" s0="1" s1="1" s2="1" r0="0.512981" r1="0.185017" r2="0.838225" r3="0" r4="0.131155" r5="-0.981926" r6="0.136469" r7="0" r8="0.848323" r9="0.039933" r10="-0.527975" r11="0" r12="0" r13="0" r14="0" r15="1" id="345" color_r="1" color_g="1" color_b="1" type_file="Data/Objects/Crete/large_dark_cube.xml">
            <parameters />
        </EnvObject>
        <EnvObject t0="-156.937" t1="-53.0468" t2="-133.976" s0="1" s1="1" s2="1" r0="-0.724695" r1="-0.101128" r2="-0.68161" r3="0" r4="-0.10408" r5="0.993888" r6="-0.036802" r7="0" r8="0.681167" r9="0.044272" r10="-0.730789" r11="0" r12="0" r13="0" r14="0" r15="1" id="346" color_r="1" color_g="1" color_b="1" type_file="Data/Objects/Crete/large_dark_cube.xml">
            <parameters />
        </EnvObject>
    </Group>
    <Group t0="-50.4587" t1="-29.1916" t2="-171.158" s0="1" s1="1" s2="1" r0="1" r1="0" r2="0" r3="0" r4="0" r5="0.994042" r6="0.108997" r7="0" r8="0" r9="-0.108997" r10="0.994042" r11="0" r12="0" r13="0" r14="0" r15="1" id="14" color_r="0.07" color_g="0.385" color_b="0.7" d0="16.2411" d1="118.486" d2="23.8134" uses_imposter="0">
        <parameters />
        <Group t0="-49.2863" t1="-55.8099" t2="-168.279" s0="1" s1="1" s2="1" r0="-0.984226" r1="0.175863" r2="0.019283" r3="0" r4="-0.171494" r5="-0.975151" r6="0.140245" r7="0" r8="0.043468" r9="0.134726" r10="0.989929" r11="0" r12="0" r13="0" r14="0" r15="1" id="11" color_r="0.12" color_g="0.12" color_b="0.6" d0="16.8295" d1="64.8234" d2="19.8667" uses_imposter="0">
            <parameters />
            <EnvObject t0="-50.611" t1="-33.0436" t2="-165.27" s0="1" s1="1" s2="1" r0="-0.975776" r1="0.153811" r2="-0.155577" r3="0" r4="0.151661" r5="0.988099" r6="0.025679" r7="0" r8="0.157675" r9="0.001461" r10="-0.98749" r11="0" r12="0" r13="0" r14="0" r15="1" id="300" color_r="1" color_g="1" color_b="1" type_file="Data/Objects/Crete/large_dark_cube.xml">
                <parameters />
            </EnvObject>
            <EnvObject t0="-48.812" t1="-47.2681" t2="-166.848" s0="1" s1="1" s2="1" r0="0.966343" r1="-0.194209" r2="-0.168713" r3="0" r4="-0.19235" r5="-0.980943" r6="0.027452" r7="0" r8="-0.17083" r9="0.005925" r10="-0.985283" r11="0" r12="0" r13="0" r14="0" r15="1" id="301" color_r="1" color_g="1" color_b="1" type_file="Data/Objects/Crete/large_dark_cube.xml">
                <parameters />
            </EnvObject>
            <EnvObject t0="-48.3686" t1="-53.669" t2="-167.595" s0="1" s1="1" s2="1" r0="-0.933863" r1="0.22999" r2="0.27387" r3="0" r4="-0.225222" r5="-0.973067" r6="0.049179" r7="0" r8="0.277803" r9="-0.015755" r10="0.960509" r11="0" r12="0" r13="0" r14="0" r15="1" id="302" color_r="1" color_g="1" color_b="1" type_file="Data/Objects/Crete/large_dark_cube.xml">
                <parameters />
            </EnvObject>
            <EnvObject t0="-49.4353" t1="-40.3351" t2="-166.073" s0="1" s1="1" s2="1" r0="-0.984226" r1="0.175863" r2="0.019283" r3="0" r4="-0.176001" r5="-0.984374" r6="-0.005684" r7="0" r8="0.017982" r9="-0.008988" r10="0.999798" r11="0" r12="0" r13="0" r14="0" r15="1" id="303" color_r="1" color_g="1" color_b="1" type_file="Data/Objects/Crete/large_dark_cube.xml">
                <parameters />
            </EnvObject>
            <EnvObject t0="-48.1744" t1="-59.3911" t2="-168.392" s0="1" s1="1" s2="1" r0="-0.89909" r1="0.254763" r2="0.355998" r3="0" r4="0.242847" r5="0.966876" r6="-0.078605" r7="0" r8="-0.364231" r9="0.01578" r10="-0.931176" r11="0" r12="0" r13="0" r14="0" r15="1" id="304" color_r="1" color_g="1" color_b="1" type_file="Data/Objects/Crete/large_dark_cube.xml">
                <parameters />
            </EnvObject>
            <EnvObject t0="-49.6143" t1="-78.0756" t2="-171.075" s0="1" s1="1" s2="1" r0="-0.645784" r1="0.405471" r2="0.646962" r3="0" r4="0.324831" r5="0.912734" r6="-0.247799" r7="0" r8="-0.690977" r9="0.050129" r10="-0.721138" r11="0" r12="0" r13="0" r14="0" r15="1" id="305" color_r="1" color_g="1" color_b="1" type_file="Data/Objects/Crete/large_dark_cube.xml">
                <parameters />
            </EnvObject>
            <EnvObject t0="-48.5654" t1="-69.7936" t2="-170.036" s0="1" s1="1" s2="1" r0="-0.785005" r1="0.361812" r2="0.502851" r3="0" r4="-0.307946" r5="-0.932234" r6="0.190024" r7="0" r8="0.537527" r9="-0.005682" r10="0.843227" r11="0" r12="0" r13="0" r14="0" r15="1" id="306" color_r="1" color_g="1" color_b="1" type_file="Data/Objects/Crete/large_dark_cube.xml">
                <parameters />
            </EnvObject>
            <EnvObject t0="-48.9978" t1="-74.2225" t2="-170.536" s0="1" s1="1" s2="1" r0="0.709346" r1="-0.394622" r2="-0.58404" r3="0" r4="0.328247" r5="0.918199" r6="-0.221733" r7="0" r8="0.623765" r9="-0.034424" r10="0.780854" r11="0" r12="0" r13="0" r14="0" r15="1" id="307" color_r="1" color_g="1" color_b="1" type_file="Data/Objects/Crete/large_dark_cube.xml">
                <parameters />
            </EnvObject>
            <EnvObject t0="-48.2233" t1="-64.8144" t2="-169.452" s0="1" s1="1" s2="1" r0="-0.872908" r1="0.306961" r2="0.379218" r3="0" r4="-0.273991" r5="-0.951552" r6="0.139554" r7="0" r8="0.403683" r9="0.017917" r10="0.914723" r11="0" r12="0" r13="0" r14="0" r15="1" id="308" color_r="1" color_g="1" color_b="1" type_file="Data/Objects/Crete/large_dark_cube.xml">
                <parameters />
            </EnvObject>
        </Group>
        <Group t0="-52.3245" t1="-2.86975" t2="-169.677" s0="1" s1="1" s2="1" r0="0.903994" r1="-0.181925" r2="0.386911" r3="0" r4="0.113828" r5="0.974702" r6="0.192352" r7="0" r8="-0.412116" r9="-0.129842" r10="0.901833" r11="0" r12="0" r13="0" r14="0" r15="1" id="13" color_r="0.12" color_g="0.6" color_b="0.6" d0="16.8295" d1="64.8234" d2="19.8667" uses_imposter="0">
            <parameters />
            <EnvObject t0="-52.395" t1="-25.6297" t2="-166.346" s0="1" s1="1" s2="1" r0="0.961823" r1="-0.160633" r2="0.221576" r3="0" r4="-0.157685" r5="-0.987" r6="-0.031055" r7="0" r8="0.223683" r9="-0.005071" r10="-0.97465" r11="0" r12="0" r13="0" r14="0" r15="1" id="318" color_r="1" color_g="1" color_b="1" type_file="Data/Objects/Crete/large_dark_cube.xml">
                <parameters />
            </EnvObject>
            <EnvObject t0="-53.3645" t1="-11.4017" t2="-168.512" s0="1" s1="1" s2="1" r0="-0.831302" r1="0.199465" r2="-0.518801" r3="0" r4="0.175461" r5="0.979836" r6="0.095571" r7="0" r8="0.527402" r9="-0.01158" r10="-0.849537" r11="0" r12="0" r13="0" r14="0" r15="1" id="319" color_r="1" color_g="1" color_b="1" type_file="Data/Objects/Crete/large_dark_cube.xml">
                <parameters />
            </EnvObject>
            <EnvObject t0="-53.4476" t1="-5.00172" t2="-169.383" s0="1" s1="1" s2="1" r0="0.761531" r1="-0.23455" r2="0.604202" r3="0" r4="0.197738" r5="0.971857" r6="0.128045" r7="0" r8="-0.617229" r9="0.021963" r10="0.786478" r11="0" r12="0" r13="0" r14="0" r15="1" id="320" color_r="1" color_g="1" color_b="1" type_file="Data/Objects/Crete/large_dark_cube.xml">
                <parameters />
            </EnvObject>
            <EnvObject t0="-53.1292" t1="-18.3348" t2="-167.546" s0="1" s1="1" s2="1" r0="0.903993" r1="-0.181924" r2="0.386911" r3="0" r4="0.172737" r5="0.983218" r6="0.058717" r7="0" r8="-0.391099" r9="0.013754" r10="0.920246" r11="0" r12="0" r13="0" r14="0" r15="1" id="321" color_r="1" color_g="1" color_b="1" type_file="Data/Objects/Crete/large_dark_cube.xml">
                <parameters />
            </EnvObject>
            <EnvObject t0="-53.2861" t1="0.717824" t2="-170.206" s0="1" s1="1" s2="1" r0="0.698341" r1="-0.258724" r2="0.667372" r3="0" r4="-0.203011" r5="-0.965694" r6="-0.161943" r7="0" r8="0.686374" r9="-0.022392" r10="-0.726906" r11="0" r12="0" r13="0" r14="0" r15="1" id="322" color_r="1" color_g="1" color_b="1" type_file="Data/Objects/Crete/large_dark_cube.xml">
                <parameters />
            </EnvObject>
            <EnvObject t0="-50.805" t1="19.3806" t2="-172.191" s0="1" s1="1" s2="1" r0="0.353361" r1="-0.406487" r2="0.842558" r3="0" r4="-0.21524" r5="-0.91183" r6="-0.349634" r7="0" r8="0.91039" r9="-0.057805" r10="-0.409698" r11="0" r12="0" r13="0" r14="0" r15="1" id="323" color_r="1" color_g="1" color_b="1" type_file="Data/Objects/Crete/large_dark_cube.xml">
                <parameters />
            </EnvObject>
            <EnvObject t0="-52.2294" t1="11.1101" t2="-171.604" s0="1" s1="1" s2="1" r0="0.53675" r1="-0.364371" r2="0.761009" r3="0" r4="0.221373" r5="0.931165" r6="0.289703" r7="0" r8="-0.814183" r9="0.012969" r10="0.580464" r11="0" r12="0" r13="0" r14="0" r15="1" id="324" color_r="1" color_g="1" color_b="1" type_file="Data/Objects/Crete/large_dark_cube.xml">
                <parameters />
            </EnvObject>
            <EnvObject t0="-51.6077" t1="15.5338" t2="-171.914" s0="1" s1="1" s2="1" r0="-0.435942" r1="0.396329" r2="-0.808008" r3="0" r4="-0.228212" r5="-0.917151" r6="-0.326736" r7="0" r8="-0.870559" r9="0.041959" r10="0.49027" r11="0" r12="0" r13="0" r14="0" r15="1" id="325" color_r="1" color_g="1" color_b="1" type_file="Data/Objects/Crete/large_dark_cube.xml">
                <parameters />
            </EnvObject>
            <EnvObject t0="-52.8026" t1="6.13571" t2="-171.181" s0="1" s1="1" s2="1" r0="0.664975" r1="-0.310646" r2="0.679196" r3="0" r4="0.208939" r5="0.950461" r6="0.230151" r7="0" r8="-0.717046" r9="-0.011134" r10="0.696938" r11="0" r12="0" r13="0" r14="0" r15="1" id="326" color_r="1" color_g="1" color_b="1" type_file="Data/Objects/Crete/large_dark_cube.xml">
                <parameters />
            </EnvObject>
        </Group>
    </Group>
    <Group t0="-195.023" t1="-42.6135" t2="101.372" s0="1" s1="1" s2="1" r0="0.693728" r1="-0.720237" r2="0" r3="0" r4="0.720237" r5="0.693728" r6="0" r7="0" r8="0" r9="0" r10="1" r11="0" r12="0" r13="0" r14="0" r15="1" id="15" color_r="0.12" color_g="0.6" color_b="0.12" d0="16.6342" d1="33.8861" d2="14.329" uses_imposter="0">
        <parameters />
        <EnvObject t0="-192.716" t1="-36.3372" t2="100.967" s0="1" s1="1" s2="1" r0="0.813481" r1="-0.25681" r2="-0.521823" r3="0" r4="-0.490874" r5="-0.784374" r6="-0.379213" r7="0" r8="-0.311917" r9="0.564632" r10="-0.764133" r11="0" r12="0" r13="0" r14="0" r15="1" id="328" color_r="1" color_g="1" color_b="1" type_file="Data/Objects/Crete/large_dark_cube.xml">
            <parameters />
        </EnvObject>
        <EnvObject t0="-196.326" t1="-43.9325" t2="101.197" s0="1" s1="1" s2="1" r0="0.758866" r1="-0.100932" r2="-0.643377" r3="0" r4="0.435131" r5="0.813618" r6="0.3856" r7="0" r8="0.484543" r9="-0.572573" r10="0.661346" r11="0" r12="0" r13="0" r14="0" r15="1" id="331" color_r="1" color_g="1" color_b="1" type_file="Data/Objects/Crete/large_dark_cube.xml">
            <parameters />
        </EnvObject>
        <EnvObject t0="-194.529" t1="-39.8324" t2="101.093" s0="1" s1="1" s2="1" r0="-0.789838" r1="0.193925" r2="0.58185" r3="0" r4="-0.470457" r5="-0.800214" r6="-0.371924" r7="0" r8="0.393479" r9="-0.567495" r10="0.723274" r11="0" r12="0" r13="0" r14="0" r15="1" id="332" color_r="1" color_g="1" color_b="1" type_file="Data/Objects/Crete/large_dark_cube.xml">
            <parameters />
        </EnvObject>
        <EnvObject t0="-198.22" t1="-48.5838" t2="101.372" s0="1" s1="1" s2="1" r0="0.699541" r1="0.03146" r2="-0.713899" r3="0" r4="0.377731" r5="0.831771" r6="0.406788" r7="0" r8="0.606598" r9="-0.554228" r10="0.569975" r11="0" r12="0" r13="0" r14="0" r15="1" id="333" color_r="1" color_g="1" color_b="1" type_file="Data/Objects/Crete/large_dark_cube.xml">
            <parameters />
        </EnvObject>
        <EnvObject t0="-197.294" t1="-48.2975" t2="103.274" s0="1" s1="1" s2="1" r0="0.551298" r1="0.121145" r2="-0.825466" r3="0" r4="0.377412" r5="0.846169" r6="0.376242" r7="0" r8="0.744063" r9="-0.518964" r10="0.42077" r11="0" r12="0" r13="0" r14="0" r15="1" id="334" color_r="1" color_g="1" color_b="1" type_file="Data/Objects/Crete/dark_dirty_cube.xml">
            <parameters />
        </EnvObject>
    </Group>
    <Group t0="108.381" t1="-65.1075" t2="-86.4355" s0="1" s1="1" s2="1" r0="1" r1="0" r2="0" r3="0" r4="0" r5="1" r6="0" r7="0" r8="0" r9="0" r10="1" r11="0" r12="0" r13="0" r14="0" r15="1" id="10" color_r="0.36" color_g="0.12" color_b="0.6" d0="11.3761" d1="33.9217" d2="14.1697" uses_imposter="0">
        <parameters />
        <EnvObject t0="105.94" t1="-59.1656" t2="-88.0932" s0="1" s1="1" s2="1" r0="0.242515" r1="-0.258577" r2="-0.935054" r3="0" r4="-0.084865" r5="-0.965787" r6="0.245065" r7="0" r8="-0.96643" r9="0.019921" r10="-0.25616" r11="0" r12="0" r13="0" r14="0" r15="1" id="240" color_r="1" color_g="1" color_b="1" type_file="Data/Objects/Crete/large_dark_cube.xml">
            <parameters />
        </EnvObject>
        <EnvObject t0="108.378" t1="-66.5278" t2="-84.8334" s0="1" s1="1" s2="1" r0="0.050317" r1="-0.201522" r2="-0.978191" r3="0" r4="0.043022" r5="0.97896" r6="-0.199468" r7="0" r8="0.997805" r9="-0.032047" r10="0.057928" r11="0" r12="0" r13="0" r14="0" r15="1" id="107" color_r="1" color_g="1" color_b="1" type_file="Data/Objects/Crete/large_dark_cube.xml">
            <parameters />
        </EnvObject>
        <EnvObject t0="106.993" t1="-62.5931" t2="-86.4623" s0="1" s1="1" s2="1" r0="-0.15703" r1="0.241313" r2="0.957659" r3="0" r4="-0.060559" r5="-0.970215" r6="0.234548" r7="0" r8="0.985736" r9="-0.021164" r10="0.166966" r11="0" r12="0" r13="0" r14="0" r15="1" id="108" color_r="1" color_g="1" color_b="1" type_file="Data/Objects/Crete/large_dark_cube.xml">
            <parameters />
        </EnvObject>
        <EnvObject t0="110.014" t1="-71.0729" t2="-83.5211" s0="1" s1="1" s2="1" r0="-0.098842" r1="-0.140498" r2="-0.985135" r3="0" r4="0.015823" r5="0.989636" r6="-0.142727" r7="0" r8="0.994977" r9="-0.029696" r10="-0.095594" r11="0" r12="0" r13="0" r14="0" r15="1" id="110" color_r="1" color_g="1" color_b="1" type_file="Data/Objects/Crete/large_dark_cube.xml">
            <parameters />
        </EnvObject>
        <EnvObject t0="111.559" t1="-69.6719" t2="-83.0675" s0="1" s1="1" s2="1" r0="-0.299366" r1="-0.157985" r2="-0.940968" r3="0" r4="-0.011819" r5="0.986736" r6="-0.161909" r7="0" r8="0.954066" r9="-0.03735" r10="-0.297261" r11="0" r12="0" r13="0" r14="0" r15="1" id="277" color_r="1" color_g="1" color_b="1" type_file="Data/Objects/Crete/dark_dirty_cube.xml">
            <parameters />
        </EnvObject>
    </Group>
    <Group t0="121.541" t1="-43.6308" t2="16.7554" s0="1" s1="1" s2="1" r0="0.981549" r1="-0.131347" r2="0.138958" r3="0" r4="0.078421" r5="0.939327" r6="0.333938" r7="0" r8="-0.174389" r9="-0.31688" r10="0.932296" r11="0" r12="0" r13="0" r14="0" r15="1" id="0" color_r="0.12" color_g="0.36" color_b="0.6" d0="16.8295" d1="64.8234" d2="19.8667" uses_imposter="0">
        <parameters />
        <EnvObject t0="124.073" t1="-66.4768" t2="15.887" s0="1" s1="1" s2="1" r0="0.996559" r1="-0.077824" r2="-0.028504" r3="0" r4="-0.081581" r5="-0.981744" r6="-0.17182" r7="0" r8="-0.014613" r9="0.173555" r10="-0.984716" r11="0" r12="0" r13="0" r14="0" r15="1" id="231" color_r="1" color_g="1" color_b="1" type_file="Data/Objects/Crete/large_dark_cube.xml">
            <parameters />
        </EnvObject>
        <EnvObject t0="121.489" t1="-52.3025" t2="16.5739" s0="1" s1="1" s2="1" r0="-0.943905" r1="0.177742" r2="-0.278301" r3="0" r4="0.114685" r5="0.966772" r6="0.228473" r7="0" r8="0.309663" r9="0.18374" r10="-0.932924" r11="0" r12="0" r13="0" r14="0" r15="1" id="241" color_r="1" color_g="1" color_b="1" type_file="Data/Objects/Crete/large_dark_cube.xml">
            <parameters />
        </EnvObject>
        <EnvObject t0="120.693" t1="-45.9006" t2="16.9034" s0="1" s1="1" s2="1" r0="0.899438" r1="-0.23375" r2="0.369287" r3="0" r4="0.144602" r5="0.956529" r6="0.253265" r7="0" r8="-0.412434" r9="-0.174396" r10="0.89414" r11="0" r12="0" r13="0" r14="0" r15="1" id="242" color_r="1" color_g="1" color_b="1" type_file="Data/Objects/Crete/large_dark_cube.xml">
            <parameters />
        </EnvObject>
        <EnvObject t0="122.498" t1="-59.2237" t2="16.2058" s0="1" s1="1" s2="1" r0="0.981549" r1="-0.131347" r2="0.138958" r3="0" r4="0.103025" r5="0.975508" r6="0.194345" r7="0" r8="-0.161081" r9="-0.176443" r10="0.971041" r11="0" r12="0" r13="0" r14="0" r15="1" id="279" color_r="1" color_g="1" color_b="1" type_file="Data/Objects/Crete/large_dark_cube.xml">
            <parameters />
        </EnvObject>
        <EnvObject t0="120.199" t1="-40.1446" t2="17.1033" s0="1" s1="1" s2="1" r0="0.855193" r1="-0.274809" r2="0.439461" r3="0" r4="-0.158251" r5="-0.945827" r6="-0.283497" r7="0" r8="0.493561" r9="0.1729" r10="-0.852353" r11="0" r12="0" r13="0" r14="0" r15="1" id="280" color_r="1" color_g="1" color_b="1" type_file="Data/Objects/Crete/large_dark_cube.xml">
            <parameters />
        </EnvObject>
        <EnvObject t0="120.646" t1="-21.2399" t2="17.9964" s0="1" s1="1" s2="1" r0="0.574583" r1="-0.487996" r2="0.65705" r3="0" r4="-0.218965" r5="-0.865196" r6="-0.451102" r7="0" r8="0.788612" r9="0.115324" r10="-0.60398" r11="0" r12="0" r13="0" r14="0" r15="1" id="281" color_r="1" color_g="1" color_b="1" type_file="Data/Objects/Crete/large_dark_cube.xml">
            <parameters />
        </EnvObject>
        <EnvObject t0="120.064" t1="-29.6106" t2="17.3919" s0="1" s1="1" s2="1" r0="0.729401" r1="-0.4122" r2="0.545954" r3="0" r4="0.209127" r5="0.894229" r6="0.395753" r7="0" r8="-0.651337" r9="-0.174489" r10="0.738453" r11="0" r12="0" r13="0" r14="0" r15="1" id="282" color_r="1" color_g="1" color_b="1" type_file="Data/Objects/Crete/large_dark_cube.xml">
            <parameters />
        </EnvObject>
        <EnvObject t0="120.241" t1="-25.1504" t2="17.7495" s0="1" s1="1" s2="1" r0="-0.645515" r1="0.46284" r2="-0.607528" r3="0" r4="-0.22566" r5="-0.875525" r6="-0.427241" r7="0" r8="-0.729649" r9="-0.138695" r10="0.669609" r11="0" r12="0" r13="0" r14="0" r15="1" id="283" color_r="1" color_g="1" color_b="1" type_file="Data/Objects/Crete/large_dark_cube.xml">
            <parameters />
        </EnvObject>
        <EnvObject t0="120.005" t1="-34.6224" t2="17.0324" s0="1" s1="1" s2="1" r0="0.829827" r1="-0.331533" r2="0.448856" r3="0" r4="0.181408" r5="0.920958" r6="0.344857" r7="0" r8="-0.527709" r9="-0.204746" r10="0.824379" r11="0" r12="0" r13="0" r14="0" r15="1" id="284" color_r="1" color_g="1" color_b="1" type_file="Data/Objects/Crete/large_dark_cube.xml">
            <parameters />
        </EnvObject>
    </Group>
    <Group t0="141.213" t1="-47.7249" t2="57.9807" s0="1" s1="1" s2="1" r0="0.981836" r1="0.015543" r2="-0.189099" r3="0" r4="0.037084" r5="0.961698" r6="0.271593" r7="0" r8="0.186077" r9="-0.273673" r10="0.943653" r11="0" r12="0" r13="0" r14="0" r15="1" id="5" color_r="0.6" color_g="0.6" color_b="0.12" d0="16.8295" d1="64.8234" d2="19.8667" uses_imposter="0">
        <parameters />
        <EnvObject t0="146.796" t1="-70.0063" t2="56.7638" s0="1" s1="1" s2="1" r0="0.93369" r1="0.059088" r2="-0.353171" r3="0" r4="0.018708" r5="-0.992994" r6="-0.116676" r7="0" r8="-0.357591" r9="0.102333" r10="-0.928256" r11="0" r12="0" r13="0" r14="0" r15="1" id="245" color_r="1" color_g="1" color_b="1" type_file="Data/Objects/Crete/large_dark_cube.xml">
            <parameters />
        </EnvObject>
        <EnvObject t0="142.434" t1="-56.3123" t2="57.9918" s0="1" s1="1" s2="1" r0="-0.998682" r1="0.026008" r2="0.044268" r3="0" r4="0.032768" r5="0.986643" r6="0.159566" r7="0" r8="-0.039527" r9="0.160806" r10="-0.986194" r11="0" r12="0" r13="0" r14="0" r15="1" id="246" color_r="1" color_g="1" color_b="1" type_file="Data/Objects/Crete/large_dark_cube.xml">
            <parameters />
        </EnvObject>
        <EnvObject t0="140.816" t1="-50.0748" t2="58.4426" s0="1" s1="1" s2="1" r0="0.99504" r1="-0.081298" r2="0.057331" r3="0" r4="0.070274" r5="0.982354" r6="0.17333" r7="0" r8="-0.070411" r9="-0.168441" r10="0.983195" r11="0" r12="0" r13="0" r14="0" r15="1" id="247" color_r="1" color_g="1" color_b="1" type_file="Data/Objects/Crete/large_dark_cube.xml">
            <parameters />
        </EnvObject>
        <EnvObject t0="144.317" t1="-63.0363" t2="57.4446" s0="1" s1="1" s2="1" r0="0.981836" r1="0.015543" r2="-0.189099" r3="0" r4="0.009539" r5="0.991336" r6="0.13101" r7="0" r8="0.189497" r9="-0.130434" r10="0.97318" r11="0" r12="0" r13="0" r14="0" r15="1" id="248" color_r="1" color_g="1" color_b="1" type_file="Data/Objects/Crete/large_dark_cube.xml">
            <parameters />
        </EnvObject>
        <EnvObject t0="139.538" t1="-44.4424" t2="58.6839" s0="1" s1="1" s2="1" r0="0.98261" r1="-0.123205" r2="0.138922" r3="0" r4="-0.094407" r5="-0.975729" r6="-0.19759" r7="0" r8="0.159894" r9="0.181039" r10="-0.970393" r11="0" r12="0" r13="0" r14="0" r15="1" id="249" color_r="1" color_g="1" color_b="1" type_file="Data/Objects/Crete/large_dark_cube.xml">
            <parameters />
        </EnvObject>
        <EnvObject t0="137.349" t1="-25.6413" t2="59.0197" s0="1" s1="1" s2="1" r0="0.823236" r1="-0.357845" r2="0.440717" r3="0" r4="-0.217487" r5="-0.915892" r6="-0.33741" r7="0" r8="0.524388" r9="0.181917" r10="-0.83182" r11="0" r12="0" r13="0" r14="0" r15="1" id="250" color_r="1" color_g="1" color_b="1" type_file="Data/Objects/Crete/large_dark_cube.xml">
            <parameters />
        </EnvObject>
        <EnvObject t0="137.892" t1="-34.0335" t2="58.8" s0="1" s1="1" s2="1" r0="0.920454" r1="-0.269103" r2="0.28346" r3="0" r4="0.186013" r5="0.939443" r6="0.287832" r7="0" r8="-0.343751" r9="-0.212209" r10="0.91477" r11="0" r12="0" r13="0" r14="0" r15="1" id="251" color_r="1" color_g="1" color_b="1" type_file="Data/Objects/Crete/large_dark_cube.xml">
            <parameters />
        </EnvObject>
        <EnvObject t0="137.49" t1="-29.5778" t2="58.9945" s0="1" s1="1" s2="1" r0="-0.869687" r1="0.326549" r2="-0.370151" r3="0" r4="-0.21447" r5="-0.925397" r6="-0.312482" r7="0" r8="-0.444577" r9="-0.192374" r10="0.874841" r11="0" r12="0" r13="0" r14="0" r15="1" id="252" color_r="1" color_g="1" color_b="1" type_file="Data/Objects/Crete/large_dark_cube.xml">
            <parameters />
        </EnvObject>
        <EnvObject t0="138.488" t1="-39.0181" t2="58.5756" s0="1" s1="1" s2="1" r0="0.970626" r1="-0.182121" r2="0.157216" r3="0" r4="0.139623" r5="0.958545" r6="0.248384" r7="0" r8="-0.195935" r9="-0.219137" r10="0.955818" r11="0" r12="0" r13="0" r14="0" r15="1" id="253" color_r="1" color_g="1" color_b="1" type_file="Data/Objects/Crete/large_dark_cube.xml">
            <parameters />
        </EnvObject>
    </Group>
    <ActorObject t0="-209.645" t1="-57.3135" t2="-38.3284" s0="1" s1="1" s2="1" r0="1" r1="0" r2="0" r3="0" r4="0" r5="1" r6="0" r7="0" r8="0" r9="0" r10="1" r11="0" r12="0" r13="0" r14="0" r15="1" id="2" type_file="Data/Objects/IGF_Characters/IGF_GuardActor.xml" is_player="0">
        <parameters>
            <parameter name="Aggression" type="string" val="0.5" />
            <parameter name="Attack Damage" type="string" val="1.0" />
            <parameter name="Attack Knockback" type="string" val="1.0" />
            <parameter name="Attack Speed" type="string" val="1.0" />
            <parameter name="Block Follow-up" type="string" val="0.5" />
            <parameter name="Block Skill" type="string" val="0.5" />
            <parameter name="Damage Resistance" type="string" val="1.0" />
            <parameter name="Left handed" type="string" val="0.0" />
            <parameter name="Lives" type="string" val="1" />
            <parameter name="Movement Speed" type="string" val="1.0" />
            <parameter name="Teams" type="string" val="guard" />
        </parameters>
        <Connections>
            <Connection id="15" />
        </Connections>
        <ItemConnections />
        <Palette>
            <Color label="Clothes" channel="0" red="0.435294" green="0.278431" blue="0.278431" />
            <Color label="Fur" channel="1" red="1" green="1" blue="1" />
            <Color label="Leather" channel="2" red="0.215686" green="0.215686" blue="0.215686" />
            <Color label="Armor" channel="3" red="0.435294" green="0.160784" blue="0.160784" />
        </Palette>
    </ActorObject>
