<?xml version="2.0" ?>
<Type>saved</Type>
<Name></Name>
<Description></Description>
<Shader>post</Shader>
<Terrain>
    <Heightmap>Data/Textures/Terrain/RoundHills/RoundHills_Height.png</Heightmap>
    <DetailMap></DetailMap>
    <ColorMap>Data/Textures/Terrain/dead_volcano/dead_volcano_c.tga</ColorMap>
    <DetailMaps>
        <DetailMap colorpath="Data/Textures/Terrain/DetailTextures/rubble.tga" normalpath="Data/Textures/Terrain/DetailTextures/rubble_normal.tga" materialpath="Data/Materials/rocks.xml" />
        <DetailMap colorpath="Data/Textures/Terrain/DetailTextures/pebbles.tga" normalpath="Data/Textures/Terrain/DetailTextures/pebbles_normal.tga" materialpath="Data/Materials/gravel.xml" />
        <DetailMap colorpath="Data/Textures/Terrain/DetailTextures/smooth_mud.tga" normalpath="Data/Textures/Terrain/DetailTextures/smooth_mud_normal.tga" materialpath="Data/Materials/sand.xml" />
        <DetailMap colorpath="Data/Textures/Terrain/DetailTextures/volcanic.tga" normalpath="Data/Textures/Terrain/DetailTextures/volcanic_normal.tga" materialpath="Data/Materials/dirtyrock.xml" />
    </DetailMaps>
    <DetailObjects />
</Terrain>
<OutOfDate Shadow="true" AO="true" NavMesh="true" />
<SpawnPoints>
    <SpawnPoint t0="0" t1="200" t2="0" s0="1" s1="1" s2="1" r0="1" r1="0" r2="0" r3="0" r4="0" r5="1" r6="0" r7="0" r8="0" r9="0" r10="1" r11="0" r12="0" r13="0" r14="0" r15="1" />
</SpawnPoints>
<AmbientSounds />
<Script></Script>
<LevelScriptParameters>
    <parameter name="Achievements" type="string" val="flawless, no_injuries, no_kills" />
    <parameter name="Level Boundaries" type="int" val="1" />
    <parameter name="Objectives" type="string" val="destroy_all" />
</LevelScriptParameters>
<Sky>
    <DomeTexture>Data/Textures/skies/cirrus2_volcano_slope.tga</DomeTexture>
    <SunAngularRad>0.1017</SunAngularRad>
    <SunColorAngle>292.806</SunColorAngle>
    <RayToSun r0="0.922011" r1="0.340379" r2="0.184494" />
    <ExtraAO>0</ExtraAO>
    <SkyRotation>0</SkyRotation>
</Sky>
<ActorObjects>
    <EnvObject t0="-173.446" t1="81.3435" t2="6.93312" s0="1.01956" s1="0.362525" s2="1.01956" r0="-0.9512" r1="9.91248e-008" r2="-0.308576" r3="0" r4="1.36367e-007" r5="1" r6="-9.91248e-008" r7="0" r8="0.308576" r9="-1.36367e-007" r10="-0.9512" r11="0" r12="0" r13="0" r14="0" r15="1" id="5" color_r="1" color_g="1" color_b="1" type_file="Data/Objects/Buildings/cat_town/babylon_tower.xml">
        <parameters />
    </EnvObject>
    <EnvObject t0="-173.351" t1="85.7145" t2="6.97913" s0="1.01956" s1="1.01956" s2="1.01956" r0="-0.9512" r1="9.91248e-008" r2="-0.308576" r3="0" r4="1.36367e-007" r5="1" r6="-9.91248e-008" r7="0" r8="0.308576" r9="-1.36367e-007" r10="-0.9512" r11="0" r12="0" r13="0" r14="0" r15="1" id="7" color_r="1" color_g="1" color_b="1" type_file="Data/Custom/twowolves/landmark_lantern/jims_lantern.xml">
        <parameters />
    </EnvObject>
    <Group t0="-176.309" t1="85.3994" t2="5.80351" s0="1.16181" s1="3.14406" s2="0.62564" r0="-0.9512" r1="9.91248e-008" r2="-0.308576" r3="0" r4="1.36367e-007" r5="1" r6="-9.91248e-008" r7="0" r8="0.308576" r9="-1.36367e-007" r10="-0.9512" r11="0" r12="0" r13="0" r14="0" r15="1" id="8" version="1">
        <parameters />
        <EnvObject t0="-176.295" t1="84.612" t2="5.82688" s0="0.0910002" s1="0.265055" s2="0.142339" r0="-0.823764" r1="-0.5" r2="-0.267233" r3="0" r4="-0.475601" r5="0.866025" r6="-0.154287" r7="0" r8="0.308574" r9="5.96046e-007" r10="-0.951201" r11="0" r12="0" r13="0" r14="0" r15="1" id="9" color_r="1" color_g="1" color_b="1" type_file="Data/Objects/Crete/CreteBlockStandard.xml">
            <parameters />
        </EnvObject>
        <EnvObject t0="-176.566" t1="85.3955" t2="5.73009" s0="0.0909993" s1="0.0922002" s2="0.13659" r0="-0.879617" r1="0.380589" r2="-0.285354" r3="0" r4="0.362017" r5="0.924744" r6="0.117439" r7="0" r8="0.308576" r9="-1.49012e-006" r10="-0.9512" r11="0" r12="0" r13="0" r14="0" r15="1" id="10" color_r="1" color_g="1" color_b="1" type_file="Data/Objects/Crete/CreteBlockStandard.xml">
            <parameters />
        </EnvObject>
        <EnvObject t0="-176.592" t1="85.7687" t2="5.71086" s0="0.0909994" s1="0.0922002" s2="0.153863" r0="0.871024" r1="0.40184" r2="0.282564" r3="0" r4="0.38223" r5="-0.915711" r6="0.123998" r7="0" r8="0.308574" r9="-8.19564e-007" r10="-0.951201" r11="0" r12="0" r13="0" r14="0" r15="1" id="11" color_r="1" color_g="1" color_b="1" type_file="Data/Objects/Crete/CreteBlockStandard.xml">
            <parameters />
        </EnvObject>
        <EnvObject t0="-176.371" t1="86.3681" t2="5.79397" s0="0.0827634" s1="0.206877" s2="0.145578" r0="0.766533" r1="-0.592108" r2="0.248667" r3="0" r4="-0.563213" r5="-0.805859" r6="-0.18271" r7="0" r8="0.308574" r9="4.02331e-007" r10="-0.951201" r11="0" r12="0" r13="0" r14="0" r15="1" id="12" color_r="1" color_g="1" color_b="1" type_file="Data/Objects/Crete/CreteBlockStandard.xml">
            <parameters />
        </EnvObject>
    </Group>
    <Group t0="-172.757" t1="85.2455" t2="4.52433" s0="0.625648" s1="3.14407" s2="1.16132" r0="-0.9512" r1="9.91248e-008" r2="-0.308576" r3="0" r4="1.36367e-007" r5="1" r6="-9.91248e-008" r7="0" r8="0.308576" r9="-1.36367e-007" r10="-0.9512" r11="0" r12="0" r13="0" r14="0" r15="1" id="13" version="1">
        <parameters />
        <EnvObject t0="-172.78" t1="84.4582" t2="4.5383" s0="0.0910002" s1="0.265055" s2="0.142339" r0="0.267233" r1="-0.5" r2="-0.823764" r3="0" r4="0.154288" r5="0.866025" r6="-0.4756" r7="0" r8="0.9512" r9="-5.21541e-007" r10="0.308574" r11="0" r12="0" r13="0" r14="0" r15="1" id="14" color_r="1" color_g="1" color_b="1" type_file="Data/Objects/Crete/CreteBlockStandard.xml">
            <parameters />
        </EnvObject>
        <EnvObject t0="-172.683" t1="85.2416" t2="4.26584" s0="0.0909994" s1="0.0922002" s2="0.13659" r0="0.28535" r1="0.380588" r2="-0.879618" r3="0" r4="-0.117439" r5="0.924745" r6="0.362015" r7="0" r8="0.951201" r9="-2.98023e-007" r10="0.308572" r11="0" r12="0" r13="0" r14="0" r15="1" id="15" color_r="1" color_g="1" color_b="1" type_file="Data/Objects/Crete/CreteBlockStandard.xml">
            <parameters />
        </EnvObject>
        <EnvObject t0="-172.665" t1="85.6149" t2="4.24095" s0="0.0909994" s1="0.0922002" s2="0.153863" r0="-0.282564" r1="0.40184" r2="0.871024" r3="0" r4="-0.123998" r5="-0.915711" r6="0.38223" r7="0" r8="0.951201" r9="-6.85453e-007" r10="0.308573" r11="0" r12="0" r13="0" r14="0" r15="1" id="16" color_r="1" color_g="1" color_b="1" type_file="Data/Objects/Crete/CreteBlockStandard.xml">
            <parameters />
        </EnvObject>
        <EnvObject t0="-172.747" t1="86.2143" t2="4.46246" s0="0.0827634" s1="0.206877" s2="0.145578" r0="-0.248668" r1="-0.592108" r2="0.766533" r3="0" r4="0.182709" r5="-0.80586" r6="-0.563213" r7="0" r8="0.951201" r9="-6.25849e-007" r10="0.308574" r11="0" r12="0" r13="0" r14="0" r15="1" id="17" color_r="1" color_g="1" color_b="1" type_file="Data/Objects/Crete/CreteBlockStandard.xml">
            <parameters />
        </EnvObject>
    </Group>
    <Group t0="-170.736" t1="85.3986" t2="7.89562" s0="1.16171" s1="3.14417" s2="0.62564" r0="-0.9512" r1="9.91248e-008" r2="-0.308576" r3="0" r4="1.36367e-007" r5="1" r6="-9.91248e-008" r7="0" r8="0.308576" r9="-1.36367e-007" r10="-0.9512" r11="0" r12="0" r13="0" r14="0" r15="1" id="18" version="1">
        <parameters />
        <EnvObject t0="-170.75" t1="84.6112" t2="7.87225" s0="0.0910002" s1="0.265055" s2="0.142339" r0="0.823764" r1="-0.499999" r2="0.267234" r3="0" r4="0.4756" r5="0.866026" r6="0.154286" r7="0" r8="-0.308574" r9="9.31323e-007" r10="0.9512" r11="0" r12="0" r13="0" r14="0" r15="1" id="19" color_r="1" color_g="1" color_b="1" type_file="Data/Objects/Crete/CreteBlockStandard.xml">
            <parameters />
        </EnvObject>
        <EnvObject t0="-170.479" t1="85.3947" t2="7.96899" s0="0.0909994" s1="0.0922002" s2="0.13659" r0="0.879617" r1="0.380589" r2="0.285352" r3="0" r4="-0.362017" r5="0.924744" r6="-0.11744" r7="0" r8="-0.308574" r9="-4.02331e-007" r10="0.9512" r11="0" r12="0" r13="0" r14="0" r15="1" id="20" color_r="1" color_g="1" color_b="1" type_file="Data/Objects/Crete/CreteBlockStandard.xml">
            <parameters />
        </EnvObject>
        <EnvObject t0="-170.453" t1="85.7679" t2="7.98822" s0="0.0909994" s1="0.0922002" s2="0.153863" r0="-0.871024" r1="0.40184" r2="-0.282564" r3="0" r4="-0.382231" r5="-0.915711" r6="-0.123998" r7="0" r8="-0.308574" r9="-1.63913e-007" r10="0.9512" r11="0" r12="0" r13="0" r14="0" r15="1" id="21" color_r="1" color_g="1" color_b="1" type_file="Data/Objects/Crete/CreteBlockStandard.xml">
            <parameters />
        </EnvObject>
        <EnvObject t0="-170.673" t1="86.3674" t2="7.90511" s0="0.0827634" s1="0.206877" s2="0.145578" r0="-0.766534" r1="-0.592108" r2="-0.248667" r3="0" r4="0.563213" r5="-0.805859" r6="0.182709" r7="0" r8="-0.308574" r9="-3.94881e-007" r10="0.9512" r11="0" r12="0" r13="0" r14="0" r15="1" id="22" color_r="1" color_g="1" color_b="1" type_file="Data/Objects/Crete/CreteBlockStandard.xml">
            <parameters />
        </EnvObject>
    </Group>
    <ActorObject t0="-173.976" t1="84.9917" t2="8.95459" s0="1" s1="1" s2="1" r0="0.965904" r1="-2.20813e-007" r2="0.258901" r3="0" r4="2.51943e-007" r5="1" r6="-8.70589e-008" r7="0" r8="-0.258901" r9="1.49319e-007" r10="0.965904" r11="0" r12="0" r13="0" r14="0" r15="1" id="24" type_file="Data/Custom/timbles/therium-2/Objects/IGF_Characters/ghost.xml" is_player="1">
        <parameters>
            <parameter name="Aggression" type="float" val="0.5" />
            <parameter name="Attack Damage" type="float" val="1" />
            <parameter name="Attack Knockback" type="float" val="1" />
            <parameter name="Attack Speed" type="float" val="1" />
            <parameter name="Block Follow-up" type="float" val="0.5" />
            <parameter name="Block Skill" type="float" val="0.5" />
            <parameter name="Character Scale" type="float" val="1" />
            <parameter name="Damage Resistance" type="float" val="1" />
            <parameter name="Ear Size" type="float" val="1" />
            <parameter name="Fat" type="float" val="0.5" />
            <parameter name="Ground Aggression" type="float" val="0.5" />
            <parameter name="Left handed" type="int" val="0" />
            <parameter name="Lives" type="int" val="1" />
            <parameter name="Movement Speed" type="float" val="1" />
            <parameter name="Muscle" type="float" val="0.5" />
            <parameter name="Teams" type="string" val="player, Ghost" />
        </parameters>
        <Connections>
            <Connection id="-1" />
        </Connections>
        <ItemConnections />
        <Palette />
    </ActorObject>
    <EnvObject t0="-176.208" t1="79.2111" t2="12.9884" s0="2.16053" s1="2.16053" s2="2.84859" r0="-5.96046e-008" r1="1" r2="0" r3="0" r4="-0.969622" r5="-5.96046e-008" r6="-0.244607" r7="0" r8="-0.244607" r9="0" r10="0.969622" r11="0" r12="0" r13="0" r14="0" r15="1" id="2" color_r="0.52549" color_g="0.52549" color_b="0.52549" type_file="Data/Objects/Crete/CreteBlockStandard.xml">
        <parameters />
    </EnvObject>
    <EnvObject t0="-186.916" t1="83.2228" t2="9.96653" s0="2.16053" s1="1.84612" s2="2.16053" r0="0.969622" r1="1.46918e-008" r2="0.244607" r3="0" r4="1.46918e-008" r5="1" r6="-1.18301e-007" r7="0" r8="-0.244607" r9="1.18301e-007" r10="0.969622" r11="0" r12="0" r13="0" r14="0" r15="1" id="3" color_r="0.52549" color_g="0.52549" color_b="0.52549" type_file="Data/Objects/Crete/CreteBlockStandard.xml">
        <parameters />
    </EnvObject>
    <EnvObject t0="-185.111" t1="79.7685" t2="16.0705" s0="2.16053" s1="2.16053" s2="2.16053" r0="0.564368" r1="-0.00418857" r2="0.825513" r3="0" r4="-0.14183" r5="0.984626" r6="0.101959" r7="0" r8="-0.813249" r9="-0.174625" r10="0.555097" r11="0" r12="0" r13="0" r14="0" r15="1" id="4" color_r="0.52549" color_g="0.52549" color_b="0.52549" type_file="Data/Objects/Crete/CreteBlockStandard.xml">
        <parameters />
    </EnvObject>
    <EnvObject t0="-176.54" t1="86.7923" t2="21.6152" s0="2.16053" s1="2.16053" s2="1.6769" r0="-5.96046e-008" r1="1" r2="0" r3="0" r4="-0.969622" r5="-5.96046e-008" r6="-0.244607" r7="0" r8="-0.244607" r9="0" r10="0.969622" r11="0" r12="0" r13="0" r14="0" r15="1" id="6" color_r="0.52549" color_g="0.52549" color_b="0.52549" type_file="Data/Objects/Crete/CreteBlockStandard.xml">
        <parameters />
    </EnvObject>
    <EnvObject t0="-185.589" t1="89.6074" t2="16.7628" s0="1.89284" s1="1.44909" s2="1.44909" r0="0.999909" r1="-6.12074e-008" r2="-0.0134554" r3="0" r4="5.79993e-008" r5="1" r6="-2.38814e-007" r7="0" r8="0.0134554" r9="2.38012e-007" r10="0.999909" r11="0" r12="0" r13="0" r14="0" r15="1" id="23" color_r="0.52549" color_g="0.52549" color_b="0.52549" type_file="Data/Objects/Crete/CreteBlockStandard.xml">
        <parameters />
    </EnvObject>
    <EnvObject t0="-186.385" t1="98.3343" t2="16.6078" s0="1.44909" s1="1.44909" s2="1.44909" r0="0.959933" r1="-0.00309917" r2="0.280211" r3="0" r4="0.00272128" r5="0.999995" r6="0.00173766" r7="0" r8="-0.280215" r9="-0.000905506" r10="0.959937" r11="0" r12="0" r13="0" r14="0" r15="1" id="25" color_r="0.52549" color_g="0.52549" color_b="0.52549" type_file="Data/Objects/Crete/CreteBlockStandard.xml">
        <parameters />
    </EnvObject>
    <EnvObject t0="-186.564" t1="106.91" t2="16.7367" s0="1.44909" s1="1.44909" s2="1.44909" r0="0.97569" r1="0.014522" r2="0.218671" r3="0" r4="-0.0168728" r5="0.999818" r6="0.00888644" r7="0" r8="-0.218503" r9="-0.01236" r10="0.975758" r11="0" r12="0" r13="0" r14="0" r15="1" id="26" color_r="0.52549" color_g="0.52549" color_b="0.52549" type_file="Data/Objects/Crete/CreteBlockStandard.xml">
        <parameters />
    </EnvObject>
    <Group t0="-177.504" t1="105.449" t2="18.0796" s0="6.6814" s1="6.45173" s2="11.283" r0="0.705515" r1="-9.83665e-008" r2="-0.708695" r3="0" r4="-8.46061e-008" r5="1" r6="-2.23026e-007" r7="0" r8="0.708695" r9="2.17308e-007" r10="0.705515" r11="0" r12="0" r13="0" r14="0" r15="1" id="27" version="1">
        <parameters />
        <EnvObject t0="-171.849" t1="104.363" t2="19.6989" s0="0.591242" s1="23.5464" s2="0.591242" r0="0.705515" r1="-1.78474e-008" r2="-0.708695" r3="0" r4="-3.48098e-007" r5="1" r6="-3.7172e-007" r7="0" r8="0.708695" r9="5.08949e-007" r10="0.705515" r11="0" r12="0" r13="0" r14="0" r15="1" id="28" color_r="1" color_g="1" color_b="1" type_file="Data/Custom/timbles/therium-2/Objects/thinrope.xml">
            <parameters />
        </EnvObject>
        <EnvObject t0="-180.282" t1="107.792" t2="17.3067" s0="2.53448" s1="2.53448" s2="2.53448" r0="0.169668" r1="0.981583" r2="-0.0877981" r3="0" r4="-0.953002" r5="0.14073" r6="-0.268294" r7="0" r8="-0.250997" r9="0.129193" r10="0.959328" r11="0" r12="0" r13="0" r14="0" r15="1" id="29" color_r="1" color_g="1" color_b="1" type_file="Data/Objects/Buildings/Post1.xml">
            <parameters />
        </EnvObject>
        <EnvObject t0="-174.713" t1="107.276" t2="18.7712" s0="2.53448" s1="2.53448" s2="2.53448" r0="0.216469" r1="0.976175" r2="-0.0149238" r3="0" r4="-0.931336" r5="0.201892" r6="-0.303072" r7="0" r8="-0.292838" r9="0.0795048" r10="0.952851" r11="0" r12="0" r13="0" r14="0" r15="1" id="30" color_r="1" color_g="1" color_b="1" type_file="Data/Objects/Buildings/Post1.xml">
            <parameters />
        </EnvObject>
        <EnvObject t0="-181.066" t1="105.948" t2="17.0919" s0="0.591242" s1="23.5464" s2="0.591242" r0="0.705515" r1="-1.78474e-008" r2="-0.708695" r3="0" r4="-3.48098e-007" r5="1" r6="-3.7172e-007" r7="0" r8="0.708695" r9="5.08949e-007" r10="0.705515" r11="0" r12="0" r13="0" r14="0" r15="1" id="31" color_r="1" color_g="1" color_b="1" type_file="Data/Custom/timbles/therium-2/Objects/thinrope.xml">
            <parameters />
        </EnvObject>
        <EnvObject t0="-177.724" t1="107.612" t2="18.03" s0="7.27386" s1="8.55222" s2="7.27386" r0="-0.220214" r1="0.936644" r2="-0.272403" r3="0" r4="-0.975093" r5="-0.218942" r6="0.0354576" r7="0" r8="-0.0264294" r9="0.273426" r10="0.96153" r11="0" r12="0" r13="0" r14="0" r15="1" id="32" color_r="1" color_g="1" color_b="1" type_file="Data/Custom/timbles/therium-2/Objects/thinrope.xml">
            <parameters />
        </EnvObject>
        <EnvObject t0="-171.98" t1="106.642" t2="19.7215" s0="3.71113" s1="4.36337" s2="3.71113" r0="-0.114124" r1="-0.981856" r2="0.15144" r3="0" r4="-0.972293" r5="0.0790833" r6="-0.219981" r7="0" r8="0.204013" r9="-0.172349" r10="-0.963678" r11="0" r12="0" r13="0" r14="0" r15="1" id="33" color_r="1" color_g="1" color_b="1" type_file="Data/Custom/timbles/therium-2/Objects/thinrope.xml">
            <parameters />
        </EnvObject>
        <EnvObject t0="-181.022" t1="107.912" t2="17.1066" s0="3.71113" s1="4.36336" s2="3.71113" r0="0.328502" r1="0.939358" r2="-0.0984552" r3="0" r4="0.922207" r5="-0.296484" r6="0.248259" r7="0" r8="0.204013" r9="-0.172349" r10="-0.963678" r11="0" r12="0" r13="0" r14="0" r15="1" id="34" color_r="1" color_g="1" color_b="1" type_file="Data/Custom/timbles/therium-2/Objects/thinrope.xml">
            <parameters />
        </EnvObject>
    </Group>
    <EnvObject t0="-168.916" t1="89.8446" t2="21.23" s0="1.44909" s1="1.44909" s2="1.44909" r0="-0.969143" r1="-0.028368" r2="-0.24486" r3="0" r4="-0.0337396" r5="0.999273" r6="0.0177698" r7="0" r8="0.244178" r9="0.0254829" r10="-0.969395" r11="0" r12="0" r13="0" r14="0" r15="1" id="35" color_r="0.52549" color_g="0.52549" color_b="0.52549" type_file="Data/Objects/Crete/CreteBlockStandard.xml">
        <parameters />
    </EnvObject>
    <EnvObject t0="-168.852" t1="98.5715" t2="21.292" s0="1.44909" s1="1.44909" s2="1.44909" r0="-0.959366" r1="-0.0305054" r2="-0.28051" r3="0" r4="-0.0364596" r5="0.999207" r6="0.0160314" r7="0" r8="0.279798" r9="0.0256073" r10="-0.959717" r11="0" r12="0" r13="0" r14="0" r15="1" id="36" color_r="0.52549" color_g="0.52549" color_b="0.52549" type_file="Data/Objects/Crete/CreteBlockStandard.xml">
        <parameters />
    </EnvObject>
    <EnvObject t0="-169.031" t1="107.147" t2="21.421" s0="1.44909" s1="1.44909" s2="1.44909" r0="-0.97569" r1="-0.0145221" r2="-0.218671" r3="0" r4="-0.0168728" r5="0.999818" r6="0.00888633" r7="0" r8="0.218503" r9="0.0123599" r10="-0.975758" r11="0" r12="0" r13="0" r14="0" r15="1" id="37" color_r="0.52549" color_g="0.52549" color_b="0.52549" type_file="Data/Objects/Crete/CreteBlockStandard.xml">
        <parameters />
    </EnvObject>
    <EnvObject t0="-104.447" t1="109.348" t2="-125.196" s0="1" s1="1" s2="1" r0="0.961296" r1="0.102077" r2="0.25591" r3="0" r4="-0.125151" r5="0.989259" r6="0.0755196" r7="0" r8="-0.245453" r9="-0.104624" r10="0.963746" r11="0" r12="0" r13="0" r14="0" r15="1" id="38" color_r="1" color_g="1" color_b="1" type_file="Data/Objects/Environment/Land/jagged_outcrop.xml">
        <parameters />
    </EnvObject>
    <EnvObject t0="-101.414" t1="102.751" t2="39.5508" s0="1" s1="1" s2="1" r0="-0.35847" r1="0.127652" r2="0.924773" r3="0" r4="0.32667" r5="0.945131" r6="-0.00383559" r7="0" r8="-0.874521" r9="0.30072" r10="-0.380501" r11="0" r12="0" r13="0" r14="0" r15="1" id="39" color_r="1" color_g="1" color_b="1" type_file="Data/Objects/Environment/Land/jagged_outcrop.xml">
        <parameters />
    </EnvObject>
    <EnvObject t0="-235.714" t1="127.69" t2="-8.34142" s0="0.797474" s1="0.797474" s2="0.797474" r0="0.0553769" r1="0.0282033" r2="-0.998067" r3="0" r4="0.17231" r5="0.984333" r6="0.0373757" r7="0" r8="0.983485" r9="-0.174047" r10="0.0496497" r11="0" r12="0" r13="0" r14="0" r15="1" id="40" color_r="1" color_g="1" color_b="1" type_file="Data/Objects/Environment/Land/jagged_outcrop.xml">
        <parameters />
    </EnvObject>
    <EnvObject t0="-241.39" t1="96.0667" t2="-73.1312" s0="0.797474" s1="0.797474" s2="0.797474" r0="-0.49377" r1="0.27173" r2="0.826047" r3="0" r4="0.150641" r5="0.962291" r6="-0.226502" r7="0" r8="-0.856445" r9="0.0125965" r10="-0.516085" r11="0" r12="0" r13="0" r14="0" r15="1" id="41" color_r="1" color_g="1" color_b="1" type_file="Data/Objects/Environment/Land/jagged_outcrop.xml">
        <parameters />
    </EnvObject>
    <EnvObject t0="-52.3932" t1="152.476" t2="-181.487" s0="1" s1="1" s2="1" r0="0.790474" r1="-0.245652" r2="-0.561075" r3="0" r4="0.149314" r5="0.965698" r6="-0.212444" r7="0" r8="0.594017" r9="0.0841554" r10="0.800039" r11="0" r12="0" r13="0" r14="0" r15="1" id="42" color_r="1" color_g="1" color_b="1" type_file="Data/Objects/Environment/Land/jagged_outcrop.xml">
        <parameters />
    </EnvObject>
    <EnvObject t0="-186.634" t1="88.0417" t2="-2.84057" s0="3.15322" s1="3.15322" s2="3.15322" r0="0.734162" r1="0.0301028" r2="-0.678307" r3="0" r4="0.019928" r5="0.997631" r6="0.065843" r7="0" r8="0.678682" r9="-0.0618567" r10="0.731823" r11="0" r12="0" r13="0" r14="0" r15="1" id="43" color_r="0.52549" color_g="0.52549" color_b="0.52549" type_file="Data/Objects/Crete/CreteBlockStandard.xml">
        <parameters />
    </EnvObject>
    <EnvObject t0="-185.594" t1="93.9525" t2="1.88309" s0="1.97239" s1="1.97239" s2="1.97239" r0="0.884361" r1="0.00473428" r2="-0.46678" r3="0" r4="-0.00548582" r5="0.999985" r6="-0.000251166" r7="0" r8="0.466771" r9="0.00278279" r10="0.884374" r11="0" r12="0" r13="0" r14="0" r15="1" id="44" color_r="0.52549" color_g="0.52549" color_b="0.52549" type_file="Data/Objects/Crete/CreteBlockStandard.xml">
        <parameters />
    </EnvObject>
    <EnvObject t0="-186.195" t1="82.8405" t2="2.61603" s0="2.61729" s1="2.61729" s2="2.61729" r0="0.683065" r1="-0.0522703" r2="-0.728485" r3="0" r4="0.0291019" r5="0.998591" r6="-0.0443636" r7="0" r8="0.729777" r9="0.00910294" r10="0.683624" r11="0" r12="0" r13="0" r14="0" r15="1" id="45" color_r="0.52549" color_g="0.52549" color_b="0.52549" type_file="Data/Objects/Crete/CreteBlockStandard.xml">
        <parameters />
    </EnvObject>
    <ActorObject t0="-168.882" t1="112.449" t2="21.9043" s0="1" s1="1" s2="1" r0="-1" r1="2.78181e-008" r2="-5.96046e-008" r3="0" r4="2.78181e-008" r5="1" r6="8.29043e-016" r7="0" r8="5.96046e-008" r9="-8.29043e-016" r10="-1" r11="0" r12="0" r13="0" r14="0" r15="1" id="46" type_file="Data/Custom/timbles/therium-2/Objects/IGF_Characters/ancient.xml" is_player="0">
        <parameters>
            <parameter name="Aggression" type="string" val="0.5" />
            <parameter name="Attack Damage" type="string" val="1" />
            <parameter name="Attack Knockback" type="string" val="1.4000000000000001" />
            <parameter name="Attack Speed" type="string" val="1.2000000000000002" />
            <parameter name="Block Follow-up" type="string" val="0.5" />
            <parameter name="Block Skill" type="string" val="0.30000000000000004" />
            <parameter name="Character Scale" type="string" val="1.1600000000000001" />
            <parameter name="Damage Resistance" type="string" val="1.6" />
            <parameter name="Ear Size" type="string" val="1.1" />
            <parameter name="Fat" type="string" val="0.5" />
            <parameter name="Ground Aggression" type="string" val="0.5" />
            <parameter name="Left handed" type="string" val="0" />
            <parameter name="Lives" type="string" val="2" />
            <parameter name="Movement Speed" type="string" val="1" />
            <parameter name="Muscle" type="string" val="0.6000000000000001" />
            <parameter name="Teams" type="string" val="turner" />
        </parameters>
        <Connections>
            <Connection id="-1" />
        </Connections>
        <ItemConnections />
        <Palette>
            <Color label="Fur" channel="0" red="0.235294" green="0.172549" blue="0.141176" />
            <Color label="Ropes" channel="1" red="0.0784314" green="0.129412" blue="0.0705882" />
            <Color label="Pants" channel="2" red="1" green="1" blue="1" />
            <Color label="Spots" channel="3" red="0" green="0" blue="0" />
        </Palette>
    </ActorObject>
    <EnvObject t0="-135.971" t1="98.9564" t2="19.2743" s0="1.44716" s1="1.4078" s2="1.37438" r0="-0.385042" r1="0.115935" r2="0.915588" r3="0" r4="-0.920605" r5="-0.118159" r6="-0.37219" r7="0" r8="0.0650354" r9="-0.986204" r10="0.152227" r11="0" r12="0" r13="0" r14="0" r15="1" id="47" color_r="0.670588" color_g="0.694118" color_b="0.717647" type_file="Data/Objects/Environment/Rocks/coast_rock_large.xml">
        <parameters />
    </EnvObject>
    <EnvObject t0="-160.124" t1="95.833" t2="59.5557" s0="2.29712" s1="2.23465" s2="2.1816" r0="0.377848" r1="-0.0401013" r2="-0.924999" r3="0" r4="-0.924197" r5="-0.0763237" r6="-0.374212" r7="0" r8="-0.0555931" r9="0.996276" r10="-0.0659002" r11="0" r12="0" r13="0" r14="0" r15="1" id="48" color_r="0.670588" color_g="0.694118" color_b="0.717647" type_file="Data/Objects/Environment/Rocks/coast_rock_large.xml">
        <parameters />
    </EnvObject>
    <EnvObject t0="-230.606" t1="113.997" t2="32.9473" s0="2.29712" s1="2.23465" s2="2.1816" r0="0.713292" r1="0.00291717" r2="-0.700861" r3="0" r4="-0.342624" r5="0.873807" r6="-0.345064" r7="0" r8="0.611411" r9="0.486263" r10="0.624279" r11="0" r12="0" r13="0" r14="0" r15="1" id="49" color_r="0.670588" color_g="0.694118" color_b="0.717647" type_file="Data/Objects/Environment/Rocks/coast_rock_large.xml">
        <parameters />
    </EnvObject>
    <EnvObject t0="-243.872" t1="137.252" t2="31.4469" s0="2.29712" s1="2.23465" s2="2.1816" r0="-0.0302789" r1="-0.997255" r2="0.0675732" r3="0" r4="0.474555" r5="-0.0738418" r6="-0.877123" r7="0" r8="0.879705" r9="0.00550887" r10="0.475488" r11="0" r12="0" r13="0" r14="0" r15="1" id="50" color_r="0.670588" color_g="0.694118" color_b="0.717647" type_file="Data/Objects/Environment/Rocks/coast_rock_large.xml">
        <parameters />
    </EnvObject>
    <EnvObject t0="-249.619" t1="130.375" t2="20.5896" s0="2.29712" s1="2.23465" s2="2.1816" r0="0.208518" r1="-0.976876" r2="-0.047254" r3="0" r4="0.00480229" r5="0.0493382" r6="-0.998771" r7="0" r8="0.978007" r9="0.208035" r10="0.0149792" r11="0" r12="0" r13="0" r14="0" r15="1" id="51" color_r="0.670588" color_g="0.694118" color_b="0.717647" type_file="Data/Objects/Environment/Rocks/coast_rock_large.xml">
        <parameters />
    </EnvObject>
    <EnvObject t0="-243.511" t1="116.654" t2="49.0057" s0="2.28172" s1="2.23465" s2="2.79763" r0="-0.0617257" r1="-0.837583" r2="0.542811" r3="0" r4="0.98692" r5="-0.132366" r6="-0.0920189" r7="0" r8="0.148923" r9="0.530031" r10="0.834799" r11="0" r12="0" r13="0" r14="0" r15="1" id="52" color_r="0.670588" color_g="0.694118" color_b="0.717647" type_file="Data/Objects/Environment/Rocks/coast_rock_large.xml">
        <parameters />
    </EnvObject>
    <EnvObject t0="-287.785" t1="117.588" t2="23.9155" s0="3.41162" s1="3.34124" s2="4.18301" r0="0.979673" r1="0.200568" r2="-0.00351716" r3="0" r4="-0.200599" r5="0.979546" r6="-0.0157782" r7="0" r8="0.000280617" r9="0.016163" r10="0.999869" r11="0" r12="0" r13="0" r14="0" r15="1" id="53" color_r="0.670588" color_g="0.694118" color_b="0.717647" type_file="Data/Objects/Environment/Rocks/coast_rock_large.xml">
        <parameters />
    </EnvObject>
    <EnvObject t0="-179.738" t1="86.1388" t2="29.4721" s0="2.16053" s1="2.16053" s2="2.16053" r0="-4.17233e-007" r1="1" r2="0" r3="0" r4="-0.244607" r5="-5.96046e-008" r6="0.969622" r7="0" r8="0.969622" r9="5.36442e-007" r10="0.244607" r11="0" r12="0" r13="0" r14="0" r15="1" id="54" color_r="0.52549" color_g="0.52549" color_b="0.52549" type_file="Data/Objects/Crete/CreteBlockStandard.xml">
        <parameters />
    </EnvObject>
    <EnvObject t0="-184.518" t1="88.6868" t2="39.4523" s0="2.16053" s1="2.16053" s2="2.74046" r0="-2.38419e-007" r1="1" r2="-2.68221e-007" r3="0" r4="-0.696647" r5="5.96046e-008" r6="0.717414" r7="0" r8="0.717414" r9="4.17233e-007" r10="0.696647" r11="0" r12="0" r13="0" r14="0" r15="1" id="55" color_r="0.52549" color_g="0.52549" color_b="0.52549" type_file="Data/Objects/Crete/CreteBlockStandard.xml">
        <parameters />
    </EnvObject>
    <ActorObject t0="-186.04" t1="94.0079" t2="41.3327" s0="1" s1="1" s2="1" r0="-0.938074" r1="6.55513e-010" r2="-0.346435" r3="0" r4="-6.55513e-010" r5="1" r6="3.66716e-009" r7="0" r8="0.346435" r9="3.66716e-009" r10="-0.938074" r11="0" r12="0" r13="0" r14="0" r15="1" id="56" type_file="Data/Custom/timbles/therium-2/Objects/IGF_Characters/femaleancient.xml" is_player="0">
        <parameters>
            <parameter name="Aggression" type="string" val="0.5" />
            <parameter name="Attack Damage" type="string" val="1" />
            <parameter name="Attack Knockback" type="string" val="1.4000000000000001" />
            <parameter name="Attack Speed" type="string" val="1.2000000000000002" />
            <parameter name="Block Follow-up" type="string" val="0.5" />
            <parameter name="Block Skill" type="string" val="0.30000000000000004" />
            <parameter name="Character Scale" type="string" val="1.2" />
            <parameter name="Damage Resistance" type="string" val="1.6" />
            <parameter name="Ear Size" type="string" val="1.2000000000000002" />
            <parameter name="Fat" type="string" val="0.5" />
            <parameter name="Ground Aggression" type="string" val="0.5" />
            <parameter name="Left handed" type="string" val="0" />
            <parameter name="Lives" type="string" val="2" />
            <parameter name="Movement Speed" type="string" val="1" />
            <parameter name="Muscle" type="string" val="0.65" />
            <parameter name="Teams" type="string" val="turner" />
        </parameters>
        <Connections>
            <Connection id="-1" />
        </Connections>
        <ItemConnections />
        <Palette>
            <Color label="Fur" channel="0" red="0.172549" green="0.113725" blue="0.0823529" />
            <Color label="Shirt" channel="1" red="0.0823529" green="0.160784" blue="0.0862745" />
            <Color label="Pants" channel="2" red="1" green="1" blue="1" />
            <Color label="Spots" channel="3" red="0" green="0" blue="0" />
        </Palette>
    </ActorObject>
    <Group t0="-185.275" t1="89.2346" t2="12.319" s0="2.55989" s1="3.81117" s2="2.67819" r0="-0.327665" r1="-0.138552" r2="-0.93458" r3="0" r4="-0.0458408" r5="0.990355" r6="-0.130749" r7="0" r8="0.943681" r9="0" r10="-0.330856" r11="0" r12="0" r13="0" r14="0" r15="1" id="57" version="1">
        <parameters />
        <Decal t0="-184.624" t1="89.9467" t2="11.9481" s0="2.34589" s1="1.19739" s2="2.34589" r0="0.327665" r1="0.138552" r2="0.93458" r3="0" r4="0.943681" r5="-2.38419e-007" r6="-0.330857" r7="0" r8="-0.0458407" r9="0.990355" r10="-0.130749" r11="0" r12="0" r13="0" r14="0" r15="1" id="58" type_file="Data/Objects/Decals/signs/icon_cat.xml" i="0" color_r="1" color_g="0" color_b="0">
            <parameters />
        </Decal>
        <EnvObject t0="-185.331" t1="89.2346" t2="12.3385" s0="0.634138" s1="0.634138" s2="0.634138" r0="-0.334002" r1="-0.138549" r2="-0.932334" r3="0" r4="-0.0458406" r5="0.990355" r6="-0.130749" r7="0" r8="0.941457" r9="-0.00093168" r10="-0.337132" r11="0" r12="0" r13="0" r14="0" r15="1" id="59" color_r="1" color_g="1" color_b="1" type_file="Data/Objects/Crete/CreteBlockStandard.xml">
            <parameters />
        </EnvObject>
    </Group>
    <Group t0="-180.024" t1="98.2247" t2="41.8693" s0="5.6053" s1="21.1798" s2="5.5373" r0="0.147709" r1="0" r2="0.989031" r3="0" r4="-0" r5="1" r6="0" r7="0" r8="-0.989031" r9="-0" r10="0.147709" r11="0" r12="0" r13="0" r14="0" r15="1" id="61" version="1">
        <parameters />
        <EnvObject t0="-179.968" t1="91.1688" t2="41.8526" s0="1.10815" s1="1.17664" s2="1.10815" r0="-0.0987028" r1="-1.60051e-007" r2="0.995117" r3="0" r4="1.60051e-007" r5="1" r6="1.76712e-007" r7="0" r8="-0.995117" r9="1.76712e-007" r10="-0.0987028" r11="0" r12="0" r13="0" r14="0" r15="1" id="62" color_r="0.52549" color_g="0.52549" color_b="0.52549" type_file="Data/Objects/Crete/CreteBlockStandard.xml">
            <parameters />
        </EnvObject>
        <EnvObject t0="-180.008" t1="98.2549" t2="41.9086" s0="1.10815" s1="1.17664" s2="1.10815" r0="-0.135346" r1="-0.00309934" r2="0.990794" r3="0" r4="-0.00131678" r5="0.999995" r6="0.00294825" r7="0" r8="-0.990798" r9="-0.000905628" r10="-0.135349" r11="0" r12="0" r13="0" r14="0" r15="1" id="63" color_r="0.52549" color_g="0.52549" color_b="0.52549" type_file="Data/Objects/Crete/CreteBlockStandard.xml">
            <parameters />
        </EnvObject>
        <EnvObject t0="-180.126" t1="105.218" t2="41.7873" s0="1.10815" s1="1.17664" s2="1.10815" r0="-0.0721558" r1="0.0145221" r2="0.997288" r3="0" r4="-0.0112812" r5="0.999818" r6="-0.0153751" r7="0" r8="-0.99733" r9="-0.01236" r10="-0.0719789" r11="0" r12="0" r13="0" r14="0" r15="1" id="64" color_r="0.52549" color_g="0.52549" color_b="0.52549" type_file="Data/Objects/Crete/CreteBlockStandard.xml">
            <parameters />
        </EnvObject>
    </Group>
    <Group t0="-193.87" t1="96.6525" t2="37.7251" s0="6.76686" s1="24.0803" s2="6.68477" r0="-0.985769" r1="-0.0307008" r2="-0.165281" r3="0" r4="-0.0321493" r5="0.999464" r6="0.00609518" r7="0" r8="0.165005" r9="0.0113221" r10="-0.986228" r11="0" r12="0" r13="0" r14="0" r15="1" id="65" version="1">
        <parameters />
        <EnvObject t0="-193.614" t1="88.6341" t2="37.7469" s0="1.33778" s1="1.33778" s2="1.33778" r0="-0.915462" r1="-0.0269984" r2="-0.401499" r3="0" r4="-0.0321491" r5="0.999465" r6="0.0060953" r7="0" r8="0.401119" r9="0.0184878" r10="-0.91584" r11="0" r12="0" r13="0" r14="0" r15="1" id="66" color_r="0.52549" color_g="0.52549" color_b="0.52549" type_file="Data/Objects/Crete/CreteBlockStandard.xml">
            <parameters />
        </EnvObject>
        <EnvObject t0="-193.923" t1="96.6852" t2="37.7296" s0="1.33778" s1="1.33778" s2="1.33778" r0="-0.899937" r1="-0.0293956" r2="-0.435029" r3="0" r4="-0.034545" r5="0.999395" r6="0.00393178" r7="0" r8="0.43465" r9="0.0185664" r10="-0.900408" r11="0" r12="0" r13="0" r14="0" r15="1" id="67" color_r="0.52549" color_g="0.52549" color_b="0.52549" type_file="Data/Objects/Crete/CreteBlockStandard.xml">
            <parameters />
        </EnvObject>
        <EnvObject t0="-193.994" t1="104.604" t2="37.6878" s0="1.33778" s1="1.33778" s2="1.33778" r0="-0.92619" r1="-0.0129641" r2="-0.376834" r3="0" r4="-0.0140443" r5="0.999901" r6="0.000119144" r7="0" r8="0.376796" r9="0.00540273" r10="-0.92628" r11="0" r12="0" r13="0" r14="0" r15="1" id="68" color_r="0.52549" color_g="0.52549" color_b="0.52549" type_file="Data/Objects/Crete/CreteBlockStandard.xml">
            <parameters />
        </EnvObject>
    </Group>
    <EnvObject t0="-191.214" t1="87.3839" t2="45.1039" s0="1.87003" s1="1.57207" s2="1.57275" r0="-0.671227" r1="-0.267666" r2="0.691237" r3="0" r4="0.186469" r5="-0.963511" r6="-0.192027" r7="0" r8="0.717414" r9="5.28991e-007" r10="0.696647" r11="0" r12="0" r13="0" r14="0" r15="1" id="69" color_r="0.52549" color_g="0.52549" color_b="0.52549" type_file="Data/Objects/Crete/CreteBlockStandard.xml">
        <parameters />
    </EnvObject>
    <EnvObject t0="-189.479" t1="106.575" t2="39.8873" s0="0.863483" s1="0.863483" s2="0.863483" r0="-1.07288e-006" r1="1" r2="-5.36442e-007" r3="0" r4="-0.939748" r5="-1.19209e-006" r6="-0.341869" r7="0" r8="-0.341869" r9="1.3411e-007" r10="0.939748" r11="0" r12="0" r13="0" r14="0" r15="1" id="70" color_r="0.52549" color_g="0.52549" color_b="0.52549" type_file="Data/Objects/Crete/CreteBlockStandard.xml">
        <parameters />
    </EnvObject>
    <EnvObject t0="-184.472" t1="106.467" t2="40.9703" s0="0.871366" s1="0.991068" s2="0.783351" r0="-1.72853e-006" r1="1" r2="-5.96046e-007" r3="0" r4="-0.982389" r5="-1.78814e-006" r6="-0.186849" r7="0" r8="-0.186849" r9="2.6077e-007" r10="0.982389" r11="0" r12="0" r13="0" r14="0" r15="1" id="71" color_r="0.52549" color_g="0.52549" color_b="0.52549" type_file="Data/Objects/Crete/CreteBlockStandard.xml">
        <parameters />
    </EnvObject>
    <EnvObject t0="-194.29" t1="85.1938" t2="55.1647" s0="3.06361" s1="3.06361" s2="3.06361" r0="-0.696647" r1="-1.78814e-007" r2="0.717414" r3="0" r4="-0.717414" r5="-7.7486e-007" r6="-0.696647" r7="0" r8="7.15256e-007" r9="-1" r10="4.76837e-007" r11="0" r12="0" r13="0" r14="0" r15="1" id="72" color_r="0.52549" color_g="0.52549" color_b="0.52549" type_file="Data/Objects/Crete/CreteBlockStandard.xml">
        <parameters />
    </EnvObject>
    <EnvObject t0="-187.016" t1="92.1744" t2="57.1478" s0="0.926631" s1="0.926631" s2="0.926631" r0="-0.686334" r1="-0.0176427" r2="-0.727073" r3="0" r4="-0.0321491" r5="0.999465" r6="0.00609537" r7="0" r8="0.726576" r9="0.0275582" r10="-0.686534" r11="0" r12="0" r13="0" r14="0" r15="1" id="74" color_r="0.52549" color_g="0.52549" color_b="0.52549" type_file="Data/Objects/Crete/CreteBlockStandard.xml">
        <parameters />
    </EnvObject>
    <EnvObject t0="-187.209" t1="97.7518" t2="57.1261" s0="0.926631" s1="0.92663" s2="0.92663" r0="-0.658958" r1="-0.0197118" r2="-0.751921" r3="0" r4="-0.0335112" r5="0.999433" r6="0.00316766" r7="0" r8="0.751432" r9="0.0272851" r10="-0.659246" r11="0" r12="0" r13="0" r14="0" r15="1" id="75" color_r="0.52549" color_g="0.52549" color_b="0.52549" type_file="Data/Objects/Crete/CreteBlockStandard.xml">
        <parameters />
    </EnvObject>
    <EnvObject t0="-187.862" t1="100.728" t2="56.4638" s0="1.49793" s1="0.926633" s2="0.926634" r0="0.0291825" r1="-0.998221" r2="0.0519888" r3="0" r4="-0.680107" r5="-0.0579447" r6="-0.73082" r7="0" r8="0.732532" r9="-0.0140308" r10="-0.680588" r11="0" r12="0" r13="0" r14="0" r15="1" id="76" color_r="0.52549" color_g="0.52549" color_b="0.52549" type_file="Data/Objects/Crete/CreteBlockStandard.xml">
        <parameters />
    </EnvObject>
    <EnvObject t0="-189.917" t1="94.1791" t2="59.893" s0="1" s1="1" s2="1" r0="0.683694" r1="4.74076e-008" r2="0.729769" r3="0" r4="4.74076e-008" r5="1" r6="-1.09377e-007" r7="0" r8="-0.729769" r9="1.09377e-007" r10="0.683694" r11="0" r12="0" r13="0" r14="0" r15="1" id="77" color_r="1" color_g="1" color_b="1" type_file="Data/Objects/Crete/CreteBlockStandard.xml">
        <parameters />
    </EnvObject>
    <EnvObject t0="-198.409" t1="94.2928" t2="54.1813" s0="1" s1="1" s2="1" r0="0.683694" r1="4.74076e-008" r2="0.729769" r3="0" r4="4.74076e-008" r5="1" r6="-1.09377e-007" r7="0" r8="-0.729769" r9="1.09377e-007" r10="0.683694" r11="0" r12="0" r13="0" r14="0" r15="1" id="78" color_r="1" color_g="1" color_b="1" type_file="Data/Objects/Crete/CreteBlockStandard.xml">
        <parameters />
    </EnvObject>
    <EnvObject t0="-198.342" t1="100.199" t2="54.2222" s0="1" s1="1" s2="1" r0="0.683694" r1="4.74076e-008" r2="0.729769" r3="0" r4="4.74076e-008" r5="1" r6="-1.09377e-007" r7="0" r8="-0.729769" r9="1.09377e-007" r10="0.683694" r11="0" r12="0" r13="0" r14="0" r15="1" id="79" color_r="1" color_g="1" color_b="1" type_file="Data/Objects/Crete/CreteBlockStandard.xml">
        <parameters />
    </EnvObject>
    <EnvObject t0="-193.608" t1="84.2661" t2="66.5145" s0="4.40963" s1="3.08518" s2="3.06361" r0="-0.999613" r1="-5.86733e-007" r2="0.0278239" r3="0" r4="-0.0278239" r5="-3.57628e-007" r6="-0.999613" r7="0" r8="5.94184e-007" r9="-1" r10="1.19209e-007" r11="0" r12="0" r13="0" r14="0" r15="1" id="73" color_r="0.52549" color_g="0.52549" color_b="0.52549" type_file="Data/Objects/Crete/CreteBlockStandard.xml">
        <parameters />
    </EnvObject>
    <EnvObject t0="-194.037" t1="93.6171" t2="67.8738" s0="1.33778" s1="1.33778" s2="1.33778" r0="-0.996197" r1="-0.0315486" r2="-0.0812114" r3="0" r4="-0.032149" r5="0.999465" r6="0.00609529" r7="0" r8="0.0809756" r9="0.00868298" r10="-0.996678" r11="0" r12="0" r13="0" r14="0" r15="1" id="81" color_r="0.52549" color_g="0.52549" color_b="0.52549" type_file="Data/Objects/Crete/CreteBlockStandard.xml">
        <parameters />
    </EnvObject>
