<?xml version="2.0" ?>
<Type>saved</Type>
<Name></Name>
<Description></Description>
<Shader>post</Shader>
<Terrain>
    <Heightmap>Data/Textures/Terrain/painted_desert/painted_desert_hm.png</Heightmap>
    <DetailMap></DetailMap>
    <ColorMap>Data/Textures/Terrain/painted_desert/painted_desert_c.tga</ColorMap>
    <DetailMaps>
        <DetailMap colorpath="Data/Textures/Terrain/DetailTextures/pebbles.tga" normalpath="Data/Textures/Terrain/DetailTextures/pebbles_normal.tga" materialpath="Data/Materials/gravel.xml" />
        <DetailMap colorpath="Data/Textures/Terrain/DetailTextures/dead_grass.tga" normalpath="Data/Textures/Terrain/DetailTextures/dead_grass_normal.tga" materialpath="Data/Materials/drygrass.xml" />
        <DetailMap colorpath="Data/Textures/Terrain/DetailTextures/sandwaves.tga" normalpath="Data/Textures/Terrain/DetailTextures/sandwaves_normal.tga" materialpath="Data/Materials/sand.xml" />
        <DetailMap colorpath="Data/Textures/Terrain/DetailTextures/red_dirt.tga" normalpath="Data/Textures/Terrain/DetailTextures/red_dirt_normal.tga" materialpath="Data/Materials/dirt.xml" />
    </DetailMaps>
    <DetailObjects />
</Terrain>
<OutOfDate Shadow="true" AO="true" NavMesh="true" />
<SpawnPoints>
    <SpawnPoint t0="0" t1="200" t2="0" s0="1" s1="1" s2="1" r0="1" r1="0" r2="0" r3="0" r4="0" r5="1" r6="0" r7="0" r8="0" r9="0" r10="1" r11="0" r12="0" r13="0" r14="0" r15="1" />
</SpawnPoints>
<AmbientSounds />
<Script>Data/Scripts/challengelevel.as</Script>
<LevelScriptParameters>
    <parameter name="Achievements" type="string" val="flawless, no_injuries, no_kills" />
    <parameter name="Level Boundaries" type="int" val="1" />
    <parameter name="Objectives" type="string" val="destroy_all" />
</LevelScriptParameters>
<Sky>
    <DomeTexture>Data/Textures/skies/orange_clouds.tga</DomeTexture>
    <SunAngularRad>0.0714384</SunAngularRad>
    <SunColorAngle>157.193</SunColorAngle>
    <RayToSun r0="-0.308723" r1="0.272646" r2="0.911238" />
    <ExtraAO>0</ExtraAO>
    <SkyRotation>0</SkyRotation>
</Sky>
<ActorObjects>
    <EnvObject t0="44.1835" t1="-2.64917" t2="-5.4327" s0="1.56603" s1="1.94721" s2="1.54089" r0="1" r1="0" r2="0" r3="0" r4="0" r5="1" r6="0" r7="0" r8="0" r9="0" r10="1" r11="0" r12="0" r13="0" r14="0" r15="1" id="1" color_r="1" color_g="1" color_b="1" type_file="Data/Objects/Environment/Land/sandstone_bridge.xml">
        <parameters />
    </EnvObject>
    <EnvObject t0="72.3366" t1="-28.8458" t2="-47.6512" s0="1" s1="1" s2="1" r0="1" r1="0" r2="0" r3="0" r4="0" r5="1" r6="0" r7="0" r8="0" r9="0" r10="1" r11="0" r12="0" r13="0" r14="0" r15="1" id="2" color_r="1" color_g="1" color_b="1" type_file="Data/Objects/Environment/Land/sandstone_mesa.xml">
        <parameters />
    </EnvObject>
    <EnvObject t0="58.2506" t1="-46.245" t2="-39.4926" s0="1.14875" s1="1.14875" s2="1.14875" r0="-0.677704" r1="-5.45912e-008" r2="-0.735335" r3="0" r4="-5.45912e-008" r5="1" r6="-2.39272e-008" r7="0" r8="0.735335" r9="2.39272e-008" r10="-0.677704" r11="0" r12="0" r13="0" r14="0" r15="1" id="3" color_r="1" color_g="1" color_b="1" type_file="Data/Objects/Environment/Land/sandstone_mesa.xml">
        <parameters />
    </EnvObject>
    <EnvObject t0="0.748785" t1="-30.5943" t2="-0.0623283" s0="1" s1="1" s2="1" r0="1" r1="0" r2="0" r3="0" r4="0" r5="1" r6="0" r7="0" r8="0" r9="0" r10="1" r11="0" r12="0" r13="0" r14="0" r15="1" id="4" color_r="1" color_g="1" color_b="1" type_file="Data/Objects/Environment/Land/sandstone_spire.xml">
        <parameters />
    </EnvObject>
    <EnvObject t0="2.83038" t1="-24.204" t2="-15.4844" s0="1" s1="1" s2="1" r0="-0.363077" r1="0.219999" r2="-0.905415" r3="0" r4="0.143674" r5="0.973323" r6="0.178885" r7="0" r8="0.920615" r9="-0.0651353" r10="-0.384999" r11="0" r12="0" r13="0" r14="0" r15="1" id="5" color_r="1" color_g="1" color_b="1" type_file="Data/Objects/Environment/Land/sandstone_spire.xml">
        <parameters />
    </EnvObject>
    <EnvObject t0="19.8691" t1="-23.7182" t2="-35.2315" s0="1" s1="1" s2="1" r0="-0.214717" r1="0.0942875" r2="0.972115" r3="0" r4="0.0123456" r5="0.995512" r6="-0.09383" r7="0" r8="-0.976598" r9="-0.00814555" r10="-0.214917" r11="0" r12="0" r13="0" r14="0" r15="1" id="6" color_r="1" color_g="1" color_b="1" type_file="Data/Objects/Environment/Land/sandstone_spire.xml">
        <parameters />
    </EnvObject>
    <EnvObject t0="-3.91451" t1="-54.4688" t2="-73.5614" s0="1.59596" s1="1.59596" s2="1.59596" r0="0.918184" r1="-0.0029948" r2="-0.396142" r3="0" r4="0.00383282" r5="0.999992" r6="0.00132391" r7="0" r8="0.396135" r9="-0.00273393" r10="0.918188" r11="0" r12="0" r13="0" r14="0" r15="1" id="7" color_r="1" color_g="1" color_b="1" type_file="Data/Objects/Environment/Land/sandstone_spire.xml">
        <parameters />
    </EnvObject>
    <EnvObject t0="147.849" t1="-17.5465" t2="-21.8778" s0="1.59596" s1="1.59596" s2="1.59596" r0="0.997473" r1="0.00828823" r2="-0.0705544" r3="0" r4="0.000774637" r5="0.991843" r6="0.127466" r7="0" r8="0.0710353" r9="-0.127199" r10="0.98933" r11="0" r12="0" r13="0" r14="0" r15="1" id="8" color_r="1" color_g="1" color_b="1" type_file="Data/Objects/Environment/Land/sandstone_spire.xml">
        <parameters />
    </EnvObject>
    <EnvObject t0="151.826" t1="-24.4391" t2="-21.0135" s0="1.59596" s1="1.59596" s2="1.59596" r0="-0.485432" r1="-0.0365448" r2="-0.87351" r3="0" r4="-0.186382" r5="0.980484" r6="0.0625572" r7="0" r8="0.854176" r9="0.193174" r10="-0.48277" r11="0" r12="0" r13="0" r14="0" r15="1" id="9" color_r="1" color_g="1" color_b="1" type_file="Data/Objects/Environment/Land/sandstone_spire.xml">
        <parameters />
    </EnvObject>
    <ActorObject t0="71.1588" t1="1.86028" t2="-47.1852" s0="1" s1="1" s2="1" r0="1" r1="0" r2="0" r3="0" r4="0" r5="1" r6="0" r7="0" r8="0" r9="0" r10="1" r11="0" r12="0" r13="0" r14="0" r15="1" id="10" type_file="Data/Custom/ragdollzombie/original_robbert/Objects/characters/robbert_actor.xml" is_player="1">
        <parameters>
            <parameter name="Aggression" type="float" val="0.5" />
            <parameter name="Attack Damage" type="float" val="1" />
            <parameter name="Attack Knockback" type="float" val="1" />
            <parameter name="Attack Speed" type="float" val="1" />
            <parameter name="Block Follow-up" type="float" val="0.5" />
            <parameter name="Block Skill" type="float" val="0.5" />
            <parameter name="Character Scale" type="float" val="1" />
            <parameter name="Damage Resistance" type="float" val="1" />
            <parameter name="Ear Size" type="float" val="1" />
            <parameter name="Fat" type="float" val="0.5" />
            <parameter name="Ground Aggression" type="float" val="0.5" />
            <parameter name="Left handed" type="int" val="0" />
            <parameter name="Lives" type="int" val="1" />
            <parameter name="Movement Speed" type="float" val="1" />
            <parameter name="Muscle" type="float" val="0.5" />
            <parameter name="Teams" type="string" val="guard" />
        </parameters>
        <Connections>
            <Connection id="-1" />
        </Connections>
        <ItemConnections />
        <Palette>
            <Color label="Clothes" channel="0" red="1" green="1" blue="1" />
            <Color label="Fur" channel="1" red="1" green="1" blue="1" />
            <Color label="Leather" channel="2" red="1" green="1" blue="1" />
            <Color label="Armor" channel="3" red="1" green="1" blue="1" />
        </Palette>
    </ActorObject>
    <EnvObject t0="64.411" t1="-19.7974" t2="-11.9118" s0="0.713324" s1="0.713324" s2="0.713324" r0="-0.677704" r1="-5.45912e-008" r2="-0.735335" r3="0" r4="-5.45912e-008" r5="1" r6="-2.39272e-008" r7="0" r8="0.735335" r9="2.39272e-008" r10="-0.677704" r11="0" r12="0" r13="0" r14="0" r15="1" id="11" color_r="1" color_g="1" color_b="1" type_file="Data/Objects/Environment/Land/sandstone_mesa.xml">
        <parameters />
    </EnvObject>
    <EnvObject t0="58.6313" t1="-7.38126" t2="-3.166" s0="0.457765" s1="0.457765" s2="0.457765" r0="-0.677704" r1="-5.45912e-008" r2="-0.735335" r3="0" r4="-5.45912e-008" r5="1" r6="-2.39272e-008" r7="0" r8="0.735335" r9="2.39272e-008" r10="-0.677704" r11="0" r12="0" r13="0" r14="0" r15="1" id="12" color_r="1" color_g="1" color_b="1" type_file="Data/Objects/Environment/Land/sandstone_mesa.xml">
        <parameters />
    </EnvObject>
    <EnvObject t0="28.0197" t1="-28.972" t2="-1.80503" s0="1" s1="1" s2="1" r0="-0.432035" r1="0.855847" r2="0.28438" r3="0" r4="0.890087" r5="0.45542" r6="-0.0183564" r7="0" r8="-0.145222" r9="0.245192" r10="-0.958536" r11="0" r12="0" r13="0" r14="0" r15="1" id="13" color_r="1" color_g="1" color_b="1" type_file="Data/Objects/Environment/Land/sandstone_spire.xml">
        <parameters />
    </EnvObject>
    <EnvObject t0="102.633" t1="-6.6318" t2="47.0476" s0="1.04268" s1="1.21525" s2="1" r0="0.341316" r1="-0.217377" r2="0.914468" r3="0" r4="0.0760117" r5="0.976088" r6="0.203654" r7="0" r8="-0.93687" r9="-9.68575e-008" r10="0.349678" r11="0" r12="0" r13="0" r14="0" r15="1" id="14" color_r="1" color_g="1" color_b="1" type_file="Data/Objects/Environment/Land/jagged_outcrop.xml">
        <parameters />
    </EnvObject>
    <EnvObject t0="11.5586" t1="-23.0812" t2="55.7352" s0="1.04268" s1="1.21525" s2="1" r0="-0.334125" r1="0.0914049" r2="-0.938086" r3="0" r4="0.20729" r5="0.978044" r6="0.0214663" r7="0" r8="0.919452" r9="-0.187284" r10="-0.345737" r11="0" r12="0" r13="0" r14="0" r15="1" id="15" color_r="1" color_g="1" color_b="1" type_file="Data/Objects/Environment/Land/jagged_outcrop.xml">
        <parameters />
    </EnvObject>
    <EnvObject t0="-124.495" t1="1.12757" t2="125.989" s0="1.04268" s1="1.21525" s2="1" r0="-0.104373" r1="0.217445" r2="-0.970476" r3="0" r4="0.0582336" r5="0.975468" r6="0.212301" r7="0" r8="0.992832" r9="-0.0343558" r10="-0.114475" r11="0" r12="0" r13="0" r14="0" r15="1" id="16" color_r="1" color_g="1" color_b="1" type_file="Data/Objects/Environment/Land/jagged_outcrop.xml">
        <parameters />
    </EnvObject>
    <EnvObject t0="-66.6143" t1="-62.3852" t2="194.055" s0="1.04268" s1="0.886249" s2="1" r0="0.186626" r1="-0.16163" r2="-0.969044" r3="0" r4="0.0474703" r5="0.986705" r6="-0.155434" r7="0" r8="0.981284" r9="-0.0169928" r10="0.191818" r11="0" r12="0" r13="0" r14="0" r15="1" id="17" color_r="1" color_g="1" color_b="1" type_file="Data/Objects/Environment/Land/jagged_outcrop.xml">
        <parameters />
    </EnvObject>
    <EnvObject t0="28.4579" t1="-14.6843" t2="51.8156" s0="0.576841" s1="0.576841" s2="0.576841" r0="-0.635055" r1="-0.0378034" r2="-0.771542" r3="0" r4="-0.0984437" r5="0.994618" r6="0.0322953" r7="0" r8="0.766169" r9="0.0964627" r10="-0.635359" r11="0" r12="0" r13="0" r14="0" r15="1" id="18" color_r="1" color_g="1" color_b="1" type_file="Data/Objects/Environment/Land/sandstone_spire.xml">
        <parameters />
    </EnvObject>
    <EnvObject t0="67.3817" t1="-6.07884" t2="40.7167" s0="0.723544" s1="0.723544" s2="0.723544" r0="0.654781" r1="0.0745376" r2="-0.752134" r3="0" r4="0.00986952" r5="0.994197" r6="0.107119" r7="0" r8="0.755754" r9="-0.0775624" r10="0.650246" r11="0" r12="0" r13="0" r14="0" r15="1" id="19" color_r="1" color_g="1" color_b="1" type_file="Data/Objects/Environment/Land/sandstone_spire.xml">
        <parameters />
    </EnvObject>
    <EnvObject t0="70.1819" t1="-15.4819" t2="40.4906" s0="0.723544" s1="0.723544" s2="0.723544" r0="-0.980396" r1="0.0954245" r2="-0.172391" r3="0" r4="0.0683208" r5="0.985259" r6="0.156832" r7="0" r8="0.184816" r9="0.141979" r10="-0.972463" r11="0" r12="0" r13="0" r14="0" r15="1" id="20" color_r="1" color_g="1" color_b="1" type_file="Data/Objects/Environment/Land/sandstone_spire.xml">
        <parameters />
    </EnvObject>
    <EnvObject t0="33.2867" t1="-19.3167" t2="49.2043" s0="0.723544" s1="0.723544" s2="0.723544" r0="0.887218" r1="0.0936037" r2="0.451756" r3="0" r4="-0.212752" r5="0.951878" r6="0.220602" r7="0" r8="-0.409367" r9="-0.291834" r10="0.864437" r11="0" r12="0" r13="0" r14="0" r15="1" id="21" color_r="1" color_g="1" color_b="1" type_file="Data/Objects/Environment/Land/sandstone_spire.xml">
        <parameters />
    </EnvObject>
    <EnvObject t0="12.9017" t1="-5.13691" t2="44.5667" s0="0.898028" s1="0.898028" s2="0.898028" r0="-0.635055" r1="-0.0378034" r2="-0.771542" r3="0" r4="-0.0984438" r5="0.994618" r6="0.0322953" r7="0" r8="0.766169" r9="0.0964628" r10="-0.635359" r11="0" r12="0" r13="0" r14="0" r15="1" id="22" color_r="1" color_g="1" color_b="1" type_file="Data/Objects/Environment/Land/sandstone_spire.xml">
        <parameters />
    </EnvObject>
    <EnvObject t0="60.7607" t1="-69.4066" t2="84.4081" s0="1.56603" s1="1.98099" s2="2.03471" r0="-0.999288" r1="-0.0377208" r2="5.58361e-008" r3="0" r4="-0.0377208" r5="0.999288" r6="2.81729e-009" r7="0" r8="-5.59027e-008" r9="7.09102e-010" r10="-1" r11="0" r12="0" r13="0" r14="0" r15="1" id="23" color_r="1" color_g="1" color_b="1" type_file="Data/Objects/Environment/Land/sandstone_bridge.xml">
        <parameters />
    </EnvObject>
    <EnvObject t0="53.3857" t1="-24.3452" t2="76.1366" s0="0.92301" s1="0.757541" s2="0.723544" r0="0.983391" r1="-0.00778253" r2="0.181333" r3="0" r4="-0.180474" r5="0.0641296" r6="0.981487" r7="0" r8="-0.0192672" r9="-0.997911" r10="0.0616599" r11="0" r12="0" r13="0" r14="0" r15="1" id="24" color_r="1" color_g="1" color_b="1" type_file="Data/Objects/Environment/Land/sandstone_spire.xml">
        <parameters />
    </EnvObject>
    <EnvObject t0="-50.6104" t1="13.1736" t2="67.3425" s0="1.28366" s1="1.28366" s2="1.28366" r0="-0.108355" r1="0.11596" r2="0.987326" r3="0" r4="-0.147541" r5="0.980298" r6="-0.131327" r7="0" r8="-0.983103" r9="-0.159901" r10="-0.0891111" r11="0" r12="0" r13="0" r14="0" r15="1" id="25" color_r="1" color_g="1" color_b="1" type_file="Data/Objects/Environment/Land/sandstone_spire.xml">
        <parameters />
    </EnvObject>
    <EnvObject t0="-32.808" t1="-20.7248" t2="81.139" s0="1.28366" s1="1.28366" s2="1.28366" r0="0.938425" r1="0.13167" r2="0.319408" r3="0" r4="-0.0252123" r5="0.948161" r6="-0.316788" r7="0" r8="-0.344561" r9="0.289229" r10="0.893098" r11="0" r12="0" r13="0" r14="0" r15="1" id="26" color_r="1" color_g="1" color_b="1" type_file="Data/Objects/Environment/Land/sandstone_spire.xml">
        <parameters />
    </EnvObject>
    <EnvObject t0="301.121" t1="-61.0259" t2="250.729" s0="1.24213" s1="1.24213" s2="1.24213" r0="-0.586406" r1="0.125526" r2="0.800232" r3="0" r4="0.189989" r5="0.981675" r6="-0.0147652" r7="0" r8="-0.787421" r9="0.143377" r10="-0.599509" r11="0" r12="0" r13="0" r14="0" r15="1" id="27" color_r="1" color_g="1" color_b="1" type_file="Data/Objects/Environment/Land/sandstone_spire.xml">
        <parameters />
    </EnvObject>
    <EnvObject t0="299.769" t1="-69.7909" t2="254.154" s0="1.24213" s1="1.24213" s2="1.24213" r0="0.146566" r1="0.0152184" r2="-0.989084" r3="0" r4="0.310316" r5="0.948701" r6="0.0605808" r7="0" r8="0.939267" r9="-0.315807" r10="0.134325" r11="0" r12="0" r13="0" r14="0" r15="1" id="28" color_r="1" color_g="1" color_b="1" type_file="Data/Objects/Environment/Land/sandstone_spire.xml">
        <parameters />
    </EnvObject>
    <EnvObject t0="302.195" t1="-74.7943" t2="242.318" s0="1.24213" s1="1.24213" s2="1.24213" r0="0.134778" r1="0.310603" r2="0.940936" r3="0" r4="0.0936798" r5="0.941353" r6="-0.324159" r7="0" r8="-0.986438" r9="0.131836" r10="0.0977765" r11="0" r12="0" r13="0" r14="0" r15="1" id="29" color_r="1" color_g="1" color_b="1" type_file="Data/Objects/Environment/Land/sandstone_spire.xml">
        <parameters />
    </EnvObject>
    <EnvObject t0="298.531" t1="-73.327" t2="259.272" s0="1.24213" s1="1.24213" s2="1.24213" r0="0.851061" r1="0.122111" r2="-0.51067" r3="0" r4="0.22624" r5="0.792385" r6="0.566516" r7="0" r8="0.473825" r9="-0.597674" r10="0.646742" r11="0" r12="0" r13="0" r14="0" r15="1" id="30" color_r="1" color_g="1" color_b="1" type_file="Data/Objects/Environment/Land/sandstone_spire.xml">
        <parameters />
    </EnvObject>
    <EnvObject t0="154.031" t1="-72.1406" t2="224.673" s0="1.28366" s1="1.28366" s2="1.28366" r0="0.301356" r1="0.0467136" r2="-0.952367" r3="0" r4="-0.922966" r5="0.265072" r6="-0.279051" r7="0" r8="0.239411" r9="0.963096" r10="0.122996" r11="0" r12="0" r13="0" r14="0" r15="1" id="31" color_r="1" color_g="1" color_b="1" type_file="Data/Objects/Environment/Land/sandstone_spire.xml">
        <parameters />
    </EnvObject>
    <EnvObject t0="157.876" t1="-15.9558" t2="37.3886" s0="1.04268" s1="1.21525" s2="1" r0="0.857077" r1="0.382991" r2="0.344582" r3="0" r4="-0.344051" r5="0.92334" r6="-0.170506" r7="0" r8="-0.383469" r9="0.0275828" r10="0.923142" r11="0" r12="0" r13="0" r14="0" r15="1" id="32" color_r="1" color_g="1" color_b="1" type_file="Data/Objects/Environment/Land/jagged_outcrop.xml">
        <parameters />
    </EnvObject>
    <EnvObject t0="61.1491" t1="-5.86028" t2="34.4901" s0="1" s1="1" s2="1" r0="-0.143061" r1="-0.0990966" r2="0.98474" r3="0" r4="0.0549297" r5="0.992646" r6="0.107872" r7="0" r8="-0.988188" r9="0.0695238" r10="-0.136566" r11="0" r12="0" r13="0" r14="0" r15="1" id="33" color_r="1" color_g="1" color_b="1" type_file="Data/Objects/Environment/Statues/rabbit_head.xml">
        <parameters />
    </EnvObject>
    <EnvObject t0="56.2349" t1="-11.2639" t2="39.1625" s0="0.428428" s1="0.428428" s2="0.428428" r0="-0.143061" r1="-0.0990966" r2="0.98474" r3="0" r4="0.0549296" r5="0.992646" r6="0.107872" r7="0" r8="-0.988188" r9="0.0695237" r10="-0.136566" r11="0" r12="0" r13="0" r14="0" r15="1" id="34" color_r="1" color_g="1" color_b="1" type_file="Data/Objects/Environment/Statues/rabbit_head.xml">
        <parameters />
    </EnvObject>
    <EnvObject t0="57.1395" t1="-9.82932" t2="22.4056" s0="-0.428428" s1="0.428428" s2="0.428428" r0="0.111046" r1="0.0744877" r2="0.99102" r3="0" r4="0.172729" r5="0.980564" r6="-0.0930565" r7="0" r8="-0.97869" r9="0.181511" r10="0.0960219" r11="0" r12="0" r13="0" r14="0" r15="1" id="35" color_r="1" color_g="1" color_b="1" type_file="Data/Objects/Environment/Statues/rabbit_head.xml">
        <parameters />
    </EnvObject>
    <EnvObject t0="62.9684" t1="-2.0581" t2="21.6914" s0="0.381547" s1="0.381547" s2="0.381547" r0="-0.574238" r1="-0.0230704" r2="-0.818364" r3="0" r4="-0.103746" r5="0.993595" r6="0.0447869" r7="0" r8="0.812089" r9="0.11062" r10="-0.572953" r11="0" r12="0" r13="0" r14="0" r15="1" id="36" color_r="1" color_g="1" color_b="1" type_file="Data/Objects/Environment/Land/sandstone_spire.xml">
        <parameters />
    </EnvObject>
    <EnvObject t0="52.071" t1="-13.6036" t2="27.5738" s0="1" s1="1" s2="1" r0="-0.0772652" r1="-0.968593" r2="0.236341" r3="0" r4="-0.110748" r5="0.243921" r6="0.963451" r7="0" r8="-0.990841" r9="0.0482669" r10="-0.126116" r11="0" r12="0" r13="0" r14="0" r15="1" id="37" color_r="0.0666667" color_g="0.0666667" color_b="0.0666667" type_file="Data/Objects/Environment/rocks/BlockyStone1.xml">
        <parameters />
    </EnvObject>
    <EnvObject t0="54.9199" t1="-13.7928" t2="26.3119" s0="1.37376" s1="1.37376" s2="1.37376" r0="-0.293929" r1="-0.804664" r2="-0.515869" r3="0" r4="-0.81459" r5="0.493235" r6="-0.305225" r7="0" r8="0.500048" r9="0.330508" r10="-0.800447" r11="0" r12="0" r13="0" r14="0" r15="1" id="38" color_r="0.0666667" color_g="0.0666667" color_b="0.0666667" type_file="Data/Objects/Environment/rocks/BlockyStone1.xml">
        <parameters />
    </EnvObject>
    <EnvObject t0="53.0726" t1="-12.8379" t2="33.1877" s0="0.756162" s1="0.756162" s2="0.756162" r0="-0.991346" r1="-0.131034" r2="-0.00797176" r3="0" r4="-0.131222" r5="0.987358" r6="0.0889064" r7="0" r8="-0.00377878" r9="0.0891831" r10="-0.996008" r11="0" r12="0" r13="0" r14="0" r15="1" id="39" color_r="0.439216" color_g="0.384314" color_b="0.298039" type_file="Data/Objects/Crete/hex_crete_rubble.xml">
        <parameters />
    </EnvObject>
    <EnvObject t0="26.5002" t1="-17.7104" t2="23.243" s0="0.652846" s1="0.652846" s2="0.652846" r0="0.199462" r1="0.177397" r2="0.963714" r3="0" r4="-0.266639" r5="0.956193" r6="-0.120826" r7="0" r8="-0.942931" r9="-0.232863" r10="0.238025" r11="0" r12="0" r13="0" r14="0" r15="1" id="40" color_r="1" color_g="1" color_b="1" type_file="Data/Objects/Environment/Land/sandstone_spire.xml">
        <parameters />
    </EnvObject>
    <Group t0="38.1459" t1="-16.3266" t2="18.639" s0="15.3833" s1="16.3343" s2="13.534" r0="0.956928" r1="0.0618597" r2="-0.283658" r3="0" r4="-0.0417626" r5="0.996205" r6="0.0763634" r7="0" r8="0.287306" r9="-0.061228" r10="0.95588" r11="0" r12="0" r13="0" r14="0" r15="1" id="45" version="1">
        <parameters />
        <EnvObject t0="43.1956" t1="-11.4787" t2="10.6477" s0="3.97702" s1="3.97702" s2="3.97702" r0="0.956928" r1="0.0618595" r2="-0.283658" r3="0" r4="0.287306" r5="-0.0612264" r6="0.95588" r7="0" r8="0.0417629" r9="-0.996205" r10="-0.0763618" r11="0" r12="0" r13="0" r14="0" r15="1" id="41" color_r="1" color_g="1" color_b="1" type_file="Data/Objects/Buildings/PostRound1.xml">
            <parameters />
        </EnvObject>
        <EnvObject t0="29.0351" t1="-12.3941" t2="14.8452" s0="3.97702" s1="3.97702" s2="3.97702" r0="0.956928" r1="0.0618595" r2="-0.283659" r3="0" r4="0.287306" r5="-0.0612268" r6="0.95588" r7="0" r8="0.0417627" r9="-0.996205" r10="-0.0763622" r11="0" r12="0" r13="0" r14="0" r15="1" id="42" color_r="1" color_g="1" color_b="1" type_file="Data/Objects/Buildings/PostRound1.xml">
            <parameters />
        </EnvObject>
        <EnvObject t0="29.374" t1="-20.4776" t2="14.2256" s0="3.97702" s1="3.97702" s2="3.97702" r0="0.956928" r1="0.0618595" r2="-0.283659" r3="0" r4="0.287306" r5="-0.0612268" r6="0.95588" r7="0" r8="0.0417627" r9="-0.996205" r10="-0.0763622" r11="0" r12="0" r13="0" r14="0" r15="1" id="43" color_r="1" color_g="1" color_b="1" type_file="Data/Objects/Buildings/PostRound1.xml">
            <parameters />
        </EnvObject>
        <EnvObject t0="46.9117" t1="-12.2706" t2="23.0111" s0="3.97702" s1="3.97702" s2="3.97702" r0="0.956928" r1="0.0618595" r2="-0.283659" r3="0" r4="0.287306" r5="-0.0612268" r6="0.95588" r7="0" r8="0.0417627" r9="-0.996205" r10="-0.0763622" r11="0" r12="0" r13="0" r14="0" r15="1" id="46" color_r="1" color_g="1" color_b="1" type_file="Data/Objects/Buildings/PostRound1.xml">
            <parameters />
        </EnvObject>
        <EnvObject t0="32.7512" t1="-13.186" t2="27.2087" s0="3.97702" s1="3.97701" s2="3.97702" r0="0.956928" r1="0.0618595" r2="-0.283659" r3="0" r4="0.287306" r5="-0.0612268" r6="0.95588" r7="0" r8="0.0417627" r9="-0.996205" r10="-0.0763622" r11="0" r12="0" r13="0" r14="0" r15="1" id="47" color_r="1" color_g="1" color_b="1" type_file="Data/Objects/Buildings/PostRound1.xml">
            <parameters />
        </EnvObject>
        <EnvObject t0="33.09" t1="-21.2695" t2="26.589" s0="3.97702" s1="3.97702" s2="3.97702" r0="0.956928" r1="0.0618595" r2="-0.283658" r3="0" r4="0.287306" r5="-0.0612264" r6="0.95588" r7="0" r8="0.0417629" r9="-0.996205" r10="-0.0763618" r11="0" r12="0" r13="0" r14="0" r15="1" id="48" color_r="1" color_g="1" color_b="1" type_file="Data/Objects/Buildings/PostRound1.xml">
            <parameters />
        </EnvObject>
        <EnvObject t0="37.891" t1="-9.46209" t2="19.1723" s0="2.60217" s1="4.26432" s2="2.11525" r0="0.956928" r1="0.0618597" r2="-0.283658" r3="0" r4="-0.0417627" r5="0.996205" r6="0.0763633" r7="0" r8="0.287306" r9="-0.0612279" r10="0.95588" r11="0" r12="0" r13="0" r14="0" r15="1" id="44" color_r="0.145098" color_g="0.239216" color_b="0.160784" type_file="Data/Objects/Buildings/shops/shop_tarp.xml">
            <parameters />
        </EnvObject>
    </Group>
    <Group t0="71.0037" t1="0.873549" t2="-46.7328" s0="15.3833" s1="16.3343" s2="13.534" r0="0.96924" r1="-0.0718582" r2="-0.235395" r3="0" r4="0.0489482" r5="0.993603" r6="-0.101769" r7="0" r8="0.241202" r9="0.0871168" r10="0.966557" r11="0" r12="0" r13="0" r14="0" r15="1" id="49" version="1">
        <parameters />
        <EnvObject t0="76.8071" t1="3.75967" t2="-55.1503" s0="3.97702" s1="3.97702" s2="3.97702" r0="0.96924" r1="-0.071858" r2="-0.235395" r3="0" r4="0.241202" r5="0.0871152" r6="0.966557" r7="0" r8="-0.0489484" r9="-0.993603" r10="0.101768" r11="0" r12="0" r13="0" r14="0" r15="1" id="50" color_r="1" color_g="1" color_b="1" type_file="Data/Objects/Buildings/PostRound1.xml">
            <parameters />
        </EnvObject>
        <EnvObject t0="62.4644" t1="4.82301" t2="-51.667" s0="3.97702" s1="3.97702" s2="3.97702" r0="0.96924" r1="-0.071858" r2="-0.235395" r3="0" r4="0.241202" r5="0.0871149" r6="0.966557" r7="0" r8="-0.0489485" r9="-0.993603" r10="0.101768" r11="0" r12="0" r13="0" r14="0" r15="1" id="51" color_r="1" color_g="1" color_b="1" type_file="Data/Objects/Buildings/PostRound1.xml">
            <parameters />
        </EnvObject>
        <EnvObject t0="62.0672" t1="-3.23932" t2="-50.8412" s0="3.97701" s1="3.97702" s2="3.97702" r0="0.96924" r1="-0.071858" r2="-0.235395" r3="0" r4="0.241202" r5="0.0871149" r6="0.966557" r7="0" r8="-0.0489485" r9="-0.993603" r10="0.101768" r11="0" r12="0" r13="0" r14="0" r15="1" id="52" color_r="1" color_g="1" color_b="1" type_file="Data/Objects/Buildings/PostRound1.xml">
            <parameters />
        </EnvObject>
        <EnvObject t0="79.9268" t1="4.88644" t2="-42.6488" s0="3.97702" s1="3.97702" s2="3.97702" r0="0.96924" r1="-0.071858" r2="-0.235395" r3="0" r4="0.241202" r5="0.0871149" r6="0.966557" r7="0" r8="-0.0489485" r9="-0.993603" r10="0.101768" r11="0" r12="0" r13="0" r14="0" r15="1" id="53" color_r="1" color_g="1" color_b="1" type_file="Data/Objects/Buildings/PostRound1.xml">
            <parameters />
        </EnvObject>
        <EnvObject t0="65.5841" t1="5.94979" t2="-39.1655" s0="3.97701" s1="3.97701" s2="3.97702" r0="0.96924" r1="-0.071858" r2="-0.235395" r3="0" r4="0.241202" r5="0.0871149" r6="0.966557" r7="0" r8="-0.0489485" r9="-0.993603" r10="0.101768" r11="0" r12="0" r13="0" r14="0" r15="1" id="54" color_r="1" color_g="1" color_b="1" type_file="Data/Objects/Buildings/PostRound1.xml">
            <parameters />
        </EnvObject>
        <EnvObject t0="65.187" t1="-2.11255" t2="-38.3397" s0="3.97702" s1="3.97702" s2="3.97702" r0="0.96924" r1="-0.071858" r2="-0.235395" r3="0" r4="0.241202" r5="0.0871152" r6="0.966557" r7="0" r8="-0.0489484" r9="-0.993603" r10="0.101768" r11="0" r12="0" r13="0" r14="0" r15="1" id="55" color_r="1" color_g="1" color_b="1" type_file="Data/Objects/Buildings/PostRound1.xml">
            <parameters />
        </EnvObject>
        <EnvObject t0="71.3734" t1="7.71861" t2="-47.4252" s0="2.60217" s1="4.26432" s2="2.11525" r0="0.96924" r1="-0.0718583" r2="-0.235395" r3="0" r4="0.0489483" r5="0.993603" r6="-0.101769" r7="0" r8="0.241202" r9="0.0871168" r10="0.966557" r11="0" r12="0" r13="0" r14="0" r15="1" id="56" color_r="0.145098" color_g="0.239216" color_b="0.160784" type_file="Data/Objects/Buildings/shops/shop_tarp.xml">
            <parameters />
        </EnvObject>
    </Group>
    <Group t0="70.7927" t1="-7.29444" t2="53.2118" s0="12.7969" s1="13.0239" s2="6.72625" r0="0.648974" r1="-0.162331" r2="-0.74329" r3="0" r4="0.16171" r5="0.98408" r6="-0.0737279" r7="0" r8="0.743426" r9="-0.07235" r10="0.664893" r11="0" r12="0" r13="0" r14="0" r15="1" id="57" version="1">
        <parameters />
        <EnvObject t0="66.8106" t1="-5.49359" t2="54.1427" s0="0.646797" s1="0.242826" s2="0.320924" r0="0.648974" r1="-0.162331" r2="-0.74329" r3="0" r4="0.16171" r5="0.98408" r6="-0.0737277" r7="0" r8="0.743425" r9="-0.0723502" r10="0.664893" r11="0" r12="0" r13="0" r14="0" r15="1" id="89" color_r="0.0941176" color_g="0.0705882" color_b="0.0705882" type_file="Data/Objects/Crete/CreteBlockStandard.xml">
            <parameters />
        </EnvObject>
        <EnvObject t0="67.1766" t1="-7.50386" t2="53.511" s0="0.39992" s1="0.618284" s2="0.298122" r0="0.642883" r1="0.351456" r2="-0.680572" r3="0" r4="-0.184441" r5="0.933404" r6="0.307795" r7="0" r8="0.743425" r9="-0.0723502" r10="0.664893" r11="0" r12="0" r13="0" r14="0" r15="1" id="90" color_r="0.0941176" color_g="0.0705882" color_b="0.0705882" type_file="Data/Objects/Crete/CreteBlockStandard.xml">
            <parameters />
        </EnvObject>
        <EnvObject t0="67.6959" t1="-9.04302" t2="56.5194" s0="1.10585" s1="0.245829" s2="1.66869" r0="0.648974" r1="-0.162331" r2="-0.74329" r3="0" r4="0.16171" r5="0.98408" r6="-0.0737277" r7="0" r8="0.743425" r9="-0.0723502" r10="0.664893" r11="0" r12="0" r13="0" r14="0" r15="1" id="91" color_r="0.0941176" color_g="0.0705882" color_b="0.0705882" type_file="Data/Objects/Crete/CreteBlockStandard.xml">
            <parameters />
        </EnvObject>
        <EnvObject t0="70.5981" t1="-5.86219" t2="57.5301" s0="0.646797" s1="0.242826" s2="0.320924" r0="0.648974" r1="-0.162331" r2="-0.74329" r3="0" r4="0.16171" r5="0.98408" r6="-0.0737277" r7="0" r8="0.743425" r9="-0.0723502" r10="0.664893" r11="0" r12="0" r13="0" r14="0" r15="1" id="92" color_r="0.0941176" color_g="0.0705882" color_b="0.0705882" type_file="Data/Objects/Crete/CreteBlockStandard.xml">
            <parameters />
        </EnvObject>
        <EnvObject t0="70.9642" t1="-7.87246" t2="56.8984" s0="0.39992" s1="0.618284" s2="0.298122" r0="0.642883" r1="0.351456" r2="-0.680572" r3="0" r4="-0.184441" r5="0.933404" r6="0.307795" r7="0" r8="0.743425" r9="-0.0723502" r10="0.664893" r11="0" r12="0" r13="0" r14="0" r15="1" id="93" color_r="0.0941176" color_g="0.0705882" color_b="0.0705882" type_file="Data/Objects/Crete/CreteBlockStandard.xml">
            <parameters />
        </EnvObject>
        <EnvObject t0="67.4856" t1="-5.32157" t2="57.1575" s0="0.493246" s1="1.09132" s2="0.44597" r0="0.648974" r1="-0.162331" r2="-0.74329" r3="0" r4="0.743425" r5="-0.0723479" r6="0.664891" r7="0" r8="-0.16171" r9="-0.984078" r10="0.0737301" r11="0" r12="0" r13="0" r14="0" r15="1" id="94" color_r="0.0941176" color_g="0.0705882" color_b="0.0705882" type_file="Data/Objects/Crete/CreteBlockStandard.xml">
            <parameters />
        </EnvObject>
        <EnvObject t0="68.4767" t1="-3.53392" t2="56.1468" s0="0.289375" s1="0.557381" s2="0.250597" r0="0.481174" r1="-0.632621" r2="-0.606844" r3="0" r4="0.46453" r5="0.771074" r6="-0.435495" r7="0" r8="0.743425" r9="-0.0723499" r10="0.664893" r11="0" r12="0" r13="0" r14="0" r15="1" id="95" color_r="0.0941176" color_g="0.0705882" color_b="0.0705882" type_file="Data/Objects/Crete/CreteBlockStandard.xml">
            <parameters />
        </EnvObject>
        <EnvObject t0="70.8182" t1="-4.76454" t2="57.7812" s0="0.882226" s1="0.534715" s2="0.184524" r0="0.648974" r1="-0.162331" r2="-0.74329" r3="0" r4="0.16171" r5="0.98408" r6="-0.0737279" r7="0" r8="0.743426" r9="-0.07235" r10="0.664893" r11="0" r12="0" r13="0" r14="0" r15="1" id="96" color_r="0.0941176" color_g="0.0705882" color_b="0.0705882" type_file="Data/Objects/Crete/CreteBlockStandard.xml">
            <parameters />
        </EnvObject>
        <EnvObject t0="66.5833" t1="-4.3524" t2="53.9937" s0="0.882226" s1="0.534715" s2="0.184524" r0="0.648974" r1="-0.162331" r2="-0.74329" r3="0" r4="0.16171" r5="0.98408" r6="-0.0737279" r7="0" r8="0.743426" r9="-0.07235" r10="0.664893" r11="0" r12="0" r13="0" r14="0" r15="1" id="97" color_r="0.0941176" color_g="0.0705882" color_b="0.0705882" type_file="Data/Objects/Crete/CreteBlockStandard.xml">
            <parameters />
        </EnvObject>
        <EnvObject t0="70.097" t1="-1.91609" t2="54.5512" s0="1.41684" s1="1.11503" s2="0.714114" r0="0.648974" r1="-0.162331" r2="-0.74329" r3="0" r4="0.743425" r5="-0.072348" r6="0.664891" r7="0" r8="-0.16171" r9="-0.984078" r10="0.0737297" r11="0" r12="0" r13="0" r14="0" r15="1" id="98" color_r="0.0941176" color_g="0.0705882" color_b="0.0705882" type_file="Data/Objects/Crete/CreteBlockStandard.xml">
            <parameters />
        </EnvObject>
        <EnvObject t0="71.1616" t1="-4.1641" t2="53.0349" s0="0.972725" s1="1.08961" s2="1.33158" r0="0.648974" r1="-0.162331" r2="-0.74329" r3="0" r4="0.743425" r5="-0.0723483" r6="0.664891" r7="0" r8="-0.16171" r9="-0.984078" r10="0.0737295" r11="0" r12="0" r13="0" r14="0" r15="1" id="99" color_r="0.0941176" color_g="0.0705882" color_b="0.0705882" type_file="Data/Objects/Crete/CreteBlockStandard.xml">
            <parameters />
        </EnvObject>
        <EnvObject t0="68.3635" t1="-3.84517" t2="56.288" s0="0.272261" s1="0.328761" s2="0.184524" r0="0.648974" r1="-0.162331" r2="-0.74329" r3="0" r4="0.16171" r5="0.98408" r6="-0.0737279" r7="0" r8="0.743426" r9="-0.07235" r10="0.664893" r11="0" r12="0" r13="0" r14="0" r15="1" id="100" color_r="0.0941176" color_g="0.0705882" color_b="0.0705882" type_file="Data/Objects/Crete/CreteBlockStandard.xml">
            <parameters />
        </EnvObject>
        <EnvObject t0="72.1721" t1="-2.0336" t2="52.2026" s0="0.364319" s1="1.0529" s2="0.371513" r0="0.452549" r1="0.786409" r2="-0.420426" r3="0" r4="0.743425" r5="-0.0723483" r6="0.664891" r7="0" r8="0.492459" r9="-0.61345" r10="-0.617378" r11="0" r12="0" r13="0" r14="0" r15="1" id="101" color_r="0.0941176" color_g="0.0705882" color_b="0.0705882" type_file="Data/Objects/Crete/CreteBlockStandard.xml">
            <parameters />
        </EnvObject>
        <EnvObject t0="72.2987" t1="-8.23738" t2="51.7794" s0="0.535871" s1="0.535871" s2="0.535871" r0="0.642883" r1="0.351456" r2="-0.680572" r3="0" r4="-0.184441" r5="0.933404" r6="0.307795" r7="0" r8="0.743425" r9="-0.07235" r10="0.664893" r11="0" r12="0" r13="0" r14="0" r15="1" id="102" color_r="0.0941176" color_g="0.0705882" color_b="0.0705882" type_file="Data/Objects/Crete/CreteBlockStandard.xml">
            <parameters />
        </EnvObject>
        <EnvObject t0="72.9369" t1="-11.4668" t2="50.7144" s0="0.535871" s1="0.535871" s2="0.535871" r0="0.642883" r1="0.351456" r2="-0.680572" r3="0" r4="-0.184441" r5="0.933404" r6="0.307795" r7="0" r8="0.743425" r9="-0.07235" r10="0.664893" r11="0" r12="0" r13="0" r14="0" r15="1" id="103" color_r="0.0941176" color_g="0.0705882" color_b="0.0705882" type_file="Data/Objects/Crete/CreteBlockStandard.xml">
            <parameters />
        </EnvObject>
        <EnvObject t0="72.6991" t1="-9.9926" t2="51.2367" s0="0.66294" s1="0.521938" s2="0.301964" r0="0.642883" r1="0.351456" r2="-0.680572" r3="0" r4="0.743426" r5="-0.0723483" r6="0.664891" r7="0" r8="0.184441" r9="-0.933402" r10="-0.307793" r11="0" r12="0" r13="0" r14="0" r15="1" id="104" color_r="0.0941176" color_g="0.0705882" color_b="0.0705882" type_file="Data/Objects/Crete/CreteBlockStandard.xml">
            <parameters />
        </EnvObject>
        <EnvObject t0="73.3641" t1="-13.358" t2="50.127" s0="0.66294" s1="0.521938" s2="0.301964" r0="0.642883" r1="0.351456" r2="-0.680572" r3="0" r4="0.743426" r5="-0.0723483" r6="0.664891" r7="0" r8="0.184441" r9="-0.933402" r10="-0.307793" r11="0" r12="0" r13="0" r14="0" r15="1" id="105" color_r="0.0941176" color_g="0.0705882" color_b="0.0705882" type_file="Data/Objects/Crete/CreteBlockStandard.xml">
            <parameters />
        </EnvObject>
        <EnvObject t0="65.0068" t1="-7.6941" t2="56.0659" s0="0.15225" s1="0.15225" s2="0.15225" r0="0.648974" r1="-0.162331" r2="-0.74329" r3="0" r4="0.16171" r5="0.98408" r6="-0.0737279" r7="0" r8="0.743426" r9="-0.07235" r10="0.664893" r11="0" r12="0" r13="0" r14="0" r15="1" id="106" color_r="0.0941176" color_g="0.0705882" color_b="0.0705882" type_file="Data/Objects/Crete/CreteBlockStandard.xml">
            <parameters />
        </EnvObject>
        <EnvObject t0="65.8289" t1="-7.7741" t2="56.8011" s0="0.15225" s1="0.15225" s2="0.15225" r0="0.648974" r1="-0.162331" r2="-0.74329" r3="0" r4="0.16171" r5="0.98408" r6="-0.0737279" r7="0" r8="0.743426" r9="-0.07235" r10="0.664893" r11="0" r12="0" r13="0" r14="0" r15="1" id="107" color_r="0.0941176" color_g="0.0705882" color_b="0.0705882" type_file="Data/Objects/Crete/CreteBlockStandard.xml">
            <parameters />
        </EnvObject>
        <EnvObject t0="66.8089" t1="-7.86948" t2="57.6776" s0="0.15225" s1="0.15225" s2="0.15225" r0="0.648974" r1="-0.162331" r2="-0.74329" r3="0" r4="0.16171" r5="0.98408" r6="-0.0737279" r7="0" r8="0.743426" r9="-0.07235" r10="0.664893" r11="0" r12="0" r13="0" r14="0" r15="1" id="108" color_r="0.0941176" color_g="0.0705882" color_b="0.0705882" type_file="Data/Objects/Crete/CreteBlockStandard.xml">
            <parameters />
        </EnvObject>
        <EnvObject t0="67.7965" t1="-7.96558" t2="58.5608" s0="0.15225" s1="0.15225" s2="0.15225" r0="0.648974" r1="-0.162331" r2="-0.74329" r3="0" r4="0.16171" r5="0.98408" r6="-0.0737279" r7="0" r8="0.743426" r9="-0.07235" r10="0.664893" r11="0" r12="0" r13="0" r14="0" r15="1" id="109" color_r="0.0941176" color_g="0.0705882" color_b="0.0705882" type_file="Data/Objects/Crete/CreteBlockStandard.xml">
            <parameters />
        </EnvObject>
        <EnvObject t0="68.5488" t1="-8.0388" t2="59.2337" s0="0.15225" s1="0.15225" s2="0.15225" r0="0.648974" r1="-0.162331" r2="-0.74329" r3="0" r4="0.16171" r5="0.98408" r6="-0.0737279" r7="0" r8="0.743426" r9="-0.07235" r10="0.664893" r11="0" r12="0" r13="0" r14="0" r15="1" id="110" color_r="0.0941176" color_g="0.0705882" color_b="0.0705882" type_file="Data/Objects/Crete/CreteBlockStandard.xml">
            <parameters />
        </EnvObject>
        <EnvObject t0="65.2281" t1="-6.34743" t2="55.965" s0="0.15225" s1="0.15225" s2="0.15225" r0="0.648974" r1="-0.162331" r2="-0.74329" r3="0" r4="0.16171" r5="0.98408" r6="-0.0737279" r7="0" r8="0.743426" r9="-0.07235" r10="0.664893" r11="0" r12="0" r13="0" r14="0" r15="1" id="111" color_r="0.0941176" color_g="0.0705882" color_b="0.0705882" type_file="Data/Objects/Crete/CreteBlockStandard.xml">
            <parameters />
        </EnvObject>
        <EnvObject t0="66.0502" t1="-6.42743" t2="56.7002" s0="0.15225" s1="0.15225" s2="0.15225" r0="0.648974" r1="-0.162331" r2="-0.74329" r3="0" r4="0.16171" r5="0.98408" r6="-0.0737279" r7="0" r8="0.743426" r9="-0.07235" r10="0.664893" r11="0" r12="0" r13="0" r14="0" r15="1" id="112" color_r="0.0941176" color_g="0.0705882" color_b="0.0705882" type_file="Data/Objects/Crete/CreteBlockStandard.xml">
            <parameters />
        </EnvObject>
        <EnvObject t0="67.0302" t1="-6.5228" t2="57.5767" s0="0.15225" s1="0.15225" s2="0.15225" r0="0.648974" r1="-0.162331" r2="-0.74329" r3="0" r4="0.16171" r5="0.98408" r6="-0.0737279" r7="0" r8="0.743426" r9="-0.07235" r10="0.664893" r11="0" r12="0" r13="0" r14="0" r15="1" id="113" color_r="0.0941176" color_g="0.0705882" color_b="0.0705882" type_file="Data/Objects/Crete/CreteBlockStandard.xml">
            <parameters />
        </EnvObject>
        <EnvObject t0="68.0177" t1="-6.61891" t2="58.4599" s0="0.15225" s1="0.15225" s2="0.15225" r0="0.648974" r1="-0.162331" r2="-0.74329" r3="0" r4="0.16171" r5="0.98408" r6="-0.0737279" r7="0" r8="0.743426" r9="-0.07235" r10="0.664893" r11="0" r12="0" r13="0" r14="0" r15="1" id="114" color_r="0.0941176" color_g="0.0705882" color_b="0.0705882" type_file="Data/Objects/Crete/CreteBlockStandard.xml">
            <parameters />
        </EnvObject>
        <EnvObject t0="68.7701" t1="-6.69213" t2="59.1328" s0="0.15225" s1="0.15225" s2="0.15225" r0="0.648974" r1="-0.162331" r2="-0.74329" r3="0" r4="0.16171" r5="0.98408" r6="-0.0737279" r7="0" r8="0.743426" r9="-0.07235" r10="0.664893" r11="0" r12="0" r13="0" r14="0" r15="1" id="115" color_r="0.0941176" color_g="0.0705882" color_b="0.0705882" type_file="Data/Objects/Crete/CreteBlockStandard.xml">
            <parameters />
        </EnvObject>
